119,9768,12971,
126,9742,13010,
148,9740,13045,
90,9692,13041,
74,9753,13090,
6,9743,13040,
38,9713,12969,
87,9745,13053,
50,9717,13091,
66,9722,13068,
68,9805,13135,
54,9684,13149,
57,9697,13215,
88,9755,13188,
112,9741,13112,
106,9711,13125,
116,9708,13054,
124,9781,13039,
97,9785,13071,
103,9795,13075,
57,9807,13042,
56,9792,13014,
29,9851,12989,
7,9778,13013,
15,9833,13095,
11,9904,13040,
7,9833,12978,
-17,9860,13012,
46,9799,13076,
24,9746,13055,
71,9706,12962,
51,9686,13050,
67,9688,12999,
13,9704,13003,
70,9798,13013,
49,9804,13065,
21,9836,13056,
58,9831,13032,
30,9917,13117,
34,9928,13039,
18,9950,12949,
-25,9911,12884,
-6,9960,12983,
46,9854,13032,
28,9768,13024,
15,9818,12996,
-6,9797,13038,
6,9793,13033,
17,9821,13052,
3,9850,12980,
37,9818,12911,
38,9813,13057,
80,9736,13099,
89,9723,13074,
109,9670,12976,
154,9704,13003,
189,9715,13049,
134,9796,13070,
-6,9792,13044,
14,9877,13026,
159,9709,12889,
867,9298,13281,
-312,9991,13365,
-44,9702,13067,
-71,9879,13047,
-72,9784,13031,
-113,9678,13035,
-55,9784,13010,
-86,9816,12932,
-42,9884,12981,
-89,9898,13004,
-86,9999,13052,
-81,9959,13134,
-31,9939,13205,
-96,9863,13068,
-67,9818,13072,
0,9896,13071,
-6,9900,13010,
70,9974,13003,
52,9944,13071,
88,9929,12955,
84,9904,12989,
45,9867,12942,
22,9889,12983,
39,9887,12994,
-34,9858,12954,
-2,9901,12942,
-34,9959,12947,
2,9962,12892,
-28,9973,12867,
-30,9939,12873,
-20,9975,12882,
8,10021,12900,
16,10000,12964,
140,9894,12767,
130,9853,12788,
153,9978,12760,
90,10103,12764,
91,10065,12776,
143,10176,12696,
-95,10310,12537,
-22,10303,12528,
25,10399,12587,
6666,15047,14333,
-654,11339,13661,
-213,9517,11990,
-44,10490,12870,
64,10212,12543,
-61,10315,12571,
90,10329,12626,
24,10248,12630,
24,10220,12677,
63,10188,12647,
98,10203,12590,
97,10289,12846,
53,10068,12768,
83,10058,12704,
89,10057,12804,
-7,10015,12773,
9,10056,12802,
74,10053,12868,
80,10096,12891,
103,10077,12842,
144,10098,12845,
28,10056,12803,
20,10065,12824,
-11,10143,12797,
132,10184,12648,
-172,10134,13024,
-109,10001,12891,
-102,10027,12796,
-57,10068,12698,
-36,10104,12688,
-45,10106,12735,
-26,10184,12855,
-54,10093,12829,
-85,10120,12886,
5,10129,12894,
-51,10078,12901,
-32,10052,12924,
-2,10006,12909,
21,9909,12884,
31,9875,13005,
20,9865,13124,
31,9869,13141,
51,9882,13112,
44,9868,13046,
102,9843,13091,
142,9780,13016,
163,9781,13056,
116,9774,13109,
128,9800,13076,
-12,9815,13062,
170,9843,13003,
194,9926,12953,
195,9844,13022,
211,9798,12970,
254,9916,12915,
232,9862,12887,
216,9854,12919,
295,9940,12842,
244,9861,12770,
227,9865,12801,
220,9908,12813,
234,9935,12802,
208,10000,12789,
-524,10201,12679,
-113,15456,16250,
-215,9860,11943,
404,10043,12633,
150,10387,12706,
102,9966,12589,
89,10325,12718,
68,10264,12665,
101,10192,12558,
169,9956,12869,
37,10132,12575,
46,10124,12566,
68,10148,12526,
69,10144,12499,
76,10176,12496,
88,10098,12405,
38,10101,12385,
-25,10063,12312,
-12,10041,12395,
44,10002,12578,
131,10028,12749,
31,9962,12618,
-215,10457,13368,
-232,10176,13068,
-290,10443,12938,
-279,10298,13053,
-264,10260,13117,
-237,10366,13007,
-215,10286,12881,
-221,10254,12904,
-181,10125,12957,
-206,10130,13007,
-206,10133,12991,
-198,10083,13038,
-189,10009,13004,
-193,9922,12991,
-215,9870,13072,
-203,9912,13054,
-215,9881,13010,
-212,9912,13046,
-166,9895,13061,
-186,9917,13099,
-206,9928,13150,
-169,9916,13155,
-101,9944,13101,
-102,9936,13130,
-128,9927,13033,
-6,10018,13108,
17,10059,13079,
70,9958,12955,
57,9998,12932,
46,10057,12781,
14,10122,12721,
111,10202,12639,
82,10265,12676,
66,10215,12612,
69,10242,12606,
51,10321,12532,
23,10313,12464,
-13,10342,12405,
-231,10382,12944,
-686,13945,14550,
-298,9845,11951,
1,10349,12625,
5,10544,12375,
-89,10219,12173,
-49,10457,12153,
-32,10373,12187,
-23,10433,12372,
-82,10413,12409,
-4,10614,12281,
-197,10759,12231,
-216,10677,12433,
-224,10601,12445,
-137,10685,12296,
-100,10575,12225,
-70,10542,12281,
-85,10474,12312,
-103,10493,12421,
-54,10571,12416,
-55,10570,12457,
-22,10568,12506,
-26,10573,12439,
-18,10513,12497,
-39,10514,12528,
-71,10562,12598,
-76,10513,12563,
-105,10575,12488,
-112,10617,12480,
-136,10496,12486,
-165,10497,12523,
-215,10436,12570,
-241,10454,12596,
-191,10459,12628,
-218,10400,12616,
-198,10402,12652,
-212,10414,12629,
-207,10401,12557,
-147,10344,12559,
-156,10421,12606,
-109,10397,12600,
-79,10543,12564,
-66,10541,12544,
-24,10669,12625,
-42,10606,12498,
-27,10631,12454,
-15,10673,12458,
-39,10672,12416,
-81,10766,12394,
-64,10766,12279,
-20,10718,12226,
45,10632,12180,
113,10618,12205,
92,10593,12188,
68,10548,12180,
50,10488,12231,
92,10491,12286,
57,10502,12364,
-715,645,8332,
-487,12518,12899,
55,9846,11709,
58,10892,12301,
177,10700,12333,
123,10673,12342,
34,10595,12567,
62,10336,12577,
47,10285,12560,
43,10276,12580,
83,10278,12626,
48,10263,12668,
96,10275,12638,
108,10219,12536,
131,10215,12526,
104,10159,12399,
398,10138,12343,
543,8774,12824,
-198,10416,12803,
-141,10105,12907,
-184,10269,12773,
-142,10246,12939,
-141,10064,13023,
-203,10047,12918,
-92,9999,12698,
-105,10128,12698,
-103,10177,12773,
-130,10246,12864,
-83,10483,12989,
-55,9817,12981,
-125,10163,13109,
-173,10229,12944,
-216,9965,12978,
-110,10240,13096,
-164,10265,12906,
-201,10310,12740,
-210,10397,12782,
-244,10241,12856,
-79,10579,12730,
13,10993,12453,
-196,10516,12366,
-116,10658,12496,
-63,10701,12432,
-112,10664,12365,
-205,10692,12311,
-86,10778,12300,
107,11407,12284,
5,10883,12195,
-18,10959,11940,
96,11062,12020,
145,10991,11954,
160,10873,11803,
193,10900,11894,
162,10980,11942,
147,10987,11827,
124,11027,11744,
92,11155,11728,
-25,11148,11780,
-17,11221,11246,
314,11670,11385,
166,11527,11738,
36,11283,11733,
-119,11375,11830,
1155,-1085,7180,
-546,12508,12751,
-65,11159,11927,
15,11005,12156,
-154,10739,12408,
-136,10712,12448,
-165,10694,12442,
-150,10715,12339,
-174,10629,12423,
-181,10595,12498,
-170,10613,12523,
-151,10659,12423,
-102,10677,12377,
-137,10658,12423,
-94,10662,12439,
-150,10651,12380,
-121,10661,12287,
-87,10688,12366,
-65,10714,12338,
-138,10639,12359,
-109,10621,12353,
-107,10576,12305,
-108,10553,12274,
-138,10598,12311,
-102,10689,12329,
-91,10691,12326,
-134,10749,12365,
-101,10712,12370,
-112,10643,12348,
-69,10655,12365,
-89,10629,12324,
-124,10623,12317,
-79,10626,12367,
-97,10645,12405,
-95,10608,12380,
-115,10621,12315,
-119,10596,12380,
-144,10512,12406,
-110,10890,12213,
-153,10605,12220,
-121,10581,12273,
-147,10474,12272,
-165,10658,12323,
-118,10683,12360,
-147,10679,12393,
-153,10717,12457,
-130,10666,12410,
-146,10595,12414,
-138,10638,12333,
-65,10570,12318,
-69,10615,12352,
-57,10652,12350,
-116,10615,12336,
-170,10648,12399,
-140,10677,12379,
-173,10627,12387,
-182,10659,12343,
-161,10660,12313,
-148,10713,12312,
-194,10688,12389,
-161,10640,12376,
-246,10632,12395,
-180,10619,12375,
-181,10583,12383,
-195,10598,12406,
-220,10562,12393,
-213,10556,12381,
-183,10579,12414,
-164,10638,12432,
-170,10670,12388,
-171,10705,12324,
-214,10669,12322,
-130,10673,12305,
-204,10682,12262,
-176,10710,12310,
-173,10733,12303,
-160,10767,12280,
-218,10754,12292,
-165,10684,12278,
-209,10639,12316,
-208,10674,12207,
-199,10662,12237,
-194,10657,12247,
-225,10649,12292,
-219,10620,12266,
-260,10626,12423,
-236,10649,12519,
-248,10635,12576,
-285,10644,12656,
-273,10622,12615,
-261,10582,12570,
-230,10574,12606,
-212,10556,12545,
-188,10500,12522,
-186,10594,12534,
-215,10521,12491,
-194,10565,12483,
-188,10552,12423,
-201,10615,12434,
-186,10589,12433,
-209,10619,12409,
-227,10674,12381,
-249,10677,12363,
-182,10695,12346,
-225,10684,12316,
-178,10718,12274,
-143,10760,12227,
-138,10795,12206,
-175,10730,12168,
-148,10698,12150,
-145,10715,12163,
-186,10693,12196,
-121,10760,12237,
-127,10706,12219,
-139,10683,12204,
-161,10661,12255,
-166,10645,12245,
-198,10658,12310,
-153,10654,12252,
-112,10692,12299,
-130,10641,12306,
-121,10647,12311,
-160,10625,12287,
-149,10623,12278,
-174,10642,12293,
-175,10629,12288,
-153,10678,12306,
-124,10707,12278,
-197,10699,12284,
-173,10701,12278,
-137,10741,12299,
-135,10711,12295,
-115,10663,12300,
-115,10669,12311,
-163,10659,12281,
-162,10658,12291,
-126,10660,12361,
-185,10655,12295,
-176,10657,12320,
-183,10696,12293,
-190,10633,12398,
-194,10507,12465,
-161,10553,12434,
-176,10595,12409,
-210,10589,12459,
-150,10568,12473,
-173,10565,12447,
-158,10554,12482,
-226,10547,12455,
-169,10543,12534,
-153,10522,12553,
-195,10512,12587,
-177,10524,12553,
-192,10556,12520,
-180,10582,12463,
-170,10578,12513,
-186,10592,12503,
-188,10580,12455,
-138,10641,12458,
-145,10700,12468,
-186,10734,12421,
-157,10774,12370,
-142,10735,12372,
-145,10752,12386,
-212,10714,12397,
-225,10697,12407,
-209,10752,12350,
-215,10797,12329,
-184,10877,12329,
-163,10832,12249,
-228,10799,12306,
-219,10785,12215,
-205,10825,12248,
-243,10893,12309,
-317,10757,12282,
-294,10706,12165,
-237,10859,12106,
-333,10726,11879,
-355,10616,11779,
-366,10960,12082,
-313,11142,12082,
-571,11304,11896,
7545,13380,11529,
-417,11037,12479,
-435,11466,11861,
40,11310,11945,
-523,11312,11697,
-636,11660,12054,
-596,11697,12261,
-346,11643,12018,
-371,11630,12166,
-518,11561,11996,
-640,11762,12461,
-502,11694,12682,
-533,11657,12129,
-399,11364,11878,
-402,11243,11844,
-263,11237,11679,
-191,11120,11583,
-397,11389,7654,
-1248,11063,13222,
-561,10517,13299,
-504,10597,11210,
688,12855,12597,
195,11195,12233,
-318,9104,11236,
692,11235,11613,
130,10410,11926,
-203,10529,11713,
149,11196,12217,
95,11289,12448,
-140,10479,12140,
-83,10787,11780,
247,11080,12125,
269,10865,12156,
201,10619,12002,
301,10589,11988,
302,10717,12034,
346,10840,12058,
291,10887,12095,
131,10791,12093,
2249,12036,12464,
457,10467,11767,
144,9783,12139,
574,9367,8190,
-161,9474,12222,
730,10437,11305,
659,10586,11688,
434,10682,12008,
484,10766,12003,
376,10788,12048,
388,10874,12091,
358,10938,11957,
343,10949,11846,
302,10987,11752,
299,11034,11778,
256,11150,11736,
168,11191,11752,
145,11246,11734,
116,11203,11738,
52,11195,11727,
9,11235,11819,
-147,11931,12114,
-137,11434,12325,
-40,11328,12067,
5,11476,12687,
4,11332,12145,
-178,11257,12146,
-34,11209,12188,
136,11020,11926,
-21,11144,12237,
220,10997,11927,
235,10278,11939,
404,10913,12587,
214,10671,12143,
444,10805,12027,
401,10841,12306,
397,10896,12041,
193,11068,12275,
391,10757,12489,
301,10947,12482,
289,10895,12356,
283,10953,12396,
197,10969,12355,
1128,10215,13423,
423,10890,12155,
510,10830,12185,
343,11023,12075,
405,10854,11920,
402,10886,11982,
420,10893,11916,
280,10975,11838,
364,10959,11966,
161,10989,12090,
276,10967,11955,
251,10946,11883,
299,11040,11894,
307,11025,12002,
265,11061,11966,
333,11123,11966,
268,10841,12034,
270,10640,11746,
190,10659,11827,
268,11035,11996,
75,10980,11987,
166,10999,12070,
268,10950,11977,
218,10705,11803,
236,10758,11798,
210,10877,11889,
153,11068,12090,
25,11330,12155,
-566,11447,11827,
21,11292,12088,
19,11344,12093,
34,10944,12068,
117,10989,12261,
-178,11079,12160,
-76,11116,11955,
26,10924,12142,
153,11314,12719,
118,10905,12230,
254,10896,12174,
155,10814,12318,
216,10737,12393,
328,10724,12368,
361,10940,12600,
153,10452,12440,
582,10965,11984,
-873,9692,12732,
876,10608,11835,
842,10929,12652,
-62,10311,11350,
863,10934,12420,
478,10765,12287,
409,10949,12289,
386,10877,12320,
398,10817,12271,
358,10761,12254,
404,10718,12232,
397,10734,12084,
305,10853,12110,
310,10903,12068,
370,10846,12008,
37,10736,11826,
363,10897,12009,
335,10984,11992,
295,11001,11954,
394,11080,12021,
325,10990,12025,
296,10877,12152,
524,10958,12247,
456,10887,12214,
287,10878,12221,
350,10905,12207,
390,10742,12192,
502,10798,12205,
356,10880,12289,
481,10757,12382,
508,10767,12441,
427,10701,12234,
333,10504,12197,
355,10547,12307,
438,10577,12390,
462,10658,12371,
396,10741,12413,
126,10743,12425,
254,10824,12446,
496,11477,12986,
253,10821,12269,
-472,10018,12127,
13,10305,12237,
394,11210,12775,
97,11002,12604,
256,10685,12676,
546,10782,12539,
1306,10967,13337,
503,10469,12759,
568,10719,12269,
70,10643,12289,
712,10970,12190,
946,10864,12523,
745,10762,12411,
518,10558,12229,
815,10755,12201,
620,10638,12233,
365,10468,12132,
271,10498,12338,
869,10715,12451,
531,10616,12355,
338,10483,12270,
661,10569,12299,
481,10560,12160,
523,10562,11951,
541,10590,11930,
507,10651,12029,
534,10771,12100,
462,10817,12065,
348,10818,12089,
434,10712,12161,
449,10686,12243,
379,10708,12195,
407,10750,12141,
430,10873,12142,
444,10934,12190,
353,11285,12468,
-1410,9534,11925,
256,10108,12259,
318,10790,12527,
324,11086,12559,
226,10812,12412,
279,10758,12380,
324,10670,12352,
302,10528,12308,
283,10534,12280,
238,10629,12422,
236,10693,12454,
322,10781,12476,
254,10724,12485,
461,11087,12599,
-454,10801,11784,
248,9919,12160,
368,10536,12483,
391,10731,12469,
299,10688,12402,
238,10703,12351,
187,10686,12292,
256,10728,12414,
1867,12184,12564,
597,10651,12496,
178,10630,12496,
58,10812,12506,
129,10767,12430,
127,10838,12587,
166,10705,12557,
203,10644,12519,
232,10573,12430,
197,10500,12368,
187,10562,12284,
190,10488,12276,
195,10478,12415,
183,10420,12496,
198,10490,12451,
190,10456,12394,
324,10568,12486,
320,10631,12517,
32,10113,12259,
126,10229,12436,
176,10582,12524,
156,10705,12467,
38,10630,12500,
51,10527,12569,
-19,10366,12549,
69,10458,12574,
40,10576,12636,
48,10555,12583,
97,10695,12530,
98,10737,12396,
155,10665,12347,
170,10603,12260,
192,10618,12255,
43,10513,12309,
67,10612,12403,
83,10811,12528,
17,10511,12518,
18,10372,12433,
48,10448,12508,
67,10539,12466,
67,10565,12399,
8,10556,12358,
-17,10584,12424,
-69,10632,12480,
-47,10732,12485,
1,10736,12539,
31,10721,12512,
52,10659,12422,
-7,10649,12441,
62,10657,12396,
18,10651,12369,
-21,10678,12376,
16,10711,12421,
56,10761,12492,
25,10718,12420,
10,10690,12435,
2,10749,12419,
29,10721,12518,
62,10829,12559,
20,10789,12484,
19,10730,12369,
-4,10675,12318,
19,10600,12236,
17,10631,12237,
5,10625,12249,
-23,10641,12274,
-13,10639,12380,
-45,10592,12437,
30,10662,12474,
55,10628,12509,
167,10535,12526,
73,10562,12546,
67,10452,12630,
110,10479,12714,
-5,10478,12760,
-108,10432,12597,
-64,10465,12667,
65,10467,12841,
389,10576,12685,
31,10477,12486,
-168,9944,12418,
-379,9842,12623,
-222,10595,12872,
-79,10596,12805,
-161,10335,12460,
219,10312,12527,
234,9903,12806,
-24,9955,12698,
-310,10226,12507,
-38,10387,12376,
-181,10470,12590,
18,10740,12835,
107,10597,12577,
141,10262,12492,
99,10121,12431,
5,10197,12583,
89,10452,12467,
153,10406,12326,
244,10548,12685,
172,10503,12767,
260,10536,12674,
141,10393,12512,
231,10532,12448,
302,10535,12480,
101,11362,12331,
-122,10607,11507,
156,10581,11791,
122,10832,11942,
-96,10783,11946,
-282,10204,11966,
-281,10320,12306,
-163,10651,12402,
-297,10460,12362,
-170,10158,13389,
-171,9957,14697,
-202,9781,13254,
-278,9609,12759,
-142,8877,12560,
-500,9095,13561,
-319,8729,13675,
-460,8668,14182,
-314,8535,14039,
-419,8182,14622,
-399,8234,14097,
-355,8021,14630,
-319,7780,14765,
-471,7627,15045,
-612,6913,14300,
-398,7271,14698,
-320,7204,14996,
-419,6816,15195,
-344,7018,15420,
-319,7256,15587,
-510,7203,15692,
-561,7232,15687,
-512,7541,15709,
-495,7668,15432,
-476,7282,14316,
-276,8159,14553,
46,8267,14471,
72,8175,14354,
75,8200,14284,
75,8134,14159,
248,8203,14092,
282,8256,14012,
135,8370,13816,
-28,8173,13820,
150,8505,13261,
68,8541,13404,
533,10591,15489,
-721,7935,12669,
47,9344,12839,
-97,8890,12795,
164,8812,13367,
45,9029,13203,
82,9030,13153,
205,9117,13333,
97,9149,13511,
172,9283,13554,
-110,9845,12811,
59,6718,14470,
-171,6624,14264,
-253,6574,14199,
-30,6911,14463,
20,6998,14724,
-52,6843,15077,
50,6684,14952,
-46,6557,14864,
-14,6477,15189,
11,6645,15185,
-52,6056,15244,
-125,6522,15513,
-123,6654,14662,
-232,6452,15160,
-142,6433,14885,
-195,6613,14499,
-252,6434,14632,
-9,6353,14945,
-190,6118,14592,
-64,6131,14698,
38,6367,15099,
-75,6168,14857,
-14,5950,15273,
-190,5952,14961,
-145,6194,14893,
-305,6009,15287,
-184,6199,15492,
-227,6184,14734,
-267,6067,14656,
-200,6166,14647,
-347,6071,14780,
-233,6129,14882,
-313,6111,15252,
-576,6217,15265,
-658,6098,15194,
-656,6200,15401,
-836,5906,15539,
-856,5934,15415,
-689,5841,15533,
-603,5679,15460,
-746,5609,15589,
-762,5637,15747,
-816,5818,15627,
-795,5980,15751,
-1021,5853,16308,
-906,6107,15748,
-1057,6132,16208,
-984,5646,16328,
-868,5462,16071,
-917,5664,15861,
-1067,5927,16183,
-1226,5895,16274,
-1289,5830,16425,
-1276,5663,16850,
-1327,5766,17211,
-1582,5945,17839,
-1872,6411,18074,
-2043,6645,18359,
-1859,7078,17897,
-2099,7004,17711,
-1934,7190,16759,
-1765,6924,16121,
32764,3963,32764,
14195,32764,-29575,
-19939,4658,-32764,
-4191,3411,-6642,
4217,14986,30263,
-1955,12418,26049,
-2596,8845,32425,
-1113,5713,26403,
-656,3585,32021,
-799,5152,25640,
-2511,6547,27607,
-1671,11384,27581,
-2739,11002,25630,
-2952,10985,24767,
-6401,8870,12523,
-3518,10986,14737,
-2660,8601,12051,
-1623,6938,11466,
-202,8082,8856,
813,8819,7428,
435,7217,7542,
4,7813,8731,
-966,8640,12017,
-1869,9486,14193,
-2417,9051,15486,
-2776,8498,16252,
-2864,8356,16326,
-2777,8823,16123,
-2820,9146,16004,
-2781,9361,15988,
-2625,8975,16171,
-2711,9642,15285,
-2434,10006,14130,
-2191,10218,13453,
-1834,10095,12248,
-1411,10198,11678,
-1317,10176,11477,
-1144,10154,11158,
-1054,10203,11086,
-860,9940,11415,
-700,9812,11523,
-632,9598,11939,
-523,9426,12285,
-683,9281,12768,
-219,9303,12635,
-284,9131,13045,
-258,9239,13106,
-338,9062,13268,
-261,8917,13753,
-144,8849,13794,
-136,8648,13659,
-35,8464,13384,
14,8278,13504,
35,8245,13340,
133,8055,13517,
63,7990,13548,
153,7883,13731,
92,7976,13554,
-6,8275,13890,
-252,7588,14228,
-335,7934,14212,
-306,8011,14273,
-337,7795,14265,
-364,7554,14233,
-301,7718,14385,
-314,7696,14042,
-353,7512,14486,
-436,7198,14351,
-150,7361,14248,
-119,7377,14144,
-187,7457,14160,
-188,7588,14299,
-353,7548,14351,
-402,7561,14378,
-413,7564,14454,
-387,7495,14441,
-369,7467,14573,
-406,7468,14659,
-430,7647,14591,
-569,7525,14624,
-492,7679,14535,
-462,7523,14512,
-486,7608,14512,
-278,7749,14471,
-429,7680,14466,
-299,7804,14376,
-371,7498,14439,
-275,7379,14449,
-274,7297,14508,
-132,7322,14560,
-149,7288,14541,
34,7316,14393,
19,7304,14317,
-11,7390,14320,
-18,7449,14357,
25,7501,14551,
4,7422,14560,
16,7360,14481,
-138,7199,14518,
-99,7225,14408,
8,6924,14569,
25,6562,14667,
-44,6553,14738,
-62,6443,14651,
-93,6271,14731,
81,6115,14812,
204,6206,14812,
158,6002,14621,
188,5944,14557,
245,6152,14314,
138,6327,14306,
-23,6505,14344,
-125,6585,14473,
-217,6532,14606,
-225,6568,14760,
-300,6414,14870,
-458,6599,15183,
-585,6942,15563,
-702,7226,15799,
-845,7369,15958,
-891,7364,15899,
-905,7067,15824,
-890,6941,15704,
-806,6793,15567,
-859,6628,15450,
-806,6408,15362,
-755,6185,15180,
-732,6009,15063,
-645,5877,15032,
-653,5863,14941,
-767,5772,14946,
-734,5829,14999,
-718,5947,15063,
-780,6065,15205,
-796,6152,15206,
-812,6164,15303,
-786,6130,15206,
-794,6121,15217,
-738,6197,15258,
-757,6149,15187,
-702,6088,15305,
-590,6188,15235,
-522,6012,15141,
-486,5951,15185,
-321,6044,15091,
-365,5902,14930,
-226,5777,14717,
-153,5773,14715,
-210,5810,14889,
-207,5848,14941,
-179,5772,15010,
-216,5851,15092,
-134,5863,15194,
-254,5793,15278,
-323,5885,15318,
-384,6026,15459,
-292,5979,15371,
-270,6111,15219,
-236,6052,15122,
-231,5971,14979,
-275,6007,14852,
-264,6087,14641,
-326,5988,14551,
-302,6001,14592,
-178,6112,14697,
-391,6093,14735,
-417,5959,14905,
-329,5882,15003,
-498,5684,15344,
-611,5878,15326,
-602,6041,15413,
-758,5957,15624,
-854,5895,15509,
-630,5872,15513,
-702,5667,15372,
-770,5549,15402,
-729,5515,15328,
-781,5570,15479,
-965,5355,15614,
-828,5641,15700,
-934,5618,15709,
-954,5766,15544,
-1024,5806,15714,
-1056,5977,15840,
-1078,6064,15926,
-1075,6046,15904,
-1007,6053,15829,
-945,6007,15718,
-873,6019,15622,
-854,6002,15572,
-878,6031,15512,
-818,6043,15464,
-761,5931,15464,
-730,5898,15432,
-650,5888,15385,
-580,5809,15317,
-462,5728,15310,
-432,5601,15195,
-283,5623,14915,
-158,5517,14857,
-175,5486,14967,
-180,5437,14937,
-180,5423,14875,
-116,5387,14879,
-111,5485,14742,
-228,5296,14755,
-178,5354,14657,
-252,5575,14868,
-358,5535,14945,
-429,5613,15208,
-544,5540,15213,
-633,5671,15385,
-622,5643,15400,
-632,5695,15394,
-714,5692,15336,
-794,5697,15326,
-828,5822,14930,
-1309,6552,12968,
-713,5951,17559,
-908,4627,16161,
-801,4894,15429,
-886,5876,15922,
-1092,5708,16136,
-1197,5438,15801,
-1389,5594,15728,
-1836,5778,16799,
-1116,6099,16720,
-1548,5796,16200,
-1584,5480,15943,
-1478,5648,15647,
-1529,5376,15519,
-1370,5305,15184,
-1190,5254,14858,
-1047,4822,14880,
-1100,4764,14499,
1664,5828,-32764,
32764,32764,21257,
-4159,32698,-24504,
-3558,2393,14491,
-1656,9920,14006,
-6871,10612,25256,
-5786,9403,29409,
-4722,6633,31014,
-4913,4569,28658,
-6420,7172,27742,
-5661,8144,27726,
-5689,9019,24753,
-4921,7715,23752,
-4096,6456,20609,
-3764,6308,18022,
-3858,5190,12604,
-2073,7896,14985,
1001,6078,10637,
-98,5698,7293,
26,7451,7619,
-349,8563,9490,
-782,8844,11105,
-970,7922,12951,
-1642,6124,14305,
-2285,6584,15768,
-2481,6328,15683,
-2695,5711,16814,
-3098,5585,17683,
-3063,5582,18566,
-3079,5456,18632,
-3173,5352,18414,
-3017,5301,17558,
-2660,5498,16753,
-2332,5833,15656,
-1941,6052,14739,
-1650,6451,13871,
-1644,6887,13664,
-1404,7121,13503,
-1112,7267,13505,
-965,7393,13568,
-784,7232,13681,
-920,7055,14212,
-880,7009,14622,
-945,6805,14963,
-1019,6397,15235,
-928,6150,15295,
-908,5817,15374,
-808,5575,15214,
-765,5654,15204,
-706,5600,15146,
-663,5497,14910,
-693,5471,14820,
-731,5179,14985,
-341,5395,14896,
-438,5496,14463,
-520,5636,14346,
-691,5630,14855,
-606,5661,15138,
-862,5376,15401,
-858,5372,15500,
-889,5221,15469,
-874,5196,15386,
-842,5157,15226,
-872,5165,15185,
-891,5162,15163,
-818,5128,15025,
-868,5186,15109,
-934,5159,15090,
-873,5097,15077,
-974,5095,15155,
-1055,5154,15361,
-1159,5165,15513,
-1202,5277,15623,
-1245,5275,15597,
-1112,5312,15492,
-1198,5088,15517,
-1047,4911,15396,
-1200,4686,15286,
-951,5016,15496,
-1088,5091,15563,
-1044,5212,15781,
-1034,5223,15933,
-1168,4888,15751,
-1028,4726,15634,
-756,4758,15507,
-655,4575,15448,
-497,4495,15189,
-474,4290,15057,
-235,4290,14930,
-214,4323,14883,
-148,4455,14993,
-294,4530,15027,
-360,4615,15126,
-560,4879,15264,
-613,4969,15307,
-764,5006,15316,
-1023,5058,15506,
-1088,5303,15708,
-1090,5338,15765,
-1223,5282,15611,
-1323,5366,15610,
-1470,5545,15627,
-1545,5650,15778,
-1597,5650,15777,
-1695,5739,15731,
-1678,5671,15727,
-1764,5615,15587,
-1762,5482,15386,
-1600,5544,15426,
-1647,5503,15496,
-1700,5401,15617,
-1760,5266,15696,
-1616,5184,15838,
-1747,5176,15802,
-1646,5265,15855,
-1683,5290,15959,
-1643,5247,15971,
-1606,5032,15845,
-1642,5021,15824,
-1390,5025,15755,
-1481,4737,15777,
-1316,4717,15690,
-1451,4359,15434,
-1089,4817,15400,
-1189,4686,15374,
-1121,4488,15328,
-910,4751,15481,
-1133,4593,15388,
-920,4581,15448,
-962,4707,15536,
-1128,4667,15597,
-1041,4690,15688,
-1241,4472,15721,
-1089,4586,15488,
-1107,4479,15474,
-1197,4415,15287,
-1141,4324,14963,
-888,4594,15018,
-1043,4381,15046,
-1101,4268,15039,
-926,4476,15001,
-1002,4406,14867,
-943,4452,15123,
-1096,4737,15104,
-1176,4853,15373,
-1196,5067,15424,
-1303,4825,15499,
-1230,4855,15524,
-1536,4422,15711,
-1276,5372,15441,
-1450,4827,15497,
-1541,5384,15405,
-1581,5155,15361,
-1351,5296,15394,
-1494,5099,15640,
-1602,5074,15527,
-1475,5480,15530,
-1763,5563,15866,
-1910,5442,15802,
-1843,5763,16150,
-2015,5455,16051,
-2246,5582,15792,
-1933,5241,15627,
-1834,5164,15623,
-1691,5039,15629,
-1585,5056,15607,
-1516,5182,15564,
-1361,5034,15579,
-1362,5058,15506,
-1381,5043,15570,
-1381,5102,15709,
-1402,5135,15804,
-1463,5165,15912,
-1495,5141,15991,
-1505,5121,15942,
-1492,5132,15889,
-1471,5096,15695,
-1396,5118,15568,
-1229,5147,15529,
-1255,5205,15487,
-1285,5250,15503,
-1262,5198,15473,
-1259,5133,15429,
-1247,5085,15401,
-1182,4994,15300,
-1179,4923,15153,
-1135,4833,15003,
-1142,4872,15021,
-1101,4861,15057,
-1097,4890,15168,
-1143,4993,15223,
-1180,5064,15371,
-1221,5046,15495,
-1164,5124,15545,
-1237,4941,15398,
-1299,4930,15456,
-1204,4977,15537,
-1267,4955,15417,
-1260,4898,15309,
-1201,4912,15197,
-1229,4937,15235,
-1279,4851,15275,
-1310,4887,15386,
-1340,4839,15320,
-1311,4862,15250,
-1271,4961,15087,
-1286,4958,14790,
-1117,4817,15346,
-1356,4949,15343,
-1057,4858,16034,
-1721,4798,15859,
-1513,4832,16051,
-1624,4916,16507,
-1747,4868,16929,
-1950,4667,17189,
-2219,4558,17346,
-2323,4899,17580,
-2451,4883,17725,
-2369,4593,17608,
-2345,4567,17404,
-2305,4645,17134,
-2395,4694,16646,
675,-5957,-5737,
21102,32764,-32764,
-7239,12991,15453,
-5743,3686,-9842,
4164,6445,28720,
-6087,4031,14972,
-3277,982,29349,
-1080,-3342,29565,
-3469,-4090,29964,
-3609,-4497,28880,
-4314,-3733,27814,
-5860,-4010,27840,
-4993,-4346,26629,
-6585,-4426,24446,
-5675,-2831,21233,
-4583,-1943,18638,
-3745,-595,13753,
-1842,1185,12344,
-575,2814,11614,
-64,4342,11181,
-310,4921,11171,
-1072,5152,11967,
-1619,5027,14548,
-2124,4193,15585,
-2685,3757,16976,
-3240,2973,18051,
-3164,2881,18195,
-3324,3011,18407,
-3461,3114,18538,
-3485,3228,18890,
-3553,3446,18554,
-3447,3897,18036,
-3008,4679,17339,
-2963,4517,15829,
-2477,5450,14443,
-2541,5774,12951,
-2261,6650,12529,
-1844,7013,12458,
-1470,7527,12157,
-1153,7461,12029,
-1127,7213,12228,
-1109,7216,12116,
-1049,7211,13039,
-1067,7187,13748,
-996,7090,14231,
-1130,6841,14736,
-969,6811,14826,
-866,6558,14744,
-753,6462,14601,
-695,6343,14483,
-607,6382,14455,
-743,6209,14424,
-592,6203,14353,
-667,6234,14215,
-546,6284,14126,
-710,5911,13916,
-720,5941,14165,
-718,5891,14357,
-782,5741,14643,
-848,5662,14725,
-984,5600,14926,
-988,5686,14965,
-1114,5655,15038,
-1127,5653,15078,
-1179,5567,15190,
-1289,5597,15194,
-1265,5646,15246,
-1325,5690,15355,
-1388,5631,15368,
-1469,5731,15378,
-1522,5792,15403,
-1574,5854,15580,
-1674,5848,15630,
-1788,5888,15681,
-1849,5943,15692,
-1914,5998,15750,
-1956,6044,15792,
-2039,6020,15805,
-2016,5995,15694,
-1980,5945,15557,
-2067,6077,15698,
-2084,6010,15785,
-2074,6032,15719,
-2036,6016,15654,
-1992,6028,15578,
-1987,6016,15493,
-1955,6102,15434,
-1847,6105,15460,
-1867,6055,15423,
-1724,6008,15366,
-1657,5969,15310,
-1555,6011,15240,
-1546,5997,15205,
-1546,5960,15301,
-1356,5999,15274,
-1330,5894,15117,
-1295,5898,15002,
-1216,5877,15034,
-1185,5839,15099,
-1216,5717,15190,
-1222,5813,15186,
-1205,5727,15221,
-1104,5753,15162,
-1113,5769,14990,
-1037,5747,14874,
-899,5695,14782,
-892,5796,14673,
-929,5733,14673,
-914,5659,14752,
-918,5640,14763,
-878,5652,14835,
-936,5603,14798,
-960,5701,14922,
-1024,5706,14936,
-1001,5789,14984,
-1077,5821,15009,
-1123,5848,15064,
-1122,5846,15111,
-1188,6000,15102,
-1289,6023,15073,
-1306,6058,15229,
-1363,5973,15209,
-1327,5910,15177,
-1392,5778,15113,
-1327,5835,15114,
-1359,5901,15201,
-1438,5866,15279,
-1440,5979,15383,
-1568,5981,15402,
-1540,5850,15327,
-1505,5850,15380,
-1521,5881,15357,
-1525,5864,15396,
-1575,5875,15396,
-1548,5868,15431,
-1587,5854,15516,
-1502,5833,15477,
-1518,5808,15460,
-1497,5708,15428,
-1488,5724,15445,
-1475,5858,15543,
-1464,5812,15422,
-1415,5828,15435,
-1463,5829,15337,
-1411,5718,15306,
-1317,5649,15343,
-1361,5612,15240,
-1283,5665,15244,
-1252,5645,15293,
-1256,5688,15305,
-1288,5794,15348,
-1315,5840,15398,
-1365,5836,15350,
-1389,5808,15328,
-1406,5898,15307,
-1360,5873,15289,
-1348,5833,15267,
-1386,5941,15234,
-1373,6057,15193,
-1398,6024,15164,
-1367,5997,15082,
-1338,5922,15104,
-1351,5893,15257,
-1330,5746,15131,
-1236,5754,15252,
-1256,5653,15246,
-1271,5703,15308,
-1309,5695,15245,
-1322,5769,15268,
-1268,5774,15262,
-1243,5679,15232,
-1260,5696,15184,
-1235,5733,15242,
-1256,5718,15252,
-1286,5750,15262,
-1261,5832,15276,
-1317,5786,15231,
-1307,5888,15250,
-1359,5879,15289,
-1382,5910,15258,
-1390,5940,15369,
-1401,5983,15298,
-1431,5989,15306,
-1461,5988,15290,
-1524,5985,15366,
-1509,5990,15327,
-1507,5862,15238,
-1614,5953,15386,
-1538,6049,15443,
-1575,6096,15348,
-1549,6092,15262,
-1612,6071,15358,
-1581,6093,15404,
-1596,6146,15582,
-1637,6055,15612,
-1633,6045,15626,
-1621,6026,15626,
-1644,5961,15805,
-1673,5881,15769,
-1626,5822,15858,
-1640,5703,15938,
-1590,5714,16403,
-1732,5760,16456,
-1907,6022,16659,
-2025,5897,16889,
-2006,5970,16863,
-2004,5860,16677,
-1936,5542,16531,
-1807,5349,16359,
-1687,5335,16143,
-1494,5261,15805,
-1397,5288,15626,
-1716,4917,17565,
32764,26950,32764,
29881,32764,31836,
-11236,-4612,15918,
2747,-3313,-5858,
-3068,5303,11015,
-6600,3134,17377,
-1565,-764,25493,
-1879,-1061,24871,
-3041,-621,27286,
-3000,-1055,27177,
-2640,107,28017,
-3640,312,27590,
-3780,609,22677,
-4747,14,17398,
-3768,-400,17337,
-2225,1002,14705,
-1047,2106,11423,
-156,3248,10793,
191,4372,10250,
126,5555,11111,
-438,5939,12131,
-900,5897,13598,
-1382,5414,14928,
-1777,4727,15874,
-2347,4065,16283,
-2391,3668,16850,
-2443,3529,17342,
-2601,3602,17456,
-2680,4026,17547,
-2712,4330,17329,
-2547,4723,16869,
-2344,5161,16048,
-2145,5486,15248,
-1942,5838,14417,
-1767,6174,14083,
-1679,6557,13905,
-1433,6706,13812,
-1313,6750,13653,
-1188,6576,13712,
-1147,6481,14018,
-1138,6521,14412,
-1153,6413,14784,
-1246,6240,15217,
-1205,6199,15386,
-1211,6077,15386,
-1047,5900,15277,
-943,5789,15225,
-912,5785,15103,
-899,5705,14988,
-827,5703,14868,
-757,5547,14727,
-772,5451,14483,
-718,5365,14452,
-763,5323,14561,
-873,5183,14740,
-880,5129,14973,
-975,5052,15160,
-1032,5025,15372,
-1033,5104,15496,
-1083,5009,15553,
-1130,5008,15456,
-1081,5059,15469,
-1083,5043,15509,
-1056,5056,15490,
-1134,5132,15462,
-1139,5277,15479,
-1214,5276,15571,
-1215,5287,15574,
-1284,5342,15613,
-1401,5333,15688,
-1580,5409,15840,
-1747,5647,16087,
-1700,5720,15957,
-1737,5634,15892,
-1725,5696,15817,
-1720,5699,15568,
-1811,5779,15528,
-1848,5927,15649,
-1944,5918,15729,
-1930,5922,15800,
-1957,5919,15794,
-1878,5860,15682,
-1917,5804,15518,
-1778,5675,15354,
-1667,5596,15167,
-1586,5716,15157,
-1525,5797,15162,
-1445,5735,15169,
-1409,5777,15292,
-1365,5819,15275,
-1305,5848,15317,
-1286,5834,15295,
-1258,5727,15331,
-1223,5691,15311,
-1108,5657,15249,
-983,5674,15175,
-1057,5559,15303,
-914,5592,15232,
-989,5637,15185,
-1026,5460,15176,
-978,5423,15219,
-951,5406,15224,
-922,5518,15124,
-902,5498,15147,
-881,5463,15029,
-823,5443,14957,
-763,5425,14850,
-745,5448,14720,
-758,5465,14722,
-863,5535,14875,
-942,5667,14956,
-999,5660,15065,
-1129,5683,15157,
-1233,5586,15292,
-1248,5578,15377,
-1289,5656,15371,
-1353,5610,15369,
-1375,5514,15294,
-1277,5635,15233,
-1347,5602,15202,
-1385,5543,15243,
-1396,5722,15339,
-1486,5738,15447,
-1562,5672,15635,
-1603,5732,15712,
-1619,5689,15792,
-1617,5646,15807,
-1586,5688,15708,
-1572,5642,15713,
-1486,5649,15599,
-1474,5582,15439,
-1345,5482,15367,
-1318,5571,15319,
-1332,5570,15352,
-1354,5642,15277,
-1318,5729,15545,
-1377,5635,15669,
-1343,5648,15662,
-1356,5602,15643,
-1351,5518,15517,
-1265,5619,15592,
-1339,5640,15542,
-1371,5653,15488,
-1313,5676,15439,
-1224,5728,15303,
-1161,5864,15930,
-1168,5595,15026,
-1191,5687,14985,
-1160,5761,15003,
-1228,5816,15152,
-1312,5818,15202,
-1321,5755,15288,
-1351,6000,15300,
-1306,5901,15084,
-1308,5773,14989,
-1216,5793,14912,
-1260,5754,15001,
-1272,5787,15147,
-1334,5757,15297,
-1325,5674,15390,
-1351,5753,15394,
-1402,5703,15351,
-1362,5727,15443,
-1310,5760,15265,
-1216,5737,15372,
-1286,5734,15250,
-1218,5728,15196,
-1247,5750,15241,
-1242,5765,15302,
-1339,5650,15363,
-1287,5754,15333,
-1242,5696,15392,
-1291,5614,15290,
-1225,5704,15374,
-1287,5690,15262,
-1222,5730,15213,
-1247,5715,15175,
-1128,5755,15062,
-1133,5750,14969,
-1155,5812,14943,
-1129,5865,14937,
-1128,5780,14895,
-1121,5717,14902,
-1154,5743,14904,
-1080,5781,14922,
-1091,5839,14863,
-1106,5819,14844,
-1129,5746,14797,
-1102,5796,14909,
-1114,5905,15034,
-1134,5890,15022,
-1163,5876,15150,
-1173,5900,15178,
-1193,5913,15187,
-1239,5874,15264,
-1326,5783,15255,
-1343,5806,15218,
-1328,5825,15319,
-1322,5759,15367,
-1417,5777,15442,
-1448,5748,15366,
-1432,5769,15461,
-1448,5778,15627,
-1467,5882,15709,
-1480,5906,15629,
-1466,5809,15721,
-1439,5864,15641,
-1426,5817,15546,
-1390,5737,15551,
-1407,5727,15455,
-1412,5759,15505,
-1429,5805,15591,
-1544,5751,15687,
-1488,5694,15637,
-1527,5707,15593,
-1513,5677,15593,
-1454,5677,15535,
-1502,5773,15572,
-1492,5700,15563,
-1471,5742,15629,
-1470,5774,15646,
-1533,5807,15694,
-1525,5827,15723,
-1528,5799,15733,
-1467,5910,15554,
-1402,5864,15472,
-1420,5713,15467,
-1329,5673,15458,
-1330,5693,15459,
-1362,5688,15482,
-1336,5657,15529,
-1243,5611,15572,
-1216,5539,15711,
-1234,5648,15719,
-1232,5617,15869,
-1205,5673,15755,
-1536,5772,15386,
-1366,6159,15622,
-522,5981,14636,
-813,5411,13917,
-32764,32764,32764,
30805,29240,4093,
-20601,3033,-20841,
-6605,4421,5649,
-2802,5381,16994,
-4617,10091,28786,
-1462,5506,29684,
-2759,605,26710,
-3275,906,26651,
-3019,888,28595,
-3856,2039,25132,
-4424,1635,26991,
-4979,1204,21644,
-4566,1380,13763,
-1141,2129,15049,
-196,1718,11930,
244,3494,11613,
640,4218,10192,
667,5423,10139,
343,6472,11047,
12,7030,12254,
-514,6572,13782,
-1035,5884,14920,
-1406,5521,15567,
-1639,4987,16334,
-1916,4771,16827,
-1951,4768,17386,
-2144,4776,17436,
-2321,4668,17454,
-2209,5154,17228,
-2267,5636,16696,
-2191,6155,15575,
-1969,6388,14748,
-1567,6797,14168,
-1485,7022,13590,
-1405,7397,13177,
-1302,7624,12836,
-1281,7693,12764,
-1255,7915,13001,
-1192,7999,13189,
-1229,8046,13519,
-1352,8043,13936,
-1362,7950,14303,
-1409,7806,14508,
-1384,7524,14668,
-1348,7444,14840,
-1278,7284,14846,
-1272,7148,14680,
-1182,7007,14457,
-1216,6856,14242,
-1125,6801,14176,
-1147,6761,14172,
-1171,6725,14148,
-1159,6630,14153,
-1151,6429,14188,
-1135,6230,14347,
-1209,6227,14539,
-1183,6161,14757,
-1238,6161,14997,
-1292,6130,15247,
-1351,5992,15494,
-1301,6144,15517,
-1291,6016,15349,
-1266,6053,15351,
-1279,6174,15419,
-1342,6180,15356,
-1347,6350,15413,
-1377,6459,15419,
-1357,6350,15394,
-1386,6368,15397,
-1369,6445,15409,
-1449,6481,15422,
-1561,6458,15456,
-1550,6624,15531,
-1667,6577,15532,
-1707,6550,15479,
-1576,6512,15279,
-1596,6513,15165,
-1611,6494,15155,
-1613,6421,15158,
-1599,6518,15166,
-1667,6548,15237,
-1644,6510,15296,
-1621,6603,15369,
-1605,6590,15056,
-1522,6678,15063,
-1513,6603,14988,
-1510,6709,14965,
-1402,6778,14931,
-1401,6800,14854,
-1387,6829,14765,
-1376,6865,14647,
-1293,6908,14641,
-1342,6925,14671,
-1301,6884,14633,
-1313,6761,14661,
-1211,6822,14552,
-1311,6715,14534,
-1337,6779,14679,
-1238,6850,14621,
-1252,6879,14693,
-1200,6811,14648,
-1260,6676,14640,
-1147,6727,14626,
-1239,6620,14538,
-1198,6560,14545,
-1203,6650,14677,
-1217,6458,14709,
-1173,6554,14674,
-1264,6483,14712,
-1196,6512,14788,
-1220,6509,14800,
-1230,6532,14885,
-1208,6508,14815,
-1191,6458,14822,
-1189,6486,14895,
-1317,6449,14857,
-1227,6474,14965,
-1227,6527,15033,
-1286,6483,15004,
-1330,6448,14998,
-1389,6436,14983,
-1388,6442,15098,
-1429,6434,15128,
-1390,6578,15072,
-1510,6442,14858,
-1412,6552,15114,
-1443,6489,15181,
-1473,6511,15152,
-1551,6473,15244,
-1553,6476,15249,
-1579,6501,15238,
-1427,6585,15332,
-1475,6358,15273,
-1414,6380,15100,
-1367,6368,15157,
-1433,6431,15060,
-1460,6518,15164,
-1435,6609,15223,
-1461,6550,15246,
-1427,6587,15225,
-1412,6485,15119,
-1380,6471,15122,
-1342,6515,15084,
-1369,6507,15172,
-1418,6488,15114,
-1338,6537,15046,
-1298,6463,14927,
-1222,6416,14726,
-1096,6322,14666,
-1139,6279,14728,
-1059,6387,14770,
-1046,6401,14770,
-1041,6417,14717,
-985,6423,14629,
-958,6402,14675,
-1030,6356,14724,
-1004,6389,14731,
-1000,6397,14823,
-1050,6377,14846,
-1027,6476,14827,
-1054,6425,14784,
-1113,6410,14807,
-1207,6429,14910,
-1264,6456,14995,
-1299,6437,15036,
-1300,6408,15024,
-1378,6380,15044,
-1402,6390,15119,
-1450,6412,15157,
-1473,6402,15212,
-1470,6450,15162,
-1482,6399,15143,
-1474,6474,15106,
-1475,6551,15096,
-1509,6502,15060,
-1506,6532,15052,
-1488,6525,15125,
-1512,6537,15221,
-1516,6604,15193,
-1495,6615,15226,
-1533,6600,15217,
-1509,6601,15236,
-1483,6540,15272,
-1511,6528,15197,
-1510,6523,15186,
-1489,6505,15243,
-1487,6512,15156,
-1530,6446,15208,
-1480,6502,15168,
-1509,6431,15151,
-1477,6406,15198,
-1476,6401,15248,
-1459,6407,15321,
-1459,6403,15349,
-1474,6535,15398,
-1538,6487,15480,
-1580,6302,15589,
-1546,6302,15541,
-1540,6119,15556,
-1523,6056,15740,
-1560,6009,15836,
-1650,5989,15944,
-1634,6189,16393,
-1695,5944,16125,
-1649,6001,16044,
-1763,5816,15975,
-1651,5950,16016,
-25469,-26598,32764,
21684,32764,-32406,
-17181,5321,10979,
-5449,-4285,23499,
-1099,8818,19768,
-2743,14035,27896,
190,8317,23854,
-971,5230,28220,
-2970,5334,25224,
-2622,5183,27582,
-2004,4504,26498,
-2739,5320,27495,
-2649,5271,26844,
-5216,3322,16265,
-4349,4788,20174,
-4506,4722,16668,
-2707,3534,13196,
-1421,4213,11897,
-1274,4903,9568,
317,7314,8764,
-38,7320,8540,
-509,8622,9993,
-1059,9022,11636,
-1636,8541,13209,
-2338,8091,14812,
-2531,7499,15694,
-2661,6793,16319,
-2794,6320,16679,
-2743,6035,17008,
-2819,5731,17186,
-2655,5879,16955,
-2618,5829,16744,
-2398,6022,16215,
-2444,6296,15328,
-1950,7084,14498,
-1690,7425,13745,
-1395,7683,13368,
-1217,7972,12890,
-1027,8006,12740,
-818,8047,12519,
-741,8154,12754,
-717,8105,13120,
-722,7960,13552,
-757,7857,14017,
-821,7546,14515,
-773,7465,14654,
-783,7234,14698,
-645,7003,14616,
-682,6811,14594,
-555,6807,14543,
-562,6779,14209,
-522,6834,14217,
-561,6717,14008,
-475,6732,13956,
-522,6693,13974,
-542,6652,14046,
-544,6612,14117,
-606,6537,14270,
-632,6521,14353,
-735,6501,14618,
-773,6414,14779,
-827,6364,14859,
-912,6290,14988,
-877,6480,15070,
-930,6447,14799,
-864,6539,14724,
-940,6630,14683,
-978,6733,14746,
-915,6803,14785,
-1074,6749,14859,
-1134,6756,14924,
-1227,6698,14961,
-1271,6882,15055,
-1479,6842,15233,
-1538,6815,15258,
-1477,6973,15382,
-1595,7017,15251,
-1562,7034,15200,
-1603,7013,15122,
-1566,7025,15120,
-1577,6965,15177,
-1645,6997,15185,
-1644,7006,15321,
-1663,7024,15255,
-1598,6995,15161,
-1521,7028,15069,
-1516,7025,14917,
-1585,6880,14777,
-1418,6988,14897,
-1344,7024,14910,
-1422,6914,14887,
-1314,6939,14881,
-1247,6895,14782,
-1211,7638,14650,
-1088,6898,14975,
-1099,6788,14901,
-1123,6840,14858,
-1026,6780,14825,
-945,6737,14796,
-959,6746,14719,
-865,6838,14785,
-871,6789,14716,
-784,6690,14629,
-831,6692,14584,
-835,6616,14596,
-887,6527,14557,
-825,6566,14584,
-864,6611,14541,
-865,6639,14595,
-966,6509,14652,
-921,6594,14627,
-960,6573,14710,
-1039,6515,14670,
-1091,6454,14926,
-971,6642,14944,
-1011,6752,14950,
-1182,6705,15008,
-1191,6634,15028,
-1151,6610,14900,
-1160,6673,14999,
-931,6838,15079,
-1085,6716,15009,
-1135,6615,14967,
-1168,6481,15199,
-1076,6678,15073,
-1125,6580,15080,
-1173,6627,15186,
-1067,6668,15211,
-1083,6527,15105,
-1146,6583,15102,
-1108,6595,14988,
-1121,6559,14949,
-1070,6655,14922,
-1114,6607,14891,
-1201,6584,14975,
-1128,6656,14970,
-1164,6560,15048,
-1269,6544,14989,
-1120,6538,15003,
-1157,6498,14955,
-1130,6523,15058,
-1208,6590,15045,
-1233,6598,15012,
-1193,6572,15084,
-1159,6634,15033,
-1203,6614,15074,
-1188,6598,15093,
-1185,6542,15059,
-1224,6545,15184,
-1126,6606,15087,
-1196,6629,15109,
-1137,6591,15100,
-1151,6677,15058,
-1156,6695,14979,
-1173,6669,15080,
-1160,6707,15145,
-1147,6729,15088,
-1158,6739,14972,
-1080,6773,14922,
-1105,6779,14917,
-1098,6805,14870,
-1031,6724,14855,
-1078,6648,14791,
-1013,6678,14769,
-1028,6735,14792,
-1037,6764,14776,
-1041,6682,14769,
-1054,6660,14758,
-1078,6714,14811,
-1058,6683,14844,
-1084,6667,14896,
-1133,6743,14859,
-1110,6687,14885,
-1069,6710,14914,
-1045,6703,14868,
-1079,6674,14859,
-1036,6679,14819,
-991,6700,14884,
-1020,6628,14876,
-1034,6673,14891,
-1028,6682,15009,
-1012,6744,14987,
-1070,6740,14938,
-1061,6792,14974,
-1065,6692,15039,
-1084,6700,15046,
-1055,6692,15072,
-1077,6701,14992,
-1120,6745,15093,
-1120,6753,15152,
-1151,6705,15149,
-1145,6702,15069,
-1186,6687,15192,
-1199,6622,15228,
-1235,6678,15315,
-1240,6649,15468,
-1319,6530,15516,
-1365,6549,15707,
-1294,6521,15883,
-1373,6552,15757,
-1397,6606,15731,
-1377,6395,15879,
-1359,6323,16037,
-1426,6236,16239,
-1446,6119,16128,
-1405,6151,16182,
-1314,6195,15983,
-1213,6158,15961,
-32764,-32764,32764,
20330,32764,-13372,
-21848,634,24845,
-1158,-3279,19544,
1074,12025,24099,
-1602,10668,21755,
148,8091,19959,
-423,3602,22242,
-2393,5558,21006,
-2435,5515,25065,
-1767,6885,25960,
-2309,7199,26854,
-2567,6559,26462,
-3401,5949,24051,
-3578,6095,21299,
-4122,5010,18371,
-2188,2655,17233,
-1792,3767,15199,
-308,4981,15404,
-372,4068,10850,
453,6463,10355,
422,7511,10890,
-324,8065,12143,
-951,7970,13250,
-1559,7244,15024,
-1946,6964,15885,
-2120,6204,16420,
-2167,5678,16729,
-2208,5620,16800,
-2266,5456,16835,
-2309,5732,16800,
-2246,6001,16560,
-2214,6292,16143,
-2043,6728,15412,
-1811,7091,14745,
-1555,7261,14029,
-1273,7554,13378,
-1124,7717,13144,
-934,7844,12915,
-835,7889,13082,
-768,7792,13248,
-704,7798,13504,
-689,7802,13797,
-668,7663,14104,
-614,7500,14425,
-614,7396,14603,
-548,7294,14648,
-426,7177,14489,
-318,6985,14394,
-234,6857,14225,
-210,6739,14182,
-160,6693,14118,
-221,6603,14147,
-249,6576,14176,
-310,6637,14220,
-251,6695,14275,
-297,6524,14290,
-382,6449,14341,
-399,6529,14529,
-479,6339,14673,
-513,6359,14827,
-617,6269,14948,
-638,6221,15042,
-655,6269,15028,
-729,6259,14999,
-710,6394,14961,
-741,6406,14894,
-787,6470,14886,
-793,6458,14825,
-815,6461,14720,
-820,6494,14857,
-942,6539,14975,
-1012,6594,15147,
-1125,6658,15328,
-1213,6697,15377,
-1460,6777,15539,
-1358,7014,15644,
-1460,6973,15552,
-1469,7047,15433,
-1574,6996,15469,
-1567,6889,15447,
-1497,6938,15460,
-1577,6902,15448,
-1528,6883,15449,
-1558,6863,15402,
-1491,6898,15306,
-1478,7004,15319,
-1448,6959,15262,
-1318,7009,15105,
-1236,6952,15035,
-1212,6950,15029,
-1193,6867,15010,
-1160,6984,15076,
-1150,6968,15096,
-1094,6995,15096,
-1014,6919,14989,
-918,6823,14925,
-823,6732,14737,
-731,6652,14752,
-751,6614,14842,
-710,6737,14838,
-679,6648,14898,
-637,6628,14758,
-554,6633,14675,
-553,6548,14625,
-506,6414,14598,
-441,6495,14541,
-451,6552,14529,
-505,6368,14700,
-520,6470,14500,
-505,6649,14548,
-451,6554,14523,
-451,6537,14439,
-493,6533,14585,
-553,6551,14706,
-630,6580,14717,
-664,6643,14641,
-708,6616,14711,
-746,6620,14839,
-795,6641,14854,
-850,6645,14844,
-839,6631,14774,
-840,6643,14788,
-939,6674,14870,
-950,6696,14834,
-987,6774,14881,
-1002,6743,14909,
-1003,6748,14959,
-1066,6755,14995,
-1053,6716,14964,
-1046,6710,14999,
-1063,6725,15149,
-1102,6788,15200,
-1138,6771,15206,
-1164,6783,15219,
-1186,6725,15245,
-1163,6715,15300,
-1132,6819,15231,
-1084,6714,15116,
-1102,6744,15024,
-1062,6573,15030,
-1004,6645,15019,
-1039,6618,15037,
-983,6592,15055,
-1031,6645,15100,
-1025,6728,15057,
-1019,6668,15001,
-996,6632,14956,
-974,6576,14865,
-864,6539,14870,
-850,6546,14792,
-869,6624,14876,
-849,6626,14918,
-824,6561,14898,
-861,6590,14994,
-896,6631,15019,
-859,6653,15044,
-771,6560,14938,
-824,6545,14898,
-835,6599,14915,
-821,6580,14892,
-946,6595,14915,
-939,6778,15041,
-1035,6785,15140,
-1017,6796,15216,
-960,6696,15148,
-887,6704,14767,
-943,6640,14760,
-816,6762,14727,
-840,6784,14803,
-938,6711,14915,
-820,6778,14976,
-928,6618,15043,
-993,6518,14950,
-984,6557,14899,
-844,6559,15008,
-838,6518,14796,
-828,6645,14866,
-895,6581,14895,
-801,6648,14920,
-897,6487,14811,
-776,6546,14946,
-790,6503,14885,
-784,6521,14849,
-809,6436,14890,
-818,6500,14930,
-777,6553,14933,
-749,6616,14915,
-814,6544,14906,
-858,6641,14926,
-871,6700,15098,
-950,6666,15094,
-959,6772,15064,
-932,6724,15087,
-950,6720,15101,
-963,6760,15056,
-969,6816,15068,
-981,6845,15106,
-987,6736,14996,
-1006,6734,14972,
-1013,6758,14976,
-988,6683,14928,
-887,6554,14903,
-959,6494,14815,
-880,6443,14906,
-937,6386,14790,
-913,6527,15006,
-954,6542,14965,
-950,6620,15239,
-1065,6707,15334,
-1101,6852,15320,
-1286,6896,15469,
-1262,6781,15336,
-1588,6989,15425,
-1597,7031,15803,
-1691,6567,16166,
-1690,6888,16173,
-1847,6797,16048,
-1769,6782,15805,
-1681,6864,15754,
-1806,6556,15379,
-1231,7258,15567,
-1164,6986,14771,
-1023,7026,14275,
29538,32764,32764,
25077,32764,31577,
-15300,-2518,-19210,
2297,3740,-7031,
-4779,7348,8480,
-3089,6060,24162,
-3872,2671,7615,
-2613,-2346,31500,
-3296,-2045,28884,
-3276,-1979,30725,
-3592,-2314,28143,
-3649,-1481,30371,
-4025,-740,29195,
-4287,-676,26846,
-317,2401,22586,
-6586,-6711,10633,
-3177,-1704,19837,
1032,-585,13329,
1113,1218,8017,
2124,2689,8908,
1721,4509,9070,
1204,5884,10204,
487,6729,11629,
-171,7144,12688,
-694,6816,13712,
-1244,6597,14538,
-1678,6310,15188,
-1823,6118,15416,
-2165,6016,15956,
-2251,5887,16097,
-2235,6164,16224,
-2576,6131,15840,
-2491,6656,15735,
-2412,6895,15321,
-2054,7410,14647,
-1857,7600,13600,
-1587,7885,13136,
-1427,8219,12826,
-1178,8658,12697,
-1058,8740,12370,
-942,8955,12244,
-956,9169,12399,
-938,9001,12705,
-982,8899,13330,
-1070,8708,13898,
-1097,8482,14411,
-1137,8071,14723,
-1138,7791,14844,
-1060,7449,14883,
-951,7333,14724,
-863,7244,14651,
-841,7141,14517,
-908,7073,14273,
-820,7026,14260,
-761,6865,14260,
-692,6675,14294,
-767,6531,14345,
-763,6459,14551,
-823,6382,14772,
-850,6292,14976,
-942,6263,15040,
-1068,6181,15334,
-1082,6270,15382,
-1176,6362,15608,
-1190,6504,15562,
-1182,6600,15488,
-1208,6676,15413,
-1170,6754,15237,
-1140,6859,15230,
-1164,6854,15074,
-1273,6836,14995,
-1221,7075,15096,
-1305,7088,15115,
-1364,7200,15119,
-1476,7346,15056,
-1468,7350,14999,
-1459,7290,15016,
-1559,7387,15121,
-1543,7540,15136,
-1674,7512,15114,
-1646,7525,15033,
-1662,7582,15007,
-1432,7643,14786,
-1344,7700,14671,
-1394,7581,14589,
-1277,7629,14496,
-1293,7537,14409,
-1157,7603,14450,
-1134,7592,14395,
-1065,7621,14410,
-1093,7728,14471,
-1052,7737,14409,
-979,7666,14389,
-888,7609,14325,
-945,7540,14379,
-949,7593,14377,
-847,7561,14299,
-798,7427,14256,
-732,7316,14048,
-608,7299,14091,
