3018,16014,-190
2950,15998,-172
3014,16166,-319
2953,16190,-455
2999,15971,-290
3055,16101,-280
2873,16064,-309
3080,15977,-188
2892,16112,-308
3014,16050,-254
3029,16095,-277
2946,16071,-191
3072,16118,-325
2936,16035,-288
3042,16162,-348
2943,16025,-267
3069,16097,-376
2987,16053,-379
3014,16085,-367
2983,16144,-351
2955,16078,-265
3048,15964,-251
2930,16177,-346
3027,15968,-286
2989,16171,-251
2982,16098,-418
3027,15980,-254
2875,16148,-409
3034,15945,-154
2997,16172,-396
2942,16009,-272
3052,16111,-279
2905,16132,-331
3072,16040,-261
2906,16135,-328
3057,16016,-246
2974,16104,-326
2937,16105,-296
3120,16091,-291
2880,16083,-277
3044,16160,-308
2977,16020,-215
2980,16132,-329
2980,16115,-349
3064,16129,-398
2938,16061,-202
3043,16064,-297
2969,16033,-266
2988,16134,-361
3061,16024,-317
2969,16120,-331
2997,16094,-404
2996,16055,-181
2911,16208,-499
2985,15945,-145
2935,16205,-384
2870,16007,-257
3058,16067,-310
2878,16118,-273
3126,16026,-194
2975,16078,-351
3016,16029,-219
2945,15952,-423
3076,16081,-236
2823,16120,-355
3004,16073,-298
2850,16147,-414
2903,16191,-173
3138,16119,-239
2944,16137,-266
2988,16126,-501
3030,15999,-340
2947,16135,-365
3029,16011,-317
2929,16037,-357
2864,16075,-473
2977,15864,-106
2933,16127,-315
2937,15991,-165
2982,16118,-203
2927,16114,-198
3054,16147,-301
3003,16187,-394
3067,16216,-262
2964,16159,-521
2945,16116,-474
2964,16236,-519
3027,16010,-342
3005,16118,-271
2898,16018,-308
3082,15917,-75
2872,16047,-373
3030,15932,-121
2973,16089,-256
2893,16025,-227
3046,16079,-343
2836,16161,-360
3071,16147,-337
2946,16129,-317
3028,16146,-373
2971,16131,-508
2979,16180,-385
3040,16151,-453
2934,16014,-229
3031,16103,-402
2877,15983,-203
3042,16059,-220
2911,15954,-166
2992,16023,-270
2975,15997,-283
2972,16143,-260
3051,16127,-376
2975,16100,-199
2927,16180,-460
3040,16004,-298
2956,16218,-423
3005,16009,-346
3041,16153,-318
2853,16084,-311
3082,15968,-109
2891,16129,-339
2950,15984,-237
3031,16078,-333
2894,15970,-255
3059,16144,-350
2917,16074,-353
3055,16176,-338
2934,16116,-386
3014,16097,-312
2982,16129,-449
2943,16062,-316
3034,16171,-397
2881,16022,-276
3055,16063,-377
2902,16045,-291
3018,16017,-348
3024,15946,-178
2844,16045,-322
3057,16014,-289
2991,16082,-273
3029,16188,-435
2998,16009,-180
2978,16218,-368
3041,16004,-303
3032,16179,-348
2932,16088,-400
3027,16033,-311
2911,16103,-434
3002,15952,-194
2938,16125,-367
2951,15971,-235
2971,16120,-405
2941,15957,-221
2990,16139,-364
2925,16068,-319
3090,16050,-200
2903,16183,-369
3008,16002,-249
2998,16125,-381
2936,16082,-329
3078,16100,-336
2826,16129,-354
2949,16075,-328
3035,16069,-386
2956,16044,-223
2987,16136,-386
3009,15931,-180
2935,16174,-442
2963,15982,-256
3027,16146,-256
2930,16115,-351
2994,15992,-429
2932,16125,-325
2971,16104,-424
3012,15977,-118
3040,16176,-651
3443,15229,-834
2113,16060,-228
3841,15751,-588
3707,15967,2670
2373,18031,-1608
3072,15061,1071
2364,16204,-1687
3194,16096,-353
3001,15962,-771
2804,15937,72
3702,16148,-435
2635,15290,-356
2673,16440,-1342
2498,15885,1711
3088,16686,-1443
3457,15503,188
3950,16175,35
3080,16286,1344
2555,15010,-2033
2640,15705,-957
3298,16081,-572
2811,16755,495
2839,15997,-885
3264,15794,59
3184,16280,-620
2837,16148,-24
2616,16064,-331
3310,16099,-236
3176,16281,-804
2984,16271,-850
2886,16053,166
2969,15776,-342
2990,16044,-277
3013,16143,24
2881,15947,-267
3018,15777,-538
3059,16216,-708
2923,16254,-131
3075,16016,-200
2913,15953,-557
3117,16248,-465
3116,16325,-271
2912,15929,-456
2961,16092,-651
2899,16187,-271
3037,15878,-78
2997,16081,-246
2965,15943,-492
2926,16022,-458
3063,16269,-395
3050,16109,-163
3030,16048,-527
2952,15999,-334
2933,16287,-473
3038,16080,-310
3021,16010,-310
2904,16076,-509
3061,16037,-54
2972,16143,-426
3056,15858,-218
2926,16142,-434
2931,16089,-315
3112,16129,-401
2899,16086,-462
3069,16117,-286
2937,16125,-337
3095,15995,-274
3033,16111,-444
2939,16049,-342
3069,16162,-474
3003,15988,-312
3104,16088,-411
2889,16056,-352
3013,16092,-403
3012,16012,-296
2958,16062,-344
3000,16102,-386
2922,16051,-301
3087,16148,-449
2970,16031,-226
2945,16240,-389
3054,16006,-233
2989,16192,-459
2967,16102,-449
2987,16046,-296
2882,16070,-457
3013,15902,-207
2963,16173,-487
2983,16012,-177
3047,16079,-443
2899,16064,-352
3077,16131,-353
2913,16105,-407
3015,16089,-344
2953,16133,-454
3052,16113,-243
2973,16202,-466
2914,15909,-323
3074,16112,-304
2902,16042,-342
3068,16033,-330
2899,16076,-425
3037,16052,-340
2997,16102,-363
2927,16009,-314
3070,16104,-461
2909,16057,-373
3057,16146,-426
2995,16011,-229
2959,16093,-426
2958,16086,-363
3019,16145,-377
2979,15994,-268
2994,16154,-425
2956,16044,-246
3021,16121,-483
2968,15988,-264
2978,16104,-446
2935,16048,-376
3030,16118,-299
3014,16102,-480
3028,16015,-150
2894,16128,-514
3076,15930,-218
2980,16160,-428
2925,16065,-385
3044,16116,-317
2891,16141,-459
3087,16118,-341
2918,16122,-462
2980,16006,-282
3026,16033,-449
2946,15946,-335
3050,16115,-349
2923,15985,-350
3066,16110,-354
2945,16045,-304
2999,16007,-302
3014,16152,-393
2970,16056,-407
3031,16201,-417
2937,16109,-337
3063,16179,-510
2935,16073,-276
3039,16153,-445
3010,16011,-261
2952,16132,-323
3080,16083,-421
2994,16055,-298
2953,16127,-515
3019,15930,-159
2928,16087,-546
2948,15936,-245
3034,16068,-352
2885,16010,-385
3066,16093,-332
2912,16140,-430
3046,16132,-259
2968,16187,-499
2950,16108,-315
3057,16198,-459
2956,16072,-312
3016,16109,-364
2901,16017,-414
3018,16003,-268
2859,16045,-349
3009,15951,-282
2931,16085,-371
2905,16031,-263
3118,16122,-363
2875,16078,-374
3025,16207,-531
3009,16156,-340
3025,16254,-535
3021,16133,-451
2902,16041,-313
3026,16071,-273
3032,15980,-264
2979,16054,-481
2987,15953,-134
3033,16084,-272
2970,15974,-331
2955,16020,-403
2928,15965,-346
3031,16178,-347
2999,16205,-530
3083,16052,-273
2948,16269,-570
3059,15996,-315
2989,16242,-411
2950,16020,-316
3099,16057,-321
2848,16144,-512
3117,15936,-175
2923,16018,-335
2886,15966,-245
3102,16057,-310
2838,16032,-360
3017,16032,-354
2947,16005,-220
3002,16064,-415
2913,16030,-270
3021,16096,-390
2972,16036,-245
2908,16150,-397
3027,16049,-373
2937,16067,-253
2982,16168,-557
2980,16030,-301
2934,16161,-456
3030,15977,-217
3025,16145,-399
2942,16086,-373
3033,16066,-321
2906,16115,-506
3048,15963,-180
2955,16084,-387
2950,15984,-214
3027,16120,-408
2916,16041,-358
3052,16126,-341
2973,16024,-386
3035,16092,-310
2961,16166,-498
2986,16052,-340
3023,16129,-353
2959,16026,-314
3053,16118,-363
2906,16035,-368
3033,16128,-373
2967,16016,-323
2989,16135,-405
3041,16083,-327
2927,16048,-362
3032,16059,-407
2948,15979,-248
2937,16120,-431
2971,16010,-234
2999,16162,-430
2990,16073,-329
2975,16125,-394
2967,16127,-425
3011,16139,-308
3006,16122,-528
2954,16056,-207
2993,16195,-542
2998,15989,-201
3012,16145,-352
2968,15999,-276
3008,16037,-262
2887,16089,-459
3094,16009,-232
2964,16199,-508
2980,15984,-304
3028,16188,-397
2914,16056,-396
3106,16133,-380
2920,16078,-466
3101,16092,-352
2935,16080,-354
2951,16028,-289
3028,16049,-310
2900,16022,-315
3058,16135,-385
2923,16015,-271
3042,16119,-465
2960,16099,-410
3007,16149,-418
3013,16086,-305
2927,16117,-383
3063,16127,-430
2963,16040,-234
3038,16136,-463
2993,15938,-204
2976,16152,-445
3032,16007,-231
2981,16145,-396
2895,16048,-381
3044,16032,-232
2907,16115,-520
3041,16027,-212
2941,16161,-464
2961,16042,-288
3056,16139,-441
2871,16021,-363
3093,16164,-337
2917,16056,-456
3024,16057,-296
2969,16122,-430
2948,15958,-290
3006,16121,-385
2903,15986,-352
3010,16072,-318
2870,16078,-354
3100,16088,-359
2906,16093,-380
2955,16084,-380
3017,16073,-341
2929,16080,-342
3030,16130,-436
2958,16046,-277
2992,16165,-427
2984,16016,-255
2943,16094,-484
3013,16031,-262
2986,16058,-311
2899,16079,-423
2982,16019,-223
2936,16151,-488
2976,15995,-229
3001,16133,-486
2940,16054,-232
3019,16184,-393
2957,16076,-426
3007,16081,-338
2913,16149,-507
3024,15991,-206
2964,16114,-410
2977,15980,-201
2991,16120,-393
2871,16035,-308
3047,16051,-264
2908,16068,-401
3097,16127,-396
2974,16159,-423
2979,16115,-345
3056,16119,-366
2881,16020,-335
3042,16161,-377
2903,15984,-268
3027,16091,-367
2981,16070,-247
2962,16074,-469
2989,16081,-361
2967,16064,-333
2987,16133,-419
2905,16054,-287
3022,16137,-464
3052,16091,-297
2982,16145,-472
3016,16004,-283
2965,16109,-347
2970,16098,-423
3025,15985,-237
2930,16166,-479
3048,15989,-184
2927,16118,-496
2946,15988,-216
3030,16113,-333
2871,16053,-352
3055,16077,-263
2924,16094,-416
3038,16081,-333
2972,16168,-474
2979,16013,-300
3022,16133,-415
2911,16014,-340
3028,16135,-304
2918,16062,-332
3047,16028,-334
2905,16070,-266
2998,16086,-408
3006,16045,-296
2922,16048,-398
3051,16077,-386
2900,16060,-329
3012,16152,-458
3001,16031,-251
2960,16167,-435
3010,15984,-336
2898,16070,-328
2979,16121,-460
3014,16001,-188
2981,16126,-438
3003,16013,-183
2977,16127,-443
2926,16073,-234
3003,16135,-353
2918,16069,-410
3007,16111,-253
2941,16133,-493
3041,16038,-246
2928,16191,-481
2993,15980,-278
3039,16164,-339
2899,16033,-334
3069,16088,-319
2909,16050,-378
3032,16070,-256
2980,16102,-372
2943,16019,-260
3070,16145,-373
2826,16009,-353
3041,16124,-334
2891,16070,-288
3004,16146,-449
2971,16098,-331
2960,16065,-344
3006,16080,-307
2964,16052,-347
3003,16117,-390
2958,16028,-218
2999,16126,-436
2939,16045,-217
2995,16150,-416
3008,16047,-303
2957,16111,-377
2942,16105,-422
2998,16064,-248
2909,16136,-505
3008,15972,-211
2958,16161,-455
2948,16004,-241
3008,16104,-360
2907,15981,-357
3019,16072,-255
2881,16047,-328
3038,16073,-382
2951,16111,-411
2972,16037,-315
2990,16139,-358
2923,16080,-325
3085,16158,-427
2896,16031,-233
3032,16116,-404
2976,16033,-215
2950,16139,-375
3029,16062,-295
2926,16035,-315
3001,16107,-405
2997,15993,-247
2938,16191,-522
3008,16010,-217
2988,16185,-513
2937,16026,-316
3025,16116,-312
2887,16066,-382
3029,16042,-207
2973,16115,-439
2988,16016,-115
2918,16154,-438
2943,15996,-230
3007,16170,-359
2907,16036,-358
3032,16092,-278
2924,16122,-432
3031,16048,-271
2934,16155,-457
2927,16046,-318
3047,16094,-337
2846,16067,-345
3115,16085,-336
2876,16033,-276
3016,16123,-344
2993,16054,-295
2936,16117,-425
3016,16136,-350
2949,16067,-333
2979,16137,-421
2963,16035,-298
2976,16185,-442
3003,16051,-298
2958,16068,-390
2983,16035,-255
2993,16053,-305
3009,16115,-398
2977,16030,-176
2950,16145,-452
3001,16029,-221
2971,16149,-451
3014,16006,-280
2982,16167,-295
2892,16047,-368
3038,16027,-186
2882,16133,-450
3008,16042,-246
2961,16127,-453
2912,16024,-296
3075,16124,-362
2894,16039,-364
3070,16137,-328
2932,16058,-310
2991,16062,-269
3021,16083,-355
2911,16057,-359
3011,16091,-371
2945,16003,-274
3010,16179,-406
2928,16079,-309
3014,16137,-420
2959,16075,-326
2950,16098,-377
3025,16082,-320
2913,16043,-313
3009,16126,-406
2975,16050,-243
3022,16122,-421
2999,15980,-205
2936,16186,-425
3008,16063,-301
2993,16102,-300
2901,16081,-472
3028,15988,-170
2938,16102,-501
2999,15996,-247
2976,16148,-433
2922,15993,-296
3052,16131,-397
2907,16047,-360
3027,16110,-215
2922,16094,-431
3031,16016,-209
2941,16150,-391
2983,16054,-244
3004,16113,-364
2853,16044,-336
3098,16079,-351
2846,16139,-365
3027,16110,-366
2979,16140,-301
2954,16097,-367
3075,16074,-357
2887,16049,-292
3004,16139,-428
2969,16013,-234
2968,16082,-381
2964,16031,-280
2992,16098,-372
2978,16081,-308
2946,16062,-258
2951,16111,-425
2965,16060,-223
3017,16146,-511
2983,16053,-235
2967,16149,-461
2982,15971,-273
3026,16152,-320
2914,16070,-399
3039,16026,-176
2870,16132,-389
3014,15989,-247
2910,16145,-423
2921,16051,-274
3041,16147,-301
2865,16102,-405
3046,16074,-246
2926,16104,-393
2987,16109,-322
2986,16132,-379
2874,16026,-281
3041,16097,-362
2879,16014,-338
3025,16147,-307
2888,16013,-249
3003,16072,-359
2961,16112,-283
2962,16124,-414
2995,16129,-367
2943,16060,-330
2986,16127,-423
2896,16052,-267
2963,16130,-451
2984,15971,-180
2941,16082,-381
3002,16039,-304
3010,16020,-261
2967,16126,-444
3034,16050,-229
2906,16147,-466
2974,16025,-201
2977,16167,-467
2925,16038,-296
3045,16097,-333
2884,16038,-367
3023,16043,-197
2932,16095,-445
3030,16036,-250
2968,16124,-463
2925,15971,-274
3009,16123,-315
2893,16059,-381
3106,16063,-323
2887,16048,-283
3107,16048,-294
2953,16125,-359
2909,16117,-360
3057,16130,-335
2911,16068,-301
3015,16146,-409
2946,16013,-295
2945,16161,-418
3005,16040,-185
2946,16084,-419
2986,16074,-294
3023,16071,-291
2971,16128,-438
3005,16060,-226
2978,16160,-504
2943,16004,-190
2994,16193,-472
2941,16058,-314
2984,16128,-262
2953,16043,-384
2942,16041,-183
2929,16123,-495
2997,15969,-177
2930,16180,-420
2927,16065,-368
3058,16109,-298
2924,16094,-386
3049,16051,-271
2927,16068,-401
2999,16034,-251
2961,16083,-373
2893,16057,-314
3108,16149,-358
2865,16053,-359
3048,16128,-386
2929,16045,-351
2986,16113,-328
2986,16115,-376
2939,16017,-316
2991,16088,-343
2919,16057,-326
3058,16134,-383
2959,16055,-207
2967,16089,-393
3004,16053,-267
2917,16116,-386
2961,16089,-370
3079,16146,-348
2890,16077,-457
3063,16077,-228
2924,16140,-394
2955,16020,-181
3031,16137,-363
2896,15973,-302
3038,16124,-307
2881,16030,-331
3037,16089,-320
2886,16135,-423
3007,16052,-312
2979,16100,-364
2916,16014,-311
3084,16120,-366
2903,16071,-343
3056,16066,-362
2915,16043,-255
2954,16120,-366
3002,16076,-260
2950,16100,-398
3058,16113,-304
2964,16068,-277
2937,16137,-447
2946,16025,-199
2948,16184,-462
2966,16028,-214
2972,16072,-355
2920,16095,-332
2987,16090,-282
2939,16077,-404
2974,16001,-126
2944,16139,-494
2997,16016,-205
2959,16167,-407
2908,16061,-290
2983,16136,-321
2914,16098,-370
3033,15993,-251
2863,16090,-384
3000,16016,-264
3033,16112,-322
2888,16080,-278
3094,16112,-368
2888,16117,-379
3099,16140,-337
2945,16055,-328
2920,16039,-287
3000,16071,-333
2955,16020,-354
3019,16123,-330
2934,16003,-181
3008,16116,-373
2919,16070,-271
3001,16147,-446
2949,16022,-303
2911,16124,-418
3047,16074,-301
2918,16155,-280
2997,16134,-429
2953,16026,-182
2938,16137,-422
2993,15981,-214
2972,16092,-384
2955,16079,-293
2989,16041,-259
2841,16064,-436
3043,16029,-187
2916,16129,-507
2976,16055,-248
2993,16164,-403
2922,16016,-285
3023,16151,-309
2921,16088,-364
3053,16087,-259
2962,16099,-396
2987,15991,-233
2982,16093,-330
2946,16043,-320
3069,16152,-314
2849,16092,-327
3094,16065,-384
2883,16092,-374
3019,16135,-376
3003,16086,-276
2931,16054,-332
3007,16152,-366
2978,16054,-225
3016,16140,-401
2987,15977,-214
2908,16185,-458
2986,16061,-287
3027,16079,-376
2997,16097,-330
3002,16000,-184
2940,16136,-482
3010,16007,-210
2977,16145,-475
2956,16034,-223
2989,16145,-477
2938,16019,-348
3041,16133,-304
2961,16074,-390
3043,16028,-244
2900,16152,-375
3009,16011,-263
2978,16167,-392
2890,16025,-325
3112,16073,-282
2843,16103,-337
3049,16109,-314
2904,16095,-370
2929,16072,-325
2999,16087,-307
2875,16023,-293
3026,16097,-423
2938,16010,-256
3001,16146,-355
2952,16054,-215
2952,16166,-384
2982,16030,-220
2957,16084,-377
2975,16116,-317
2911,16047,-290
3009,16129,-425
2914,16056,-248
3000,16183,-449
2953,16037,-267
2943,16135,-365
2979,16077,-373
3034,16090,-287
2928,16149,-477
3027,16033,-185
2884,16167,-426
2960,15974,-195
3009,16132,-357
2899,16028,-258
3085,16101,-210
2904,16081,-384
2947,16102,-276
2960,16130,-407
2977,16021,-260
3027,16117,-337
2920,15999,-349
3046,16107,-309
2840,16054,-416
3083,16076,-305
2880,16092,-317
2990,16030,-319
2956,16108,-331
2901,16091,-322
3099,16093,-338
2924,16058,-269
2962,16115,-453
2994,16023,-230
2923,16158,-434
3025,16051,-244
2922,16093,-319
2956,16143,-389
3008,16031,-236
2989,16126,-428
2991,16017,-154
2962,16099,-488
2940,16054,-235
3005,16116,-390
2911,16058,-379
3046,16083,-227
2888,16086,-413
3027,16021,-215
2905,16158,-424
2988,16011,-220
2994,16157,-391
2907,16061,-373
3079,16113,-309
2841,16057,-410
3023,16083,-319
2923,16094,-346
2989,16064,-236
3037,16093,-361
2818,16049,-256
3085,16069,-305
2895,16039,-282
2991,16135,-371
2991,16080,-307
2982,16133,-343
2983,16139,-323
2925,16020,-326
2933,16116,-346
2947,16091,-289
3022,16143,-385
2992,16024,-179
2993,16147,-420
2959,16012,-269
2973,16060,-294
2964,16073,-342
2942,16076,-201
2913,16131,-475
3074,16011,-188
2902,16177,-497
3029,16063,-270
3035,16133,-378
2907,16091,-374
3064,16097,-294
2893,16104,-416
3023,15992,-203
2932,16116,-365
2921,16000,-218
3054,16146,-369
2879,16009,-293
3063,16092,-306
2890,16037,-351
3035,16091,-371
2905,16143,-413
2981,16057,-336
3009,16125,-287
2895,16048,-304
3053,16137,-358
2982,16045,-239
2901,16149,-494
3003,15986,-242
2972,16161,-463
2949,16060,-256
3041,16081,-293
2892,16066,-358
3064,16074,-270
2968,16088,-484
3032,16002,-139
2942,16127,-404
2949,16010,-237
2992,16165,-370
2915,16058,-307
3011,16072,-275
2909,16090,-414
3062,16093,-276
2964,16186,-399
2944,16059,-310
3014,16058,-314
2817,16041,-312
3067,16122,-346
2868,16016,-242
3053,16095,-281
2951,16040,-266
2942,16127,-378
3011,16148,-358
2961,16037,-354
2949,16171,-395
2963,16017,-200
2984,16193,-442
2961,16033,-298
3029,16092,-376
2964,16024,-223
2953,16075,-312
2985,16041,-374
2965,16055,-224
2939,16125,-502
3016,16024,-157
2906,16235,-440
3009,16033,-285
2979,16192,-400
2878,16086,-323
3055,16046,-234
2845,16133,-471
3026,16016,-236
2923,16133,-383
2942,15989,-256
3029,16062,-329
2903,15995,-258
3081,16149,-262
2934,16064,-430
3013,16072,-311
2940,16104,-393
2959,16094,-257
3030,16166,-340
2928,16083,-289
3060,16118,-331
2875,16029,-245
3007,16104,-365
2894,16076,-275
2975,16085,-343
3001,16016,-255
2914,16100,-312
3053,16110,-342
2967,16010,-167
2999,16146,-465
3004,15989,-196
2935,16166,-472
2997,16097,-304
3005,16115,-366
2884,16075,-378
3018,16035,-180
2901,16136,-444
3013,16025,-205
2979,16152,-390
2974,16022,-261
2993,16139,-364
2928,16043,-341
3039,16125,-262
2888,16105,-485
3024,16040,-216
2892,16150,-384
3006,16072,-268
2995,16121,-351
2866,16002,-303
3062,16082,-300
2825,16044,-313
3036,16117,-302
2982,16084,-338
2932,16063,-325
2998,16101,-358
2917,16004,-299
2982,16185,-403
2929,16062,-241
2998,16156,-353
2975,16023,-229
2983,16110,-415
2965,16072,-260
3003,16026,-291
3004,16061,-395
2944,15999,-225
2989,16099,-446
3021,15993,-173
2956,16141,-420
2987,16003,-232
2988,16165,-369
2936,16108,-418
3056,16033,-219
2854,16150,-535
3017,15952,-208
2953,16158,-405
2941,16004,-204
3039,16125,-310
2800,16063,-361
3097,16033,-236
2893,16072,-371
3004,16098,-286
2997,16104,-402
2946,16106,-281
3008,16177,-354
2934,16042,-289
3006,16146,-376
2901,16067,-261
3077,16060,-344
2908,16047,-228
2967,16097,-390
2998,16051,-327
2877,16022,-310
2942,16042,-369
2883,16035,-174
2998,16160,-454
3019,16002,-163
2922,16177,-419
2985,16040,-301
3043,16133,-279
2905,16153,-425
3072,16012,-192
2879,16199,-486
3016,15993,-182
2981,16110,-423
2928,16016,-235
3052,16105,-353
2897,16053,-353
3047,16051,-157
2931,16109,-451
2996,16044,-272
2946,16176,-413
2954,16026,-256
3022,16180,-399
2887,16088,-353
3083,16064,-301
2865,16065,-277
3034,16069,-272
2946,16068,-318
2958,16065,-297
3027,16128,-346
2883,16057,-280
2974,16150,-409
2923,15997,-290
2985,16176,-417
3006,16011,-256
2919,16083,-364
2971,16133,-313
2957,16034,-268
2925,16137,-422
2968,15978,-210
3009,16104,-430
2971,16018,-144
2972,16139,-416
2941,16027,-273
2986,16116,-272
2914,16097,-383
2997,16032,-180
2888,16200,-505
3085,16002,-194
2920,16193,-490
2994,15988,-266
3057,16135,-281
2860,16035,-365
3105,16054,-280
2882,16081,-341
2969,16022,-219
2961,16084,-367
2961,16050,-291
3048,16186,-423
2880,16038,-296
3020,16159,-385
2912,16085,-306
2999,16078,-369
2898,16029,-337
2985,16022,-302
2989,16130,-319
2927,16059,-247
3047,16075,-356
2933,16026,-210
2999,16106,-438
2968,16002,-164
2917,16159,-425
3048,16078,-320
2975,16084,-301
2918,16139,-389
3032,16021,-157
2885,16205,-488
3034,15976,-195
2986,16144,-387
2897,16036,-278
3057,16115,-317
2904,16118,-422
3033,16050,-246
2923,16112,-389
2986,16001,-155
2997,16107,-387
2937,16012,-294
2986,16135,-374
2875,16015,-332
3089,16090,-370
2948,16018,-194
2980,16096,-335
3005,16060,-266
2951,16088,-351
3017,16125,-344
2941,16008,-289
2898,16147,-412
2975,16033,-226
3017,16155,-499
2991,16039,-195
3016,16124,-356
2907,16059,-326
3021,16051,-262
2985,16077,-420
3000,16037,-143
2876,16110,-483
3000,15979,-163
2935,16189,-476
2987,16018,-258
3030,16083,-296
2851,16061,-320
3094,16035,-180
2870,16190,-436
3006,16041,-285
3005,16174,-418
2887,16079,-259
3092,16116,-334
2861,16064,-347
3041,16116,-299
2908,16054,-249
2966,16078,-308
2930,16071,-332
2988,16052,-348
3046,16146,-355
2946,16054,-307
2974,16119,-440
2895,16078,-205
2968,16191,-472
2982,16039,-252
2893,16127,-356
3011,16053,-306
2958,16118,-298
2974,16113,-407
3033,15973,-140
2885,16155,-428
3010,16017,-175
2993,16139,-361
2884,16070,-343
3071,16075,-283
2866,16132,-443
3102,16041,-178
2915,16167,-519
2965,16020,-203
2965,16163,-399
2898,15983,-264
3057,16121,-288
2902,16045,-405
3004,16055,-284
2893,16083,-299
3046,15976,-219
2960,16169,-406
2956,16104,-317
3060,16175,-304
2897,16113,-326
3017,16155,-472
2885,16060,-258
3015,16111,-339
2981,15944,-214
2867,16023,-282
3019,16055,-299
2971,15944,-208
2985,16168,-441
3004,15995,-110
2956,16206,-394
2979,16072,-281
3003,16155,-415
2943,16145,-392
3001,16116,-273
2947,16115,-453
2983,16009,-173
2936,16081,-431
2976,15890,-124
2917,16107,-366
2963,15950,-236
3000,16093,-228
2917,16134,-368
3081,16075,-181
2857,16185,-445
3014,16072,-255
2995,16229,-411
2909,16137,-356
3103,16146,-325
2851,16026,-254
3057,16084,-319
2908,16039,-298
2970,16031,-249
2974,16041,-207
2892,16000,-274
3026,16112,-347
2965,16060,-251
2991,16181,-444
2926,16127,-269
2996,16191,-385
2956,16146,-330
2923,16142,-440
3015,16081,-342
2933,16074,-223
2925,16080,-389
2958,15956,-86
2907,16116,-417
2956,15916,-146
2899,16131,-343
2935,16068,-344
3095,16088,-273
2902,16207,-471
3080,16039,-219
2916,16195,-500
3004,16011,-209
3002,16152,-410
2888,15996,-311
3060,16056,-281
2868,15951,-311
2975,16093,-217
2916,16087,-375
2997,15984,-186
2966,16131,-345
2934,16041,-279
3067,16183,-430
2883,16117,-401
3095,16161,-391
2881,16131,-315
3009,16076,-288
2992,16051,-291
2897,16050,-321
3061,16044,-296
2877,15949,-169
2954,16079,-433
2976,15956,-169
2933,16192,-394
3037,16087,-228
2924,16143,-357
2963,16176,-373
3024,16111,-279
2936,16194,-476
2992,16030,-187
2992,16145,-474
2950,15958,-189
3002,16090,-353
2932,15954,-264
3004,16036,-253
2895,16064,-371
3069,16033,-173
2919,16228,-490
3064,16038,-214
2977,16226,-447
2943,16075,-303
3146,16143,-358
2875,16142,-387
3064,16092,-226
2924,16057,-317
2954,16023,-215
3047,16029,-249
2912,16035,-270
3083,16127,-366
2924,15969,-246
3031,16191,-433
2986,16092,-326
3016,16150,-420
2943,16094,-270
2945,16045,-375
2994,16106,-404
2981,16010,-210
3017,16143,-414
2954,15947,-122
2971,16179,-437
3026,15962,-204
2982,16138,-333
2966,16045,-366
3011,16072,-228
2868,16208,-529
3105,16035,-106
2906,16203,-466
3027,16030,-243
3014,16136,-373
2892,16038,-268
3110,16071,-312
2899,16048,-362
2991,16037,-173
2997,16025,-318
2990,16025,-166
3018,16153,-381
2974,16017,-258
3067,16171,-380
2910,16098,-358
3107,16170,-390
2905,16103,-382
3017,16060,-290
2995,16022,-244
2969,15993,-236
3083,16035,-309
2926,15974,-155
3015,16097,-380
2989,15994,-192
2939,16188,-385
3063,16065,-226
2973,16162,-407
2935,16122,-385
3003,16024,-175
2924,16196,-480
3019,15958,-163
2985,16150,-409
2958,15943,-112
3034,16077,-341
2965,16012,-246
3036,16155,-296
2885,16090,-406
3117,16072,-322
2943,16095,-400
2954,15997,-246
3019,16065,-330
2899,16007,-259
3116,16099,-352
2932,15990,-217
3079,16130,-373
3006,16062,-206
2977,16184,-331
3015,16125,-353
2988,16045,-261
2945,16135,-343
2995,16017,-219
2971,16121,-416
2957,16000,-185
3006,16116,-439
2995,15954,-167
2939,16090,-292
2972,16076,-382
3063,16052,-219
2981,16198,-472
3085,16014,-186
2907,16180,-518
3014,15990,-198
3035,16131,-378
2892,16061,-285
3103,16044,-237
2870,16101,-385
3022,16021,-239
2963,16115,-391
2937,16026,-170
3033,16136,-330
2950,16024,-301
3040,16211,-381
2888,16058,-448
3026,16124,-292
2901,16086,-329
3030,16025,-244
2943,16099,-311
2962,16009,-223
3061,16159,-365
2892,16027,-221
3013,16135,-423
2946,16017,-226
2971,16183,-377
3071,16071,-257
2968,16111,-314
3015,16161,-440
3033,16062,-240
2971,16198,-427
3020,15970,-101
3001,16178,-450
2946,16038,-215
3052,16087,-296
2919,16042,-313
3030,16013,-197
2936,16122,-459
3018,16033,-181
2988,16183,-504
2973,16037,-190
3002,16218,-412
2973,16004,-300
3064,16079,-298
2887,16045,-424
3081,16003,-179
2891,16115,-354
2980,15992,-222
3055,16123,-351
2870,15676,-418
3177,16079,-232
2795,16754,-81
3062,16203,-580
2961,16110,-364
2980,16066,-567
2934,16052,-293
2970,16020,-239
2998,16061,-340
2976,16035,-128
3048,16064,-401
2999,15953,-65
2995,16146,-319
2972,15976,-285
2967,16092,-316
2978,16108,-272
2986,16036,-224
2974,16185,-546
3059,16041,-153
2956,16237,-510
3052,15945,-222
3036,16137,-377
2868,16069,-319
3145,16112,-163
2897,16137,-504
3046,16039,-147
2974,16150,-394
2973,15957,-194
3074,16151,-373
2876,16000,-258
3112,16170,-266
2945,16071,-338
3039,16128,-376
2988,16146,-348
3000,16042,-220
3009,16136,-337
2931,15980,-259
3087,16184,-377
2932,16037,-172
3093,16136,-394
2946,16014,-186
3000,16203,-453
3013,16082,-316
2919,16051,-308
3005,16119,-388
2945,15995,-149
2922,16208,-507
3093,15939,-173
2951,16187,-428
2979,16031,-196
3059,16071,-315
2936,16124,-400
3113,16064,-223
2920,16155,-466
2990,16014,-147
2974,16164,-471
2957,16074,-182
3036,16177,-380
2941,16014,-288
3054,16086,-284
2968,16084,-312
3129,16060,-259
2923,16164,-464
3007,16009,-206
3016,16139,-341
2898,16032,-302
3112,16117,-336
2904,16023,-244
3089,16098,-324
2956,16072,-349
2979,16094,-399
3062,16072,-366
2951,16027,-253
3005,16093,-327
2976,15994,-158
2972,16209,-434
3014,16055,-216
3002,16114,-404
2962,16047,-295
3021,16073,-283
3011,16160,-395
2998,16089,-210
3017,16152,-455
2994,16006,-143
2943,16207,-496
3033,15981,-211
2997,16147,-318
2907,16004,-338
3087,16056,-157
2895,16175,-454
3124,16010,-183
2907,16214,-480
2932,15972,-162
3084,16154,-377
2868,16049,-365
3107,16119,-340
2935,16047,-266
3035,16086,-293
3023,16084,-369
2959,16059,-253
3068,16155,-415
2951,16007,-302
3046,16161,-343
2914,16011,-280
3047,16139,-453
2919,16085,-318
3071,16039,-307
2966,16058,-256
2931,16065,-209
3082,16155,-381
3013,16030,-127
3035,16189,-516
3081,15996,-140
2954,16211,-457
3070,16034,-224
3012,16110,-309
2916,16078,-353
3060,15957,-162
2908,16098,-443
3028,15965,-151
2996,16147,-476
2915,16015,-207
3088,16178,-366
2857,16088,-382
3035,16110,-343
2950,16061,-376
3055,16029,-191
2946,16191,-423
3001,16028,-189
3006,16165,-373
2914,16018,-217
3107,16090,-270
2857,16045,-304
3049,16050,-343
2950,16102,-368
3001,16085,-291
3085,16081,-337
2885,16059,-261
3074,16170,-418
3034,16024,-156
3018,16131,-415
3024,15962,-196
2985,16136,-404
2983,16118,-308
2996,16040,-279
2967,16047,-392
2982,16057,-215
2873,16168,-528
3076,15950,-81
2962,16202,-464
2987,15999,-242
3077,16129,-340
2920,16056,-280
3074,16048,-292
2861,16092,-359
3058,16106,-303
3035,16160,-402
2922,16021,-235
3056,16141,-395
2902,16027,-300
3027,16134,-389
2950,15941,-208
3073,16090,-299
2921,16090,-326
3042,16063,-331
3009,16133,-376
2932,16020,-256
3024,16096,-477
2905,16045,-174
3033,16194,-530
3030,15967,-167
2989,16131,-438
3055,16045,-243
3007,16126,-248
3004,16125,-412
3046,16010,-184
2857,16198,-499
3038,15963,-52
3016,16163,-478
2940,16012,-185
3098,16114,-415
2862,15982,-220
3088,16070,-210
2936,16110,-445
3061,16032,-201
2986,16227,-503
3003,15979,-202
3040,16197,-403
2967,16020,-282
3088,16120,-350
2914,16044,-320
3042,16015,-233
2973,16054,-330
2941,16079,-368
3125,16133,-321
2881,16048,-240
3085,16139,-412
2931,16033,-218
3031,16191,-446
3014,16014,-323
2942,16123,-366
3027,16036,-272
3028,16045,-275
2980,16169,-422
3099,15951,-101
2964,16169,-466
2973,15993,-109
3002,16202,-448
3005,16062,-252
3009,16115,-318
2994,16061,-370
2995,16058,-136
2972,16193,-492
3064,16001,-142
2963,16204,-466
2987,15962,-228
3063,16160,-362
2913,16029,-313
3101,16067,-239
2845,16108,-317
3074,16048,-170
3010,16115,-319
2929,16091,-258
3083,16105,-352
2909,16008,-254
2995,16196,-300
2927,16013,-259
3046,16090,-385
3014,16026,-359
2928,16041,-277
2978,16097,-331
2950,16016,-239
3046,16183,-439
2935,16030,-171
3072,16135,-404
2996,16031,-181
2944,16157,-440
3039,16042,-254
2970,16068,-257
2964,16135,-398
3036,15961,-155
2923,16201,-499
3008,15974,-154
2971,16149,-426
3007,16068,-248
3122,16122,-300
2867,16096,-386
3113,16062,-181
2931,16082,-448
3037,15993,-137
3028,16127,-402
2927,15998,-221
3063,16199,-406
2940,16018,-267
3100,16135,-227
2875,16080,-408
3082,16032,-298
2958,16157,-427
2955,16009,-269
3082,16069,-365
2934,16041,-241
3141,16131,-366
2906,16008,-203
3028,16104,-284
2990,16011,-266
2911,16126,-376
3041,16101,-367
2997,16044,-212
2958,16185,-461
3040,15989,-135
2983,16210,-479
3017,16002,-127
3012,16092,-439
2973,16007,-249
3076,16137,-311
2960,16114,-387
3030,16007,-112
2981,16150,-509
3027,15969,-141
2968,16155,-473
2966,15940,-241
3038,16137,-333
2849,16040,-362
3151,16040,-182
2911,16155,-430
3104,16027,-243
2989,16150,-418
2949,16028,-249
3074,16122,-370
2837,16023,-271
3123,16121,-324
2987,16024,-256
2981,16084,-263
3038,16049,-303
2955,16100,-281
3039,16159,-402
3002,15957,-212
3016,16195,-423
2904,16027,-228
3005,16171,-486
2968,16038,-154
3004,16069,-341
3000,15991,-260
2987,16117,-251
3026,16115,-458
2997,16011,-134
2955,16167,-467
3054,15932,-172
2982,16188,-458
2991,16031,-268
3055,16083,-288
2896,16119,-376
3132,16022,-99
2914,16185,-485
3003,16040,-188
2995,16143,-432
2899,16000,-198
3071,16184,-381
2908,16014,-305
3076,16147,-261
2924,16056,-270
3007,15996,-190
2957,16116,-358
2988,16002,-277
3041,16157,-363
2942,16068,-253
3074,16148,-411
2883,16104,-305
3035,16105,-414
3032,15994,-185
2947,16097,-336
3018,16053,-252
2950,16076,-257
2970,16158,-384
3028,15994,-201
2917,16178,-478
3074,16025,-147
2964,16194,-502
2976,16035,-240
3025,16080,-347
2944,16059,-345
2998,16072,-199
3002,16091,-373
3025,16048,-135
3000,16144,-419
2944,15981,-238
3095,16134,-333
2917,16040,-408
3094,16073,-232
2928,16127,-422
3045,16009,-206
2974,16178,-461
2991,16031,-218
3061,16149,-323
2843,16035,-271
3060,16114,-361
2936,16071,-292
2981,16109,-338
3048,16013,-264
2940,16091,-305
3031,16117,-355
2965,16008,-201
3055,16148,-432
2955,15992,-171
2985,16152,-542
3011,15945,-183
2931,16140,-389
2984,15990,-241
3095,16099,-256
2916,16137,-440
3114,15992,-142
2902,16144,-490
3016,15987,-138
3039,16191,-460
2916,16017,-260
3134,16129,-354
2901,16060,-366
3084,16089,-282
2960,16081,-397
2964,15989,-220
2946,16096,-448
2952,15993,-176
3065,16172,-382
2965,16039,-300
3095,16089,-338
2942,16062,-273
3070,16090,-330
2987,16097,-314
2942,16096,-293
3110,16131,-407
2926,16049,-164
3046,16133,-419
2977,15994,-152
2952,16179,-457
3052,15949,-120
2944,16133,-337
2994,16074,-317
3032,16085,-249
2916,16183,-493
3046,16014,-131
2962,16182,-498
2944,15993,-130
3068,16160,-408
2933,15977,-221
3031,16082,-231
2930,16037,-346
3091,16075,-121
2958,16135,-455
3036,15977,-138
2973,16202,-429
2932,16006,-214
3111,16136,-410
2888,16101,-333
3158,16132,-332
2936,16078,-292
3054,16053,-258
3032,16097,-316
2896,16069,-307
3077,16108,-346
2904,15988,-219
2968,16150,-411
2982,15955,-209
2974,16110,-402
2981,16020,-183
2984,16046,-240
3039,16153,-358
3022,16041,-232
3062,16184,-444
2973,16012,-129
2968,16170,-553
2988,16017,-174
2973,16163,-400
2992,15941,-221
2985,16043,-201
2937,16129,-410
3119,15918,-134
2871,16219,-507
3026,15975,-163
3012,16205,-451
2922,16066,-308
3127,16141,-296
2894,16160,-445
3093,16055,-236
2976,16075,-384
2988,15998,-147
3059,16132,-384
2918,16013,-229
3085,16145,-312
2945,16009,-206
3051,16091,-369
2953,16064,-296
3029,16061,-324
2966,16090,-307
2990,16047,-276
3078,16151,-366
2929,16068,-206
3069,16140,-398
2961,16012,-182
2962,16244,-503
3063,16001,-213
2957,16128,-292
2984,16033,-356
3011,15981,-150
2909,16132,-415
3064,15941,-113
2945,16215,-504
2988,15972,-185
3029,16146,-400
2929,16015,-310
3088,16119,-338
2950,16119,-433
3031,16044,-149
2989,16138,-460
2974,15969,-122
3033,16135,-378
2934,15972,-206
3063,16089,-290
2868,16049,-295
3097,16114,-339
2905,16155,-420
3039,16076,-302
3046,16115,-329
2869,16096,-304
3105,16145,-385
2977,16001,-227
3068,16127,-384
2969,15977,-163
2977,16156,-282
2996,16057,-293
2944,16069,-281
3012,16123,-340
3005,15996,-164
2957,16103,-461
2949,16012,-181
3026,16164,-494
2952,16046,-217
2991,16126,-360
3035,16065,-335
2994,16114,-241
3002,16127,-454
3059,16003,-135
2929,16195,-452
3020,15946,-157
2997,16185,-321
2925,16029,-258
3044,16043,-230
2858,16072,-419
3075,16029,-171
2956,16169,-463
2979,16051,-208
3060,16111,-373
2902,16011,-299
3103,16152,-404
2903,16022,-339
3026,16111,-293
2977,16080,-277
3019,16111,-233
2992,16136,-321
2950,16050,-314
3023,16135,-331
2926,16090,-194
3030,16138,-446
2923,16067,-235
2988,16127,-396
3055,15986,-192
2912,16103,-312
3070,16057,-327
3032,16027,-189
2992,16174,-516
3094,15961,-79
2962,16197,-477
2990,15979,-185
3029,16119,-395
2867,16033,-265
3030,16034,-244
2896,16134,-447
3026,16056,-219
3001,16169,-459
2950,16002,-189
3018,16146,-368
2918,15986,-268
3062,16108,-300
2901,16072,-431
3086,16072,-231
2970,16120,-337
3017,16011,-194
3054,16140,-404
2906,16053,-245
3074,16140,-310
2863,16041,-265
3077,16144,-415
2932,16053,-326
2952,16122,-351
3036,16041,-225
2888,16064,-278
3009,16140,-353
3005,15996,-189
2999,16200,-435
3020,16009,-152
3014,16172,-451
2962,16089,-256
3002,16101,-366
2975,16044,-319
2988,16041,-192
2994,16134,-472
3028,16030,-159
2959,16171,-497
3023,15942,-184
2967,16199,-373
2964,16004,-291
3046,16117,-272
2853,16145,-428
3100,16002,-153
2908,16105,-458
2929,15996,-199
3058,16155,-410
2890,16043,-258
3024,16184,-345
2954,16056,-182
3095,16160,-365
2967,16030,-231
3023,16174,-443
3033,16071,-299
2959,16126,-346
3052,16049,-380
2890,16027,-132
2958,16168,-481
3048,15917,-176
2943,16224,-412
3000,15954,-132
3022,16143,-345
2933,16060,-366
3121,16053,-206
2902,16208,-495
3106,16019,-172
2977,16232,-433
2964,16041,-195
3047,16137,-424
2904,15998,-276
3057,16075,-218
2888,16044,-401
3036,16093,-221
3000,16138,-405
3005,16007,-184
2998,16115,-350
2895,15997,-269
3108,16145,-380
2833,16053,-251
3076,16108,-343
2989,16043,-267
2937,16171,-421
3064,16069,-326
2918,16096,-291
3006,16125,-364
2953,15962,-179
3014,16192,-432
3034,16025,-236
2996,16159,-379
2997,16009,-233
3061,16081,-278
2924,16107,-396
3028,16008,-206
2991,16182,-461
2993,15996,-144
2967,16174,-498
2976,16004,-142
2984,16174,-421
2942,16019,-268
3013,16062,-205
2939,16141,-433
3058,16040,-233
2895,16192,-437
3016,15982,-197
3041,16137,-349
2878,16050,-319
3160,16082,-284
2902,16063,-309
3048,16046,-285
3006,16075,-273
2963,16105,-240
3076,16110,-389
2963,16013,-277
3010,16162,-337
2986,16048,-289
3018,16146,-377
3009,16076,-314
3032,16135,-345
3008,16047,-271
2907,16074,-234
3044,16094,-423
2956,16010,-177
3109,16141,-345
2967,16005,-201
2948,16239,-496
3040,16012,-251
2979,16122,-298
2908,16074,-368
3042,15990,-159
2867,16149,-431
3071,16016,-165
2949,16156,-487
2959,15997,-164
3084,16138,-349
2879,16073,-373
3095,16089,-307
2958,16050,-349
3004,16033,-182
3004,16151,-390
2993,16056,-146
3057,16197,-372
2914,16011,-290
3056,16105,-253
2902,16064,-352
3094,16070,-346
2931,16105,-358
2993,16075,-314
3092,16085,-305
2865,16076,-257
3086,16131,-380
2945,15993,-204
3039,16168,-421
3030,15979,-168
2939,16177,-432
3049,16095,-327
2993,16067,-276
2935,16155,-341
2999,16015,-175
2951,16161,-432
3043,16035,-120
2984,16121,-396
2933,15961,-180
3027,16146,-365
2974,16045,-381
3051,16077,-284
2932,16102,-433
3033,16026,-133
2911,16218,-469
2991,15993,-221
3039,16171,-384
2917,16084,-346
3086,16023,-262
2869,16120,-354
3098,16058,-287
2946,16142,-397
2924,16064,-237
3094,16078,-319
2872,15984,-266
3062,16142,-341
2968,15999,-193
2987,16106,-305
3022,16084,-281
3001,16108,-367
3014,16144,-335
2953,16064,-328
3039,16141,-398
2932,16018,-201
3044,16142,-434
2983,15949,-159
3014,16114,-350
2975,15956,-216
2997,16126,-217
3029,16090,-380
3014,16037,-192
2931,16195,-490
3092,16015,-91
2932,16212,-490
2983,16030,-265
3055,16098,-342
2836,16054,-294
3103,16022,-200
2879,16073,-344
3025,16056,-192
3035,16148,-388
2942,16005,-222
3096,16142,-367
2959,16017,-328
3025,16161,-367
2906,16050,-312
3087,16075,-228
2957,16135,-318
3027,16084,-314
3016,16108,-342
2939,16037,-184
3075,16135,-375
2909,16055,-253
3035,16187,-469
3023,15993,-174
2923,16151,-383
3019,16049,-295
2956,16081,-303
3040,16109,-372
3029,16003,-159
2929,16186,-411
3018,15983,-163
3013,16173,-429
2973,16058,-273
3061,16122,-312
2938,16087,-309
3001,16071,-191
2940,16166,-484
3001,15999,-171
2972,16169,-448
3029,15984,-201
3057,16130,-324
2954,16095,-352
3088,16062,-285
2880,16084,-318
3104,15986,-192
2975,16105,-407
2926,16073,-263
3112,16100,-339
2837,16067,-322
3092,16104,-348
2896,16053,-289
3012,16163,-341
3030,16021,-327
2942,16091,-280
2996,16153,-359
3028,16015,-272
3014,16148,-381
3001,16030,-171
3024,16163,-367
2985,16026,-223
3015,16140,-376
2997,16077,-322
2929,16023,-267
2975,16057,-384
2923,15990,-123
2944,16161,-496
3049,15924,-143
2928,16205,-436
2980,16001,-244
3054,16145,-345
2930,16044,-271
3052,16166,-237
2958,16078,-393
3027,16068,-295
2961,16160,-425
2970,16036,-249
3009,16138,-312
2953,16048,-252
3037,16096,-342
2916,16011,-200
3054,16069,-296
2980,16029,-244
2949,16094,-378
3088,16074,-271
2898,16067,-278
3017,16104,-369
2988,16012,-192
2947,16206,-501
3035,16002,-220
2980,16125,-348
2989,16060,-270
3060,16125,-320
2945,16136,-399
3104,16023,-164
2920,16130,-474
2993,15985,-148
2979,16163,-377
2993,16005,-229
3045,16149,-315
2940,16071,-265
3042,16085,-221
2927,16143,-420
3027,15984,-208
2959,16175,-405
2976,16024,-268
3091,16081,-285
2853,16068,-332
3152,16084,-271
2888,16069,-261
3017,16046,-236
3046,16063,-295
2954,16105,-351
3093,16138,-351
2966,16028,-224
3016,16150,-434
2957,16020,-226
2987,16160,-415
3026,16013,-187
2997,16052,-358
2986,16087,-269
3001,16087,-291
3017,16116,-435
2977,15988,-143
2968,16151,-479
3004,16041,-134
2995,16188,-389
2951,16032,-323
2967,16069,-297
2883,16062,-425
3116,15937,-117
2875,16192,-453
3053,15969,-165
2962,16160,-404
2922,16042,-262
3063,16093,-328
2867,16078,-295
3065,16092,-228
2926,16065,-358
2984,16083,-205
3025,16095,-385
2963,16065,-279
3060,16170,-362
2947,16005,-266
3033,16122,-389
2892,16036,-326
3011,16089,-333
2992,16015,-213
2967,16091,-287
3052,16098,-328
2923,16081,-256
3075,16163,-388
2944,16005,-183
2970,16214,-426
3032,15989,-236
2953,16162,-406
2995,16052,-285
3045,16031,-188
2864,16103,-386
3050,15979,-80
2934,16143,-473
3008,16042,-210
3033,16108,-393
2974,16045,-225
3060,16168,-354
2997,16119,-447
3029,16078,-236
2951,16125,-428
3021,16008,-214
2942,16158,-378
2920,15995,-241
3037,16088,-306
2817,16033,-323
3146,16049,-285
2911,16107,-323
3032,16084,-274
3023,16075,-307
2930,16094,-303
3106,16105,-359
2933,16085,-271
3039,16169,-393
2988,16006,-189
2956,16093,-353
3018,16009,-216
2983,16073,-369
2985,16121,-297
2967,16022,-201
3000,16101,-392
2965,16048,-214
3007,16170,-450
2994,16014,-174
3008,16141,-379
3024,16080,-305
2988,16121,-302
2968,16127,-457
3040,16000,-132
2901,16144,-463
3038,15977,-164
2994,16151,-396
2914,16014,-259
3120,16059,-247
2890,16108,-358
3072,16087,-217
2936,16137,-439
2993,16090,-273
3036,16115,-409
2901,16055,-235
3051,16129,-375
2939,15992,-342
3033,16155,-289
2945,16000,-289
3006,16027,-245
2953,16097,-323
3000,16069,-288
3017,16122,-319
2916,16056,-244
3054,16183,-377
2906,16067,-248
2981,16130,-490
3037,16022,-179
2957,16143,-359
3079,16070,-327
3073,16049,-211
3015,16136,-445
3044,15979,-109
2954,16163,-398
3025,15993,-187
3033,16142,-412
2890,16057,-235
3063,16091,-273
2918,16091,-402
3034,16126,-230
2978,16160,-442
2997,16026,-180
3022,16153,-413
2968,16004,-306
3073,16130,-280
2873,16072,-370
3112,16054,-220
2875,16107,-302
3042,15994,-222
3039,16130,-352
2898,16066,-288
3126,16150,-368
2889,16072,-267
3043,16188,-377
2974,16049,-290
2962,16139,-385
3086,16006,-197
2923,16059,-318
2993,16081,-357
3021,16016,-209
3012,16187,-384
2977,16016,-177
2965,16156,-437
3005,16036,-236
3032,16158,-364
2959,16033,-324
2983,16091,-223
2968,16120,-471
3049,16010,-140
2963,16180,-492
3054,15999,-150
2991,16168,-361
2965,16005,-247
3070,16074,-228
2890,16107,-395
3120,16005,-177
2961,16130,-392
3034,16054,-219
3034,16119,-342
2873,16074,-273
3101,16118,-340
2880,16058,-362
3059,16156,-332
2963,16084,-344
3038,16050,-250
2998,16071,-271
2975,15976,-240
3023,16102,-340
2974,16017,-228
3074,16123,-322
2974,16043,-195
2977,16181,-471
2989,16062,-236
2930,16111,-357
3061,16068,-342
3102,16095,-236
2924,16151,-506
3113,16062,-132
2969,16128,-392
2977,16043,-197
3027,16126,-400
2957,16047,-230
3066,16128,-236
2905,16072,-395
3074,16081,-312
2938,16140,-388
3006,16044,-260
2994,16123,-379
2934,16077,-260
3128,16125,-348
2888,16051,-275
3092,16085,-286
2944,16015,-225
2963,16143,-264
3059,16043,-298
2929,16129,-318
3037,16084,-328
2959,16001,-212
2943,16208,-494
3078,15990,-222
2918,16158,-422
2979,15949,-199
3027,16055,-274
2976,16104,-363
3008,16047,-199
2987,16167,-456
2990,15999,-112
2952,16143,-471
2977,15988,-191
3029,16154,-394
2919,16039,-311
3032,16039,-205
2871,16112,-400
3065,16066,-231
2926,16182,-465
3029,16074,-201
3053,16164,-372
2860,16064,-299
3091,16120,-295
2878,16023,-265
3038,16068,-241
2963,16049,-300
2994,16122,-194
3045,16176,-379
2952,16054,-296
2970,16124,-342
2965,15987,-247
2986,16132,-465
2953,16045,-221
2981,16132,-370
2975,16089,-212
2955,16112,-304
3095,16084,-332
2967,16065,-235
3053,16136,-425
2985,15992,-199
2935,16185,-478
3051,15960,-221
2978,16076,-286
2926,16092,-302
3049,16019,-186
2897,16157,-451
3111,16034,-124
2972,16224,-486
2943,16011,-245
3034,16177,-400
2922,16049,-290
3063,16138,-270
2907,16021,-406
3028,16034,-158
2982,16121,-317
2996,15966,-193
3018,16140,-330
2872,16013,-269
3090,16151,-262
2904,16102,-378
3080,16079,-370
2921,16106,-413
2983,16043,-311
3075,16102,-264
2897,16063,-223
3090,16116,-376
2961,15975,-155
3029,16198,-400
3045,15964,-129
2931,16162,-433
3041,16046,-261
3009,16085,-300
2933,16095,-358
3001,15975,-199
2944,16154,-490
3008,16080,-140
2990,16174,-414
2992,16024,-213
3060,16141,-304
2948,16090,-356
3048,16081,-235
2871,16128,-486
3052,15991,-147
2937,16175,-439
2996,15993,-196
3026,16139,-344
2914,16028,-271
3108,16039,-235
2842,16106,-334
3072,16077,-300
2989,16133,-400
2979,16106,-232
3068,16130,-383
2885,16026,-313
3022,16134,-380
2967,15983,-216
3010,16090,-307
2978,16046,-204
3003,16119,-332
2995,16119,-300
2993,16058,-295
3004,16023,-332
2932,16070,-212
3040,16172,-469
3005,16000,-260
2967,16182,-471
2999,16005,-221
2995,16106,-293
3025,16104,-326
3082,16008,-200
2885,16183,-469
3087,15960,-81
2941,16158,-448
2986,15977,-218
3096,16082,-314
2893,16055,-286
3095,16065,-261
2890,16109,-363
3036,16094,-241
2960,16151,-407
2975,16064,-261
3052,16148,-371
2897,16035,-310
3097,16180,-274
2890,16087,-304
3096,16023,-234
2946,16120,-313
2983,16084,-308
3017,16125,-346
2899,16051,-285
3062,16105,-410
2905,16031,-247
3012,16133,-427
3064,16002,-209
2940,16152,-367
3051,16016,-248
2981,16020,-275
2995,16114,-365
3081,16029,-181
2983,16229,-459
3042,16015,-98
3004,16166,-447
2937,16038,-300
3064,16131,-292
2951,16033,-297
3020,16016,-158
2945,16097,-471
3004,15952,-122
2991,16183,-463
3021,15968,-190
3057,16186,-378
2921,16048,-351
3119,16085,-319
2822,16061,-338
3108,16025,-181
2945,16119,-381
2962,16093,-283
3082,16134,-357
2866,16050,-251
3044,16110,-279
2940,15983,-240
3004,16156,-359
2975,16071,-350
2981,16073,-299
2977,16100,-313
2949,16057,-266
3013,16151,-425
2995,16062,-166
3040,16171,-412
2949,16021,-223
2993,16138,-442
3020,16050,-312
2980,16071,-254
3013,16043,-300
2982,16018,-125
2926,16185,-497
3043,15944,-122
2921,16190,-422
3000,16013,-232
3079,16156,-413
2971,16152,-387
3124,16085,-198
2890,16119,-375
3091,16038,-130
2996,16133,-366
2914,16039,-192
3063,16111,-351
2891,15977,-251
3101,16060,-234
2902,16051,-361
3071,16038,-274
2918,16196,-417
2986,16030,-278
3019,16132,-352
2980,16038,-232
2956,16137,-439
3045,15989,-151
2951,16191,-471
3022,15996,-215
2971,16155,-415
2993,16056,-271
3087,16132,-305
2903,16101,-422
3061,16024,-147
2923,16112,-527
3012,15977,-53
3025,16176,-470
2994,16007,-197
3017,16167,-371
2902,16025,-285
3141,16050,-196
2860,16143,-447
3078,16023,-256
2942,16181,-442
2942,16020,-257
3070,16114,-364
2877,16104,-302
3102,16102,-303
2896,15999,-222
3075,16077,-286
3009,16041,-320
2897,16083,-281
3049,16119,-381
2970,16005,-192
2976,16178,-454
2973,16000,-220
2999,16141,-412
2960,15985,-137
2992,16081,-382
2988,16055,-265
3021,16119,-219
3052,16145,-394
2960,16033,-119
2985,16199,-478
3042,15974,-134
2953,16206,-484
2994,16014,-256
3000,16114,-284
2884,16083,-339
3084,16019,-139
2874,16192,-458
3105,16001,-176
2985,16165,-456
2911,15994,-230
3094,16147,-377
2891,16045,-317
3094,16138,-325
2943,16047,-293
3037,16041,-233
2999,16110,-346
2984,16015,-265
3048,16112,-342
2921,15983,-247
3062,16102,-412
2852,16031,-228
3048,16108,-366
2979,16037,-206
2955,16051,-311
3032,16075,-295
2945,16083,-254
3052,16162,-449
3001,15991,-136
2975,16203,-407
3023,16049,-124
2970,16169,-422
3010,16066,-303
3031,16063,-262
2865,16116,-404
3027,15953,-125
2956,16121,-478
2971,16000,-120
3023,16142,-436
2942,15998,-185
3064,16183,-350
2950,16086,-349
3074,16127,-242
2918,16111,-390
3034,16012,-176
2992,16191,-374
2969,16021,-269
3088,16133,-305
2834,16024,-280
3099,16075,-320
2863,16069,-361
3057,16072,-283
2977,16042,-376
2922,16075,-254
3092,16178,-414
2915,16056,-209
3018,16193,-455
2986,15957,-160
2998,16145,-336
2982,16070,-246
3009,16096,-396
2997,16099,-283
3016,16047,-245
2956,16076,-375
2952,15975,-154
3026,16145,-483
3031,15949,-154
3007,16167,-432
3032,16008,-221
2995,16156,-345
2941,16099,-473
3104,16046,-144
2892,16193,-430
3077,15926,-106
2968,16184,-453
2931,16014,-193
3125,16112,-345
2859,16045,-345
3075,16115,-316
2937,16114,-390
2978,16066,-255
3012,16076,-416
2898,16017,-243
3053,16146,-348
2958,16078,-290
3063,16160,-338
2901,16044,-256
3080,16082,-299
2957,16080,-286
3001,16075,-314
3037,16117,-345
2937,16041,-224
3021,16105,-445
2911,15968,-158
2975,16198,-451
3033,15961,-101
2944,16123,-391
2980,16046,-294
3055,16079,-218
2925,16153,-465
3075,15982,-130
2924,16152,-486
3011,15977,-144
3020,16167,-403
2955,16022,-198
3096,16124,-284
2926,16040,-369
3046,16082,-151
2958,16094,-453
3042,16028,-156
3005,16158,-432
2963,16023,-230
3040,16155,-362
2882,16053,-370
3126,16057,-304
2919,16090,-353
3051,16034,-247
2991,16107,-350
2941,16106,-270
3054,16119,-337
2895,15991,-176
3030,16139,-417
2948,16020,-257
2991,16130,-407
3042,16002,-206
2929,16081,-323
2970,16095,-354
3051,16026,-208
3013,16168,-448
2971,16016,-176
2975,16150,-496
3008,16003,-173
3016,16196,-433
3000,16012,-344
3047,16073,-207
2978,16096,-406
3124,15994,-42
2957,16234,-523
3071,15970,-108
2960,16241,-480
2935,16000,-253
3114,16123,-341
2861,16071,-406
3115,16037,-172
2882,16070,-327
3037,15997,-190
3005,16126,-360
2964,16040,-225
3125,16144,-387
2879,15971,-261
3092,16172,-367
2930,16113,-350
2991,16091,-352
2962,16064,-225
2983,16002,-216
3011,16126,-353
2963,16033,-217
3126,16158,-387
2928,16032,-200
2968,16197,-432
3006,15999,-202
2965,16159,-393
3013,16046,-301
2994,16028,-175
2914,16165,-471
2999,15916,-171
2920,16201,-511
3025,15977,-149
2992,16160,-409
2909,16057,-311
3105,16129,-261
2880,16137,-420
3053,16012,-171
2950,16108,-402
2987,16011,-113
3033,16246,-393
2967,16047,-255
3158,16135,-329
2914,16084,-241
3114,16170,-367
2988,16021,-206
2969,16154,-352
3058,16062,-258
2980,16147,-320
2994,16147,-417
2986,15986,-179
2937,16124,-412
2992,15969,-180
2977,16124,-381
2961,15995,-163
3043,16088,-294
2957,16069,-357
3015,16118,-260
3032,16146,-458
3001,16060,-121
2933,16196,-553
3023,16005,-109
2972,16216,-435
2960,15996,-250
3048,16049,-211
2897,16110,-324
3122,16035,-203
2876,16135,-407
3020,15962,-219
3032,16066,-388
2850,16026,-238
3110,16130,-358
2876,15989,-375
3092,16163,-285
2993,16097,-285
3000,16107,-234
3008,16153,-378
2966,16033,-250
3083,16137,-342
2932,15971,-212
3006,16115,-417
2925,15984,-222
3046,16093,-377
3015,15947,-156
2968,16096,-320
3024,16062,-346
2987,16081,-215
3032,16215,-471
3028,16018,-133
2950,16250,-576
3053,16019,-185
3019,16192,-412
2879,16050,-327
3040,16011,-144
2855,16112,-407
3127,15983,-158
2922,16129,-451
2987,15955,-159
3020,16138,-435
2931,16010,-251
3103,16179,-346
2981,16118,-394
3061,16104,-275
2963,16131,-377
3019,16012,-214
3012,16146,-385
2944,16008,-225
3105,16098,-265
2891,15999,-214
3108,16094,-348
2888,16023,-290
3018,16039,-325
2985,16061,-280
2907,16090,-282
3036,16193,-413
2989,16062,-257
3063,16238,-429
3044,15997,-173
2959,16192,-493
2993,15992,-200
3007,16037,-311
2923,16071,-303
3004,16005,-156
2971,16104,-400
3050,15978,-98
2942,16161,-513
2991,15961,-103
3023,16188,-396
2961,16051,-291
3065,16134,-342
2937,16169,-504
3102,16017,-153
2852,16185,-446
3053,15960,-111
3059,16142,-383
2857,16023,-218
3127,16069,-276
2839,16008,-283
3086,16095,-352
2959,16090,-375
2980,16080,-237
3039,16101,-352
2924,15990,-232
3059,16175,-414
2968,15982,-203
3000,16192,-432
2983,16012,-167
3003,16187,-438
2981,16075,-267
2994,16113,-285
2973,16070,-330
2932,15971,-210
3017,16130,-492
3012,15946,-147
2994,16177,-500
3049,16011,-202
3029,16151,-303
2966,16058,-256
3090,16040,-182
2919,16196,-463
3100,16005,-72
2945,16200,-474
2994,16020,-160
3021,16212,-453
2901,16033,-235
3093,16077,-285
2912,16032,-337
3072,16104,-226
2955,16120,-385
3015,16018,-196
3040,16138,-383
2929,15979,-220
3077,16154,-335
2880,16033,-240
3090,16136,-365
2887,16109,-264
3052,16152,-398
3001,16084,-330
2950,16063,-243
3036,16068,-331
2913,15949,-106
2967,16178,-459
3071,15970,-131
2955,16128,-402
2996,15992,-203
2968,16076,-296
3017,16117,-412
3081,16043,-206
2977,16203,-499
3019,16016,-103
2974,16174,-469
2966,15978,-125
3032,16184,-400
2948,16012,-231
3006,16091,-211
2922,16103,-390
3102,16034,-164
2917,16211,-502
2979,15940,-194
3020,16122,-328
2954,15983,-261
3114,16090,-327
2869,16016,-262
3128,16059,-261
2925,16079,-332
2977,16161,-198
3076,16132,-389
2934,16065,-238
3040,16177,-351
2974,16176,-429
2982,16120,-302
2943,16023,-236
3012,16003,-172
2939,15963,-152
3033,16050,-211
2939,16081,-329
2893,16150,-480
2951,16185,-456
3011,16176,-370
3087,16092,-241
3093,16015,-221
2956,16071,-168
2932,15986,-234
2894,16022,-248
2924,16076,-343
2977,16066,-277
3091,16170,-380
3036,16189,-425
2955,16232,-452
2956,16096,-281
3013,15946,-87
3046,15993,-68
2935,16004,-152
2957,16198,-504
3043,16187,-415
3035,16040,-278
3084,16040,-259
3012,16081,-236
2949,16069,-215
2902,16004,-142
2994,15997,-217
3034,16091,-256
2956,16133,-379
2981,16180,-497
3011,16175,-428
2992,16214,-364
3021,16085,-127
3023,15955,-98
3037,15921,-192
2921,16020,-260
2878,16150,-413
2951,16228,-505
3059,16179,-409
3044,16140,-322
3001,16024,-181
3015,16062,-311
2959,16032,-226
2926,16059,-235
3029,16006,-269
3013,16024,-256
3018,16096,-398
2911,16137,-429
2932,16157,-475
3087,16124,-346
3054,16064,-147
3005,16048,-182
2971,15959,-89
2963,16015,-238
2884,16074,-357
2923,16149,-422
3087,16168,-392
3117,16170,-299
3026,16134,-394
2953,16106,-265
2984,16037,-206
3008,15996,-187
2991,15992,-173
3039,16051,-249
2984,16072,-322
2964,16166,-453
2954,16261,-536
3028,16159,-317
3132,16045,-258
3125,15954,-119
2917,15990,-216
2871,15994,-242
2930,16028,-316
2988,16112,-431
3020,16181,-334
3081,16201,-338
3035,16126,-363
2980,16073,-380
2924,16059,-278
2959,16014,-152
3016,15982,-74
2996,16023,-220
2935,16113,-388
2925,16121,-429
2990,16139,-448
3069,16141,-359
3106,16028,-170
3053,16031,-192
2977,16002,-188
2906,16058,-330
2901,16032,-260
2984,16025,-253
3077,16092,-275
2981,16147,-419
3003,16210,-478
2983,16183,-391
3077,16134,-322
3038,16020,-86
2989,15891,-61
3003,15941,-223
2906,16049,-284
2872,16194,-529
2960,16220,-516
3082,16176,-374
3107,16085,-222
3027,16013,-133
2950,16043,-288
2939,16027,-216
2933,16054,-211
2943,16106,-250
3038,16088,-276
3017,16135,-436
2984,16199,-404
2930,16196,-397
2971,16087,-316
3061,16028,-136
3052,16038,-220
2999,16037,-222
2918,16043,-354
2930,16032,-308
2978,16121,-349
3035,16119,-363
3122,16176,-381
3113,16107,-336
2951,16039,-260
2953,16036,-184
2958,15916,-128
3066,15967,-176
2979,16212,-483
2980,16117,-425
3037,16065,-260
3058,15995,-141
3053,15954,-114
2998,16013,-199
2862,16092,-346
2883,16167,-411
3019,16048,-391
3106,16104,-360
3084,16139,-296
3009,16111,-270
3014,16116,-331
2984,16073,-252
2874,16041,-182
2985,15935,-93
3007,15948,-232
2971,16111,-438
2910,16222,-487
2992,16284,-518
3126,16116,-295
3083,16094,-143
3019,16003,-144
2942,15991,-184
2934,16054,-339
2908,16075,-326
3007,16145,-358
3111,16167,-382
3052,16162,-422
2982,16131,-406
2940,16113,-317
3044,16053,-207
3022,15952,-146
3013,16017,-124
2944,16000,-277
2991,16084,-394
2943,16168,-472
2952,16184,-504
3033,16132,-289
3090,16064,-255
3068,16020,-184
2902,16062,-293
2877,16063,-196
2927,16027,-246
3012,16002,-251
2986,16113,-330
3026,16144,-407
3006,16176,-498
2978,16145,-398
2965,16089,-210
3094,15970,-117
3045,15956,-100
2958,15971,-191
2901,16105,-361
2905,16113,-393
3041,16162,-454
3078,16153,-344
3038,16172,-332
3020,16054,-237
2977,16007,-200
2913,15999,-177
2917,16012,-233
3033,16063,-276
3050,16113,-369
2982,16171,-466
2942,16217,-424
2953,16097,-300
3084,16042,-230
3048,16007,-123
2980,15987,-126
2998,16033,-238
2921,16078,-356
2930,16160,-455
3008,16106,-355
3132,16087,-361
3137,16076,-290
3012,16082,-236
2937,16093,-322
2971,15970,-205
2956,15992,-177
3014,16014,-119
2973,16059,-252
3026,16145,-447
2938,16207,-529
2965,16222,-430
3073,16082,-245
3098,16037,-182
3013,16012,-162
2912,16076,-228
2891,16030,-367
2962,16023,-304
3021,16146,-432
3074,16164,-303
3073,16187,-403
3067,16116,-422
2921,16088,-326
2968,16027,-191
3028,15933,-149
3036,15942,-207
2952,16050,-315
2930,16163,-452
2984,16189,-485
3011,16179,-390
3087,16146,-240
3046,16005,-187
3026,15966,-141
2910,16051,-328
2915,16120,-328
2906,16130,-405
3037,16116,-349
2949,16178,-452
3032,16082,-354
2986,16082,-240
3052,16044,-158
3009,16022,-161
3025,16023,-228
2912,16150,-457
2927,16171,-472
3031,16181,-399
3144,16093,-273
3078,16097,-341
2962,16081,-199
2964,16019,-251
2928,15999,-215
2999,16007,-239
3019,16084,-329
3063,16083,-334
3056,16146,-455
2948,16205,-437
2981,16158,-276
3033,16062,-215
3041,15955,-47
3015,15956,-120
2912,16089,-255
2935,16101,-334
2941,16222,-532
3019,16221,-419
3059,16086,-298
3104,16053,-212
3002,16048,-288
2869,16053,-290
2908,16063,-202
3054,16038,-272
3034,16074,-221
2995,16089,-350
3002,16152,-385
3001,16141,-430
2985,16119,-342
2982,16074,-247
3049,16007,-160
3029,15980,-159
2934,16034,-252
2850,16044,-308
2967,16120,-390
3114,16123,-364
3049,16151,-306
3007,16116,-306
3006,16111,-309
2975,16078,-222
2920,16014,-214
2994,16016,-141
3039,16018,-278
3021,16093,-341
2932,16172,-496
2913,16186,-509
3046,16143,-370
3107,16093,-247
3070,15974,-99
2966,15955,-163
2915,16004,-239
2908,16110,-338
2935,16201,-485
3044,16126,-354
3097,16092,-360
3076,16123,-337
2928,16170,-406
2938,16064,-319
2966,16004,-202
3040,16003,-109
2987,16032,-265
2964,16069,-331
2949,16164,-496
2950,16182,-461
2986,16173,-428
3020,16048,-255
3084,16098,-225
2991,16041,-238
2900,16053,-261
2881,15986,-233
2981,16053,-333
3051,16121,-350
3018,16129,-365
3082,16169,-438
2981,16109,-383
2999,16134,-208
2992,16053,-130
3046,15970,-155
3057,15999,-181
2929,16120,-316
2898,16163,-421
2988,16147,-469
3077,16110,-336
3098,16098,-307
3036,16083,-199
3035,16054,-255
2949,16083,-216
2897,16089,-252
2981,16003,-308
3071,16045,-266
3088,16128,-406
3024,16135,-395
2961,16146,-454
3017,16089,-290
2995,16034,-170
2994,16041,-116
2996,16025,-136
2985,16020,-321
2885,16081,-369
3105,16095,-298
3044,16085,-286
2934,16065,-275
2938,16043,-233
2983,16009,-190
2987,16031,-237
3020,16123,-304
3057,16124,-400
2987,16169,-505
2929,16188,-393
3005,16134,-278
3139,16008,-143
3085,15926,-101
2958,16011,-184
2919,16053,-273
2938,16133,-399
2977,16134,-420
3052,16120,-328
3090,16096,-339
3098,16049,-218
2990,16107,-323
2911,16079,-263
2939,16027,-253
3045,15998,-128
3006,16051,-288
2968,16129,-366
2959,16115,-449
3018,16144,-404
3000,16143,-334
3035,16085,-209
3056,16008,-148
3003,15975,-227
2882,16044,-302
2868,16050,-325
2998,16123,-347
3110,16143,-352
3045,16185,-396
3036,16144,-396
2973,16057,-296
2962,16053,-254
2947,16014,-186
2992,16021,-147
2990,16073,-288
2984,16134,-391
2904,16198,-489
2957,16197,-376
3078,16027,-324
3099,16004,-217
2995,16016,-145
2953,16043,-280
2931,16047,-280
2909,16067,-371
2974,16053,-238
3022,16067,-285
3071,16059,-370
2957,16101,-349
2923,16169,-431
2960,16109,-309
3032,16012,-172
2979,16013,-152
2970,16027,-226
2937,16039,-345
2918,16064,-448
2968,16185,-412
3033,16163,-346
3116,16113,-293
3057,16063,-179
2918,16066,-190
2888,16009,-234
2934,16013,-259
3036,16074,-302
3041,16133,-344
2981,16145,-365
3017,16123,-419
2984,16120,-369
3002,16138,-370
3041,16044,-167
3071,15967,-144
3008,15983,-228
2858,16076,-334
2936,16120,-406
3039,16074,-345
3104,16112,-339
3071,16091,-248
3017,16037,-140
2977,16060,-218
2964,16099,-257
2922,16120,-309
3045,16020,-212
3081,16034,-224
2989,16108,-347
2959,16135,-414
2951,16141,-369
3081,16077,-281
3110,16079,-169
3005,16037,-166
3018,16009,-174
2925,16076,-352
2886,16115,-409
2988,16143,-409
3139,16134,-357
3094,16143,-334
2982,16113,-342
2917,16087,-227
2967,16013,-146
2976,16008,-203
3026,16071,-228
2997,16073,-341
2995,16137,-390
3062,16098,-224
3094,15998,-166
3065,15987,-187
2897,16020,-255
2852,16048,-310
2956,16102,-387
3003,16121,-291
3057,16143,-379
3093,16100,-338
3025,16125,-259
2948,16116,-283
2957,16070,-223
3008,16010,-236
3033,15995,-146
3001,16113,-305
2963,16122,-396
2928,16135,-441
3020,16194,-388
3041,16127,-269
3091,16067,-235
3036,15997,-209
2953,16021,-205
2850,16051,-238
2881,16092,-289
3044,16113,-308
3047,16151,-316
2979,16146,-349
2947,16167,-435
2948,16129,-279
3020,16073,-209
2997,16019,-189
2989,16010,-232
2983,16059,-274
2924,16132,-418
2894,16183,-346
3000,16125,-360
3173,16123,-214
2997,16050,-108
2959,16006,-245
2964,15982,-39
2843,16176,-377
2993,16014,-303
3020,16078,-214
3047,16095,-325
3054,16153,-416
2950,16158,-427
2931,16193,-395
3063,16035,-95
3010,16089,-163
2948,15954,-220
2955,16085,-143
2864,16152,-514
2901,16031,-398
3024,16213,-370
3118,16195,-241
3037,16019,-292
3069,16050,-197
2904,16104,-279
2941,15986,-153
2973,16060,-282
3045,16109,-305
2975,16078,-311
2996,16195,-348
2932,16137,-359
3025,16142,-366
3046,16066,-230
3024,16050,-147
3059,15959,-169
2937,16023,-200
2821,16094,-425
2947,16175,-412
3120,16156,-315
3099,16112,-292
3075,16132,-187
3032,16141,-306
2966,16025,-284
2931,16002,-154
3034,16052,-271
3000,16014,-222
3040,16061,-329
3013,16240,-415
2936,16158,-484
3012,16125,-351
3073,16075,-202
3065,16008,-199
2969,15982,-126
2928,16000,-268
2929,16033,-273
2908,16116,-334
3058,16120,-408
3127,16081,-288
3073,16152,-362
3010,16111,-316
2894,16045,-242
3064,16009,-171
3056,16013,-165
3000,16065,-278
2970,16033,-311
2913,16099,-421
2985,16196,-423
3012,16186,-335
3078,16082,-272
3124,16011,-162
3024,16067,-189
2850,16071,-253
2876,15971,-241
2905,16088,-326
3028,16144,-249
3077,16248,-354
3009,16064,-210
2871,15931,-158
3040,15839,18
3010,16048,-152
3026,16245,-433
2924,16242,-479
2953,16184,-431
3096,16063,-222
2994,16019,-194
3003,16017,-138
2972,16032,-210
2949,16158,-353
2925,16176,-388
2943,16018,-271
3049,15962,-256
3015,16015,-243
2921,16100,-419
2996,16188,-383
3050,16118,-350
3065,16118,-253
3012,15976,-91
2937,15956,-116
2911,15949,-223
2938,16114,-435
2905,16252,-529
3070,16162,-361
3136,16117,-184
3104,16055,-208
2932,16075,-240
2922,16024,-210
2960,15975,-194
3002,16036,-242
3035,16102,-271
3045,16083,-365
3006,16162,-365
2969,16143,-451
2985,16063,-278
3102,15955,-108
3061,16012,-148
2946,16032,-224
2902,16116,-339
2924,16076,-354
3014,16140,-401
3050,16109,-294
3039,16083,-324
3087,16111,-347
3030,16105,-293
2928,16017,-251
2970,16043,-163
3041,16003,-128
3052,16094,-307
2959,16053,-389
2977,16160,-433
3005,16166,-402
3081,16132,-451
3073,16092,-194
3083,15985,-107
2978,15979,-148
2886,16022,-265
2862,16115,-361
3015,16024,-421
3072,16154,-372
3109,16150,-395
2997,16124,-260
3005,16123,-332
3015,15999,-146
2925,15982,-209
3025,15993,-109
3036,16045,-247
2994,16150,-424
2912,16178,-502
2935,16152,-412
3036,16060,-267
3117,16024,-88
3054,16043,-178
2961,16052,-228
2889,16051,-295
2896,16093,-239
2951,16077,-292
3032,16090,-290
3097,16104,-353
3018,16176,-416
2985,16183,-354
2994,16090,-266
3053,15991,-66
3014,15992,-51
2942,16004,-278
2916,16083,-378
2953,16178,-480
2991,16193,-526
3036,16185,-325
3060,16068,-180
3099,15961,-182
2937,16046,-189
2854,16033,-213
2903,16022,-259
3008,16033,-184
3004,16104,-332
3044,16207,-449
2983,16146,-385
3003,16091,-351
2968,16024,-214
3097,16048,-112
3099,15973,-126
3002,16069,-213
2922,16123,-395
2849,16125,-326
3013,16117,-410
3073,16116,-331
2993,16050,-227
2898,16068,-244
2943,16011,-195
2964,16033,-177
3021,16050,-307
2981,16145,-463
2938,16198,-456
2969,16164,-359
3099,16106,-247
3070,16038,-164
3023,15968,-89
2950,15953,-162
2920,16026,-302
2933,16156,-431
2981,16115,-396
3100,16151,-361
3126,16131,-312
3032,16051,-224
2950,16101,-266
2945,15983,-174
2985,16001,-154
2975,16012,-174
3010,16120,-258
3008,16188,-463
3000,16160,-488
2957,16173,-389
3045,16102,-247
3164,16039,-169
3053,15983,-142
2943,16055,-248
2887,16076,-342
2935,16076,-318
3000,16107,-371
3030,16162,-315
3076,16103,-352
3067,16138,-318
2957,16089,-277
2971,16107,-241
3035,15970,-98
3042,15964,-189
2970,16023,-257
2900,16129,-412
2935,16236,-553
3094,16195,-420
3072,16160,-342
3085,16046,-117
3008,15964,-89
2992,16000,-147
2860,16024,-278
2894,16121,-363
3029,16042,-267
3094,16149,-351
3041,16193,-403
3029,16214,-433
2993,16077,-328
3005,15992,-185
3073,15999,-137
2964,15987,-155
3043,16037,-254
2985,16146,-450
2905,16152,-462
2971,16128,-390
3093,16073,-275
3085,16127,-280
3055,16081,-283
2888,16056,-222
2952,15956,-196
2912,15991,-200
2969,16086,-262
3022,16061,-328
3033,16137,-420
2964,16218,-426
2951,16136,-339
3021,16056,-190
3085,15926,-51
2999,15962,-125
2926,16035,-209
2899,16133,-403
2942,16163,-452
3026,16176,-378
3039,16131,-343
3110,16083,-220
3017,16114,-170
2921,16094,-226
2913,16016,-179
2969,16074,-252
3041,16007,-127
3006,16114,-313
2969,16075,-350
2988,16140,-472
3031,16173,-437
3028,16124,-206
3083,15995,-113
3035,15950,-56
2970,16018,-221
2855,16034,-390
2929,16100,-360
3046,16110,-349
3077,16177,-309
3065,16169,-338
3043,16110,-297
2987,15994,-199
2929,16007,-182
2967,15984,-133
3024,16029,-191
3035,16100,-366
2968,16191,-473
2957,16211,-515
3050,16176,-339
3032,16202,-424
2927,15974,-168
2885,16042,-291
2947,16110,-396
3022,16145,-332
3123,16125,-317
3099,16158,-323
2949,16187,-441
2986,16092,-274
2978,15998,-137
3064,15975,-115
2968,16025,-170
2956,16119,-317
2960,16137,-428
2962,16187,-473
3004,16203,-416
3100,16085,-240
3120,16093,-246
3043,16021,-183
2889,16000,-239
2917,16018,-174
2964,15995,-250
3026,16140,-393
3036,16152,-401
3046,16187,-472
3055,16173,-442
2992,16063,-232
2979,16037,-196
3059,15912,-35
3061,15953,-148
2938,16083,-301
2887,16150,-437
2962,16227,-564
3043,16200,-396
3041,16145,-332
3051,15976,-167
2987,16034,-217
2930,16040,-211
2864,16120,-243
2968,16117,-335
3097,16081,-278
3050,16131,-331
2986,16147,-399
2969,16175,-444
3034,16126,-319
3025,16078,-226
3062,16056,-94
2964,15958,-118
2996,16006,-209
2898,16030,-327
2938,16129,-452
3019,16140,-411
3107,16131,-304
3078,16139,-289
2954,16069,-272
2856,16003,-224
2979,15973,-88
2958,15966,-166
3006,16057,-254
2999,16089,-374
3018,16255,-532
2947,16239,-481
3003,16142,-423
3130,16030,-149
3093,15917,-33
3003,15982,-151
2881,15983,-264
2890,16132,-392
3019,16201,-445
3061,16124,-309
3068,16106,-319
3135,16098,-244
3017,16132,-346
2937,16112,-255
2932,16020,-112
3031,15973,-182
3088,15990,-169
2934,16112,-329
2898,16142,-459
3004,16148,-468
3044,16164,-418
3100,16103,-224
3057,16050,-177
3044,15934,-142
2902,16012,-201
2909,16070,-261
2955,16104,-291
3063,16111,-398
3092,16139,-405
2996,16158,-401
2962,16105,-357
3002,16131,-248
2999,16012,-177
3012,15932,-101
2997,15962,-187
2968,16040,-351
2924,16166,-497
3074,15950,-143
2989,15969,-137
2867,16124,-291
2903,16072,-316
2977,16109,-359
3055,16204,-392
3049,16148,-336
3024,16120,-319
3023,16066,-283
2992,16073,-213
3104,16112,-383
2985,16139,-386
3016,15983,-136
2933,16206,-448
2953,16014,-210
2949,16096,-391
3064,16087,-203
3031,15966,-124
3034,15992,-145
2988,16159,-329
3118,16128,-227
2939,16138,-376
3048,16054,-424
2992,16024,-288
2859,16038,-284
2946,15981,-148
2999,16113,-284
3036,16018,-176
2969,16160,-365
2969,16061,-227
2980,16181,-404
3001,16046,-196
3003,16257,-509
3010,16007,-102
3019,16190,-407
3014,15980,-194
3000,16147,-307
3020,16072,-362
2992,16006,-129
2894,16118,-415
3032,15938,-53
2973,16032,-202
3030,16149,-352
2924,16048,-349
3147,16111,-197
3074,16091,-208
3019,16168,-455
2916,15993,-197
3074,16055,-371
2845,15945,-196
3096,16094,-212
2934,16037,-176
3044,16175,-237
3021,16230,-403
3015,16174,-467
2903,16053,-318
3022,16095,-454
2942,15966,-190
3034,16064,-333
3000,15866,16
2930,16027,-265
3018,15978,-235
2985,16062,-270
2989,16183,-407
3075,16074,-172
2972,16256,-566
3070,16023,-193
2994,16250,-505
2945,15994,-312
3057,16111,-277
2897,16066,-295
3128,15922,-98
2942,16139,-423
3011,15981,-84
3020,16165,-460
2910,15967,-159
3059,16196,-437
2955,16083,-338
3103,16167,-254
2911,16141,-356
3066,16072,-219
2975,16153,-391
2941,16021,-222
3079,16145,-326
2838,16004,-199
3099,16075,-304
2905,16030,-219
3048,16140,-328
3018,15981,-180
2976,16088,-311
3061,16117,-346
2973,16058,-296
3065,16187,-442
3043,15985,-71
2979,16203,-438
2996,15980,-99
3023,16146,-401
2988,16059,-229
2989,16105,-276
2966,16078,-363
3039,16008,-134
3001,16208,-506
3006,15952,-131
2943,16183,-469
3011,15959,-167
3017,16139,-321
2940,16040,-332
3140,16063,-194
2862,16156,-353
3100,15995,-105
2959,16210,-450
2927,16018,-263
3112,16195,-383
2906,16079,-253
3111,16126,-385
2897,16052,-314
3031,16102,-288
3023,16032,-207
2942,16067,-198
3016,16108,-268
2970,16016,-253
3071,16158,-420
2957,15999,-217
3040,16135,-353
2938,16041,-251
2973,16167,-357
3047,16067,-342
2935,16075,-244
2969,16109,-429
2962,15948,-96
2991,16166,-453
3063,15958,-84
2933,16184,-389
3014,16021,-238
3064,16126,-322
2938,16119,-420
3103,16057,-108
2973,16199,-464
2996,16035,-147
3042,16137,-417
2938,16011,-170
3080,16098,-343
2884,16022,-276
3037,16037,-232
2939,16125,-409
3062,16058,-136
3046,16153,-377
2961,16067,-261
3048,16147,-442
2923,16026,-287
3103,16108,-343
2874,15988,-243
3051,16041,-164
3059,16035,-172
2924,16167,-300
3117,16137,-382
2907,15991,-155
2988,16175,-422
2965,16039,-301
2935,16170,-461
3078,15992,-169
2959,16102,-338
3006,16076,-181
3030,16064,-320
2974,16078,-417
2976,15979,-212
2937,16108,-427
3001,15949,-84
2980,16176,-403
3009,15991,-181
3043,16199,-268
2921,16127,-431
3072,16057,-226
2902,16248,-568
3100,15994,-160
3021,16148,-380
2953,15993,-174
3099,16033,-247
2867,16007,-277
3104,16012,-208
2908,15989,-294
3043,16065,-230
3079,16190,-324
2920,16154,-337
3085,16181,-407
2995,16011,-276
3050,16160,-414
2939,15991,-254
3025,16068,-350
2962,15940,-146
2949,16018,-272
3016,16022,-238
2965,16034,-153
3064,16139,-395
2986,16048,-146
2967,16229,-543
3072,16055,-200
2948,16239,-499
3028,16074,-272
3016,16128,-224
2881,16104,-417
3096,15994,-91
2922,16152,-424
3057,15952,-97
2985,16109,-385
2930,16007,-249
3108,16112,-353
2891,16097,-391
3056,16075,-228
2969,16108,-424
2993,16024,-220
2995,16212,-449
2975,16024,-211
3073,16111,-382
2869,16003,-275
3100,16130,-318
2892,16120,-297
3058,16066,-303
3004,16018,-208
2965,16058,-249
3055,16059,-307
2946,16169,-402
3040,15968,-141
2980,16181,-490
3004,15956,-98
3011,16091,-389
2954,16012,-241
3056,16136,-281
2962,16126,-421
3047,16079,-169
2935,16167,-484
3053,15998,-119
3002,16213,-457
2980,16019,-228
3089,16127,-301
2885,16050,-323
3149,16074,-278
2925,16149,-381
3021,16054,-291
3026,16062,-284
2871,15989,-205
3104,16101,-347
2951,16011,-210
3047,16133,-359
3016,16018,-222
2975,16212,-265
3001,16085,-354
2986,16134,-313
2973,16117,-375
2963,16040,-224
3024,16141,-408
3007,15983,-144
3015,16157,-400
2999,15944,-80
2942,16132,-374
3032,16044,-343
2996,16136,-283
3002,16154,-451
3092,16019,-161
2910,16173,-486
3027,15974,-120
2957,16162,-463
2892,15972,-209
3091,16068,-225
2887,16065,-307
3114,16068,-256
2941,16138,-403
3013,16012,-165
3023,16109,-367
2934,16042,-264
3065,16182,-378
2957,16071,-269
3074,16161,-320
2933,16058,-300
3038,16102,-227
3018,16067,-303
2948,16043,-267
3074,16088,-287
2879,16033,-196
3052,16118,-386
2928,16016,-257
2957,16152,-394
3067,16020,-198
2917,16135,-334
3028,16142,-367
3028,16033,-277
2955,16150,-382
3063,15983,-119
2940,16189,-437
3008,15970,-120
3025,16132,-355
2924,16043,-256
3052,16099,-258
2961,16130,-451
3046,16079,-242
2924,16175,-529
3049,16016,-155
2994,16180,-424
2935,16004,-245
3093,16078,-293
2890,16048,-377
3099,16017,-198
2905,16045,-347
3006,15999,-161
3035,16151,-383
2909,16094,-273
3091,16127,-289
2898,16098,-260
3062,16207,-392
2961,16045,-314
2946,16143,-351
3005,16012,-312
2933,16046,-213
3024,16057,-358
2972,15941,-128
3031,16141,-321
2992,16040,-201
3031,16199,-519
2956,16025,-294
3021,16196,-403
3023,16085,-325
2958,16106,-207
3007,16132,-459
3024,15962,-138
2920,16191,-434
3049,15867,-45
2955,16139,-359
2943,16017,-272
3050,16120,-262
2872,16151,-391
3143,16076,-169
2936,16185,-502
2954,16026,-218
3064,16135,-392
2917,16034,-307
3083,16097,-331
2920,16001,-256
3056,16064,-224
2941,16082,-330
3016,16004,-223
3016,16080,-264
2939,16055,-265
3078,16147,-380
2900,16081,-279
3103,16152,-374
2912,16066,-235
3005,16162,-453
3067,16006,-260
2895,16043,-305
3024,16025,-253
2927,16007,-129
2911,16115,-480
3099,15947,-59
2929,16220,-482
3053,16065,-222
3046,16169,-384
2980,16148,-372
3135,16133,-309
2908,16176,-479
3019,15996,-127
3032,16138,-378
2980,15970,-125
3022,16150,-362
2913,16006,-209
3031,16110,-297
2900,16080,-446
3102,16115,-227
2949,16173,-442
3015,16041,-286
2977,16123,-451
2951,15946,-187
3135,16121,-283
2924,16056,-188
3138,16095,-257
2953,16055,-269
2963,16161,-380
3047,16107,-296
2930,16128,-309
3040,16150,-391
2975,16071,-268
3001,16156,-430
3035,15978,-202
2973,16080,-353
3006,15962,-194
2965,16072,-322
3021,16035,-233
3047,16091,-168
3027,16120,-435
2989,16010,-148
2980,16206,-532
3046,15976,-220
2919,16200,-424
2953,16065,-278
3031,16045,-197
2893,16144,-427
3150,16003,-126
2941,16199,-456
3052,16003,-164
3062,16096,-363
2897,16027,-287
3129,16144,-324
2921,16055,-334
3088,16073,-265
2987,16067,-293
2945,16057,-280
3028,16093,-330
2960,16030,-251
3062,16106,-328
2908,16010,-225
3131,16104,-342
2972,16069,-316
3041,16116,-407
2915,15953,-322
2759,16267,468
3095,16338,-755
2869,15564,-449
3107,16481,-233
2977,15870,-45
2868,16178,-698
3100,16000,-136
3079,16212,-163
2876,16076,-594
3088,16003,-19
2917,16061,-441
3028,16093,-287
2992,16191,-418
3031,15943,-115
3020,16206,-250
2948,15983,-473
3056,16184,-235
2973,16023,-203
3009,15977,-232
2918,16128,-473
3036,16020,-171
3012,16160,-358
2991,16089,-293
3010,16096,-419
2952,16079,-301
3021,16127,-197
3091,15960,-216
2893,16037,-443
3198,16292,-165
3122,16045,14
2905,15987,-513
2938,16240,-176
2948,15918,-476
2863,16027,-334
2940,15969,-565
3056,15862,-264
2956,16121,-405
3040,16103,-155
3176,16136,-148
3022,16150,-331
3138,16087,-152
2961,15980,-456
2925,16044,-256
2908,16213,-576
2552,15187,-216
3556,16803,845
2585,17021,-1541
3406,15400,186
3101,16194,-1420
3406,15788,-44
2969,16716,504
2683,15779,-346
3073,15755,-511
2660,15690,-526
3182,16264,-147
2978,16282,-415
3259,16264,100
2894,16162,-704
3028,16021,-373
2975,16037,-104
3003,16166,-525
2979,15598,-804
2608,16431,-382
3374,15862,284
2929,16247,-264
3017,16442,-576
3023,16079,-351
3107,15732,-292
2947,16319,-333
2995,16175,-61
3149,16000,-421
2969,15990,-488
3136,16122,-235
2887,16200,-293
3072,16013,-256
2879,15972,-448
2992,16014,-416
3016,16131,-249
2985,15992,-203
3121,16112,-216
3015,16123,-416
3113,16253,-303
2922,16209,-415
3083,15934,-513
2933,16110,-346
2942,16126,-266
3059,16036,-235
2937,15986,-364
3127,16079,-292
2969,16137,-103
3047,16048,-521
3052,15965,-245
2952,16124,-476
3024,16072,-243
3050,16128,-421
3018,16063,-436
3089,16151,-212
2957,16138,-395
3042,15971,-202
2953,16049,-442
2979,15993,-137
3017,16107,-352
3002,16023,-332
3003,16103,-245
2963,16153,-425
3120,16124,-177
2921,16139,-576
3060,16046,-189
3066,16160,-378
2925,16017,-392
3134,16047,-249
2901,16065,-334
3095,16036,-201
2980,16021,-308
2923,16047,-283
3095,16018,-317
2894,16109,-313
3080,16139,-405
2967,16063,-319
3057,16212,-396
3030,16053,-399
3030,16137,-363
3029,15987,-289
3027,16063,-307
3082,16048,-270
2981,16029,-250
3033,16099,-382
2993,16050,-162
2959,16160,-501
3099,16015,-236
2986,16157,-383
2999,16042,-380
3067,16092,-247
2947,16108,-483
3130,16055,-164
2984,16175,-440
3001,15972,-247
3123,16089,-346
2921,16109,-367
3136,16080,-216
2944,16043,-336
3051,16036,-225
3025,16087,-455
2990,16074,-298
3097,16123,-467
2957,16067,-330
3096,16168,-303
2954,16050,-356
3072,16088,-314
2966,16018,-387
3029,16088,-258
3092,16083,-291
2959,16033,-353
3144,16104,-358
2943,16054,-267
3105,16102,-432
3010,15990,-191
2962,16167,-430
3137,16057,-248
2900,16049,-274
3003,16060,-420
3031,16042,-176
3017,16227,-499
3033,15981,-234
3034,16168,-405
2999,16086,-263
3105,16158,-374
2976,16106,-335
3028,16064,-342
2960,16040,-370
3031,16075,-227
2975,16032,-420
3007,16070,-209
3017,16096,-283
2951,16076,-330
3143,16073,-216
2868,16113,-399
3090,16114,-322
2986,16113,-443
2956,16056,-280
3153,16120,-311
2903,16119,-382
3088,16101,-379
2988,16015,-256
3032,16090,-300
3029,16024,-341
2953,16115,-330
3073,16068,-343
2995,16142,-316
3043,16112,-432
2996,16036,-226
3073,16176,-432
2948,16038,-301
2983,16134,-447
3044,16089,-126
2985,16100,-358
3040,16067,-425
2972,16032,-254
2970,16071,-354
3090,15994,-119
2957,16083,-554
2989,15913,-199
3040,16158,-333
2927,16092,-445
3105,16041,-165
2911,16105,-367
3075,16142,-307
3026,16179,-439
3016,16101,-273
3072,16035,-393
2974,16069,-286
3130,16140,-340
2916,15978,-323
3086,16019,-188
2942,16065,-439
3004,16073,-393
3017,16083,-342
2958,16081,-360
3165,16168,-387
2878,16137,-362
3090,16135,-373
3019,16046,-260
2922,16143,-408
3114,15985,-198
2989,16063,-239
3028,16092,-415
3045,16035,-152
2990,16122,-373
3037,15950,-220
2969,16148,-417
2994,16077,-332
3033,16131,-344
2955,16121,-407
3069,16059,-282
2989,16134,-496
3074,16044,-104
3018,16138,-519
3031,15998,-168
3127,16104,-310
2897,16108,-329
3116,16103,-394
2902,16067,-345
3036,16118,-350
3041,16036,-311
2983,16180,-270
3077,16124,-303
2992,16102,-265
3046,16116,-371
3005,15984,-236
3014,16120,-327
2988,16024,-291
2988,16135,-426
3084,16050,-261
2976,16071,-345
3012,16042,-406
2978,16052,-214
3019,16151,-540
3044,16031,-182
2981,16204,-453
3073,16030,-278
3096,16119,-338
2955,16074,-452
3115,16028,-169
2917,16063,-464
3028,15971,-180
3038,16095,-399
2974,16040,-221
3076,16082,-378
2881,16065,-289
3081,16139,-343
2960,16086,-451
3083,16132,-258
3019,16075,-419
2970,16105,-272
3069,16117,-371
2958,16076,-359
3119,16098,-296
2912,16012,-309
3021,16068,-260
3057,16037,-258
2937,16071,-414
3087,16027,-298
2912,16066,-305
3019,16087,-470
3002,16065,-216
2953,16198,-519
3100,16039,-200
2974,16186,-451
3023,15988,-305
3049,16099,-291
2965,16075,-382
3057,16019,-192
2930,16118,-437
3034,16036,-172
3065,16129,-456
2997,16016,-197
3041,16105,-397
2924,15998,-407
3077,16029,-232
2948,16106,-565
3123,16092,-208
3042,16136,-477
2955,15873,-329
2990,16275,-223
3118,16166,184
3391,16300,-397
2946,15860,-497
2814,16214,-402
2899,16051,-297
2965,15874,-392
3141,16463,-564
3112,15432,-132
2722,16206,-556
3431,14615,414
2325,15934,859
2906,16202,-130
2949,16130,216
3542,15590,-626
3030,16218,-970
2985,16103,469
2745,16221,261
3078,15196,-739
2862,16686,-1060
3287,17059,-1093
3303,15678,659
2254,15868,-2101
1701,17669,-750
3227,15228,-1895
3871,16752,-1223
5828,17029,1451
3966,17426,230
2966,16368,-2741
3188,15335,-193
2705,15210,-329
2535,15955,641
3305,15023,82
2829,15999,765
2680,16185,-1380
2501,16335,495
3140,16070,-150
3283,16521,-37
3460,15899,-1378
3119,16604,-967
3030,16466,323
2924,16020,-234
2949,15811,-118
2873,16057,-166
2829,15671,-278
3103,15939,-536
3247,16061,-32
2994,16129,-105
2976,16262,-268
3077,16209,-1073
3227,16204,-660
3154,16554,-517
3027,15913,-815
2802,15924,-585
2952,16293,-82
2930,16031,-110
3232,15752,214
3019,15816,104
3043,15900,-147
2834,16074,-435
2936,15929,-516
3029,16094,-451
3169,16482,-326
3140,16432,-740
3128,16067,-698
3041,16229,-463
2838,16152,-553
3117,15945,-251
3020,15887,-183
3049,15908,-88
2994,16055,-147
2933,15934,-202
3097,15886,-189
2863,16042,-262
3108,16183,-426
3134,16222,-407
3068,16192,-568
3066,16121,-416
2999,16132,-525
3118,16113,-403
3126,16159,-528
3058,16174,-425
3030,16057,-475
2956,15986,-417
2992,15918,-123
3038,16013,-287
3099,16104,-272
3097,16197,-397
3067,16180,-429
3057,16010,-166
2999,16102,-528
3094,15997,-187
3031,16178,-495
2920,16095,-428
3093,16069,-328
2892,16029,-393
3118,16013,-194
2987,16089,-373
3032,16049,-293
3090,16115,-529
2949,16139,-364
3129,16119,-463
2965,16078,-360
3114,16132,-292
3025,16053,-349
3071,16079,-150
3069,16084,-351
2980,16063,-288
3137,16105,-364
2927,16034,-419
3062,16074,-466
2988,16026,-361
3033,16163,-538
3059,16050,-296
2985,16107,-456
3078,16069,-361
2975,16033,-250
3002,16053,-430
3110,15976,-138
2976,16184,-398
3051,16012,-225
3052,16179,-355
2975,16054,-360
3132,16068,-302
2959,16110,-461
3074,16021,-228
2990,16146,-506
2964,16032,-187
3048,16116,-448
2943,15992,-272
3104,16090,-351
2920,16094,-454
3151,16110,-243
2973,16127,-512
3058,16052,-262
3074,16111,-397
2929,16065,-331
3166,16059,-302
2869,16050,-369
3101,16073,-420
2999,16043,-329
3039,16073,-358
3067,15998,-332
2921,16086,-314
3106,16081,-433
2999,16058,-334
3058,16176,-432
3085,16033,-306
3048,16157,-461
3065,16067,-311
3038,16124,-383
3032,16039,-381
3131,16117,-317
2938,16069,-515
3125,16006,-174
2956,16112,-412
3015,15989,-262
3090,16091,-396
2920,16088,-275
3163,16078,-398
2929,16077,-369
3075,16113,-391
3025,16091,-406
3028,16094,-293
3125,16047,-380
2925,16073,-319
3103,16074,-373
2936,16039,-309
3119,16099,-337
3012,16037,-286
3070,16141,-454
3099,16090,-263
2945,16150,-405
3077,16077,-405
2971,16033,-244
3036,16111,-514
3064,15994,-188
2986,16156,-469
3067,15971,-284
3070,16093,-367
2992,16032,-352
3152,16043,-250
2925,16141,-500
3099,16017,-242
3052,16192,-505
2991,16033,-224
3089,16130,-514
2972,16059,-311
3106,16076,-320
2951,16081,-459
3132,16026,-229
2994,16095,-496
3029,15986,-225
3070,16066,-373
2928,16022,-351
3143,16111,-304
2919,16077,-353
3147,16085,-381
2991,16055,-367
3006,16128,-451
3151,16086,-362
2919,16123,-353
3041,16093,-470
2976,16062,-207
3001,16132,-441
3047,15938,-257
2989,16105,-433
3041,16054,-299
3075,16153,-433
3033,16124,-417
3033,16097,-361
3077,16133,-430
3054,16054,-212
3063,16137,-558
3068,16052,-241
2946,16033,-413
2964,16011,-247
3153,16007,-304
2864,16087,-466
3144,16098,-211
3012,16238,-541
3046,16047,-410
3069,16161,-411
2932,16066,-427
3149,16090,-399
2949,16074,-417
3132,16144,-293
3029,16064,-368
2991,16083,-349
3091,15993,-378
2913,16003,-264
3068,16082,-391
2934,16035,-315
3133,16122,-324
2998,16035,-396
3062,16088,-340
3053,16048,-280
3021,16046,-367
3059,16104,-431
2981,16036,-246
3087,16159,-480
3032,16027,-218
2977,16145,-507
3047,15994,-253
3020,16135,-375
2977,16055,-474
3058,16034,-250
2988,16169,-564
3114,16031,-211
2998,16191,-455
2999,15975,-223
3082,16077,-431
2980,16062,-336
3134,16069,-305
2926,16082,-404
3089,16064,-216
3012,16117,-522
3024,16090,-326
3039,16170,-501
2937,16029,-342
3134,16122,-343
2903,16040,-467
3143,16054,-345
2998,16070,-383
3025,16062,-339
3066,16035,-305
2910,16053,-294
3128,16078,-449
2993,16027,-229
3107,16143,-473
3016,16022,-248
2952,16174,-489
3126,16047,-403
3014,16129,-310
3043,16099,-403
3024,16010,-266
3010,16140,-452
3056,15992,-194
3009,16137,-442
3020,15963,-214
3078,16116,-429
3021,16078,-393
3085,16044,-255
2937,16127,-490
3118,16056,-209
2975,16186,-520
3028,16055,-244
3106,16139,-455
2930,16074,-349
3155,16090,-289
2932,16073,-393
3126,16077,-287
3021,16140,-423
2988,16052,-251
3119,16089,-432
2907,16005,-288
3123,16095,-474
2994,16060,-341
3088,16075,-315
3024,16020,-390
3055,16135,-344
3037,16071,-386
2991,16055,-380
3074,16085,-395
2915,16043,-330
3069,16131,-475
3050,16019,-147
3029,16151,-525
3087,16004,-275
2965,16124,-356
3038,16065,-466
3070,16039,-176
2944,16154,-527
3086,15943,-154
3011,16155,-519
3001,16008,-292
3091,16121,-371
2916,16091,-415
3088,16001,-298
2955,16123,-471
3081,16055,-246
3000,16159,-483
2990,16029,-221
3096,16137,-456
2961,16010,-340
3114,16114,-289
2992,15997,-413
3072,16101,-211
2980,16102,-458
3033,16074,-445
3130,16142,-399
2951,16035,-371
3134,16055,-406
2928,16061,-331
3071,16099,-438
3049,15999,-222
2947,16087,-369
3140,16031,-330
2999,16095,-259
3096,16149,-452
3067,16011,-232
2970,16175,-487
3061,15963,-263
3017,16178,-469
2994,16049,-390
3043,16073,-338
2978,16075,-380
3011,16020,-210
2986,16135,-514
3100,16025,-133
3004,16183,-601
2987,16001,-224
3081,16157,-452
2985,16040,-404
3182,16087,-278
2892,16113,-457
3122,16005,-198
2984,16127,-486
2960,16027,-317
3149,16063,-355
2855,16051,-333
3130,16144,-506
2917,16072,-362
3092,16137,-399
3021,16018,-461
3004,16076,-232
3093,16066,-436
2956,16066,-367
3030,16045,-461
3000,16026,-211
3024,16140,-670
3085,15988,-164
3021,16140,-495
3023,16000,-300
3161,16131,-396
2952,16077,-432
3123,16051,-283
2880,16109,-455
3065,15949,-206
3037,16177,-466
2967,16027,-248
3132,16117,-415
2887,16027,-311
3124,16097,-356
2938,16056,-481
3076,16061,-287
3006,16046,-559
3000,16090,-303
3102,16136,-367
2963,16042,-344
3127,16141,-408
2969,16045,-265
3099,16079,-368
2987,16003,-283
2992,16122,-423
3145,16066,-375
2942,16078,-301
3010,16106,-545
3014,15987,-206
3022,16150,-500
3050,15968,-239
3004,16185,-435
3019,16030,-348
3085,16134,-361
3020,16083,-420
3049,15972,-230
3000,16105,-544
3074,16005,-173
3022,16155,-558
3013,16004,-208
3026,16077,-419
2949,16022,-378
3156,16097,-199
2967,16131,-543
3106,16011,-196
3041,16197,-519
2980,16020,-315
3104,16096,-412
2908,16068,-407
3185,16094,-345
2974,16087,-337
3065,16006,-267
3020,16057,-435
2969,16086,-279
3107,16058,-398
2930,16024,-224
3052,16146,-532
2993,16028,-294
3044,16196,-463
3030,15982,-232
2983,16143,-383
3032,16093,-301
3035,16070,-420
3074,16132,-435
3013,15975,-171
3013,16162,-546
3043,16000,-196
3004,16153,-486
2976,15956,-337
3036,16085,-338
2917,16062,-478
3191,16026,-167
2923,16161,-530
3082,15994,-250
3064,16196,-506
2964,16007,-249
3110,16137,-447
2930,16062,-345
3119,16079,-259
3016,16100,-398
3032,16004,-223
3043,16060,-480
2979,16056,-253
3124,16128,-474
2932,16030,-354
3177,16074,-367
2915,16053,-402
3107,16106,-386
2997,16068,-286
3020,16081,-358
3076,16091,-382
2998,16108,-297
3091,16126,-471
3022,16024,-148
2965,16245,-564
3087,15974,-198
2986,16148,-481
3019,15984,-380
3060,16063,-271
2940,16107,-401
3088,15981,-211
2998,16126,-470
3043,16042,-258
3067,16119,-527
3008,16044,-236
3102,16110,-475
3006,16061,-376
3107,16066,-325
2935,16060,-381
3124,16026,-165
3008,16085,-464
2982,16053,-312
3053,16081,-436
2913,16028,-316
3162,16124,-382
2916,16065,-413
3062,16085,-384
3049,16013,-309
2937,16137,-331
3142,16065,-452
2944,16067,-229
3117,16144,-482
2987,16012,-243
2966,16190,-393
3031,15993,-354
3025,16089,-372
2978,16078,-402
3016,15984,-317
3021,16115,-460
2979,15975,-320
3035,16139,-502
3069,15986,-137
2974,16133,-512
3047,16074,-286
3052,16143,-318
3045,16145,-503
3063,16094,-196
2931,16146,-552
3089,15962,-173
2986,16202,-467
2957,15984,-242
3086,16076,-321
2905,16028,-348
3130,16038,-362
2970,16138,-434
3037,16040,-294
3058,16088,-439
2970,16087,-273
3131,16167,-497
2922,16087,-374
3101,16137,-362
2959,16041,-367
3063,16070,-254
2993,16056,-375
2970,16082,-358
3086,16085,-398
2941,16001,-293
3094,16106,-470
2965,16028,-219
3011,16164,-535
3025,15975,-235
2979,16135,-479
3114,16066,-435
3046,16104,-323
3005,16096,-495
3044,15961,-164
2961,16217,-524
3046,15977,-180
3033,16159,-450
2921,15982,-281
3055,16073,-296
2956,16089,-448
3116,16039,-256
2985,16164,-554
3061,16038,-147
3002,16138,-570
2982,16051,-264
3120,16127,-401
2949,16025,-457
3136,16032,-281
2938,16064,-386
3069,16009,-203
2997,16149,-401
2918,16021,-341
3172,16099,-367
2861,16043,-317
3121,16112,-512
2979,16044,-342
3041,16110,-424
3045,15998,-340
2938,16104,-309
3067,16053,-431
3058,16072,-261
3046,16158,-503
3025,15970,-220
3029,16166,-552
3024,15996,-235
3042,16116,-446
3019,16047,-234
3027,16057,-305
2998,16138,-499
3098,16013,-181
2983,16176,-619
3041,15937,-171
3069,16219,-491
3022,16008,-284
3124,16091,-335
2888,16136,-478
3153,16028,-277
2945,16129,-449
3063,16006,-252
3046,16140,-472
2919,16047,-285
3092,16113,-409
2967,16017,-259
3129,16131,-416
2955,16015,-251
3061,16199,-525
3045,16024,-283
2937,16148,-457
3059,16076,-324
2996,16097,-292
2974,16141,-554
3082,15936,-173
3004,16206,-504
3020,15960,-185
3083,16143,-379
3021,16059,-332
3073,16099,-339
2997,16138,-508
3107,16015,-201
2980,16134,-529
3013,16005,-186
3082,16199,-531
2989,16029,-239
3093,16123,-348
2929,16058,-383
3149,16070,-274
2965,16119,-476
3068,16020,-232
3060,16085,-328
2946,16011,-352
3109,16119,-434
2893,15999,-299
3157,16116,-370
2952,16022,-288
2987,16183,-476
3092,16091,-331
2944,16144,-363
3041,16069,-475
2957,16021,-192
3012,16153,-511
3044,15990,-241
3008,16205,-508
3052,15949,-206
3045,16082,-383
3033,16052,-289
3052,16064,-343
3053,16104,-524
3025,15974,-158
3007,16154,-642
3090,15963,-145
3046,16161,-476
2968,16012,-296
3061,16139,-253
2902,16081,-533
3150,16061,-241
2958,16169,-552
3077,16016,-258
3050,16122,-415
2925,15996,-246
3172,16084,-403
2900,15984,-211
3125,16060,-291
2972,16021,-389
2990,16159,-224
3092,16081,-483
2990,16084,-282
3093,16131,-477
2939,16030,-292
3091,16201,-421
3008,16061,-369
3062,16138,-428
3060,15988,-206
2950,16057,-349
3032,16066,-335
2966,16016,-247
3029,16114,-497
3043,15980,-171
2978,16206,-580
3141,16073,-276
3012,16181,-464
2957,16078,-444
3086,16043,-278
2965,16135,-463
3118,15998,-176
2976,16164,-466
2996,15996,-170
3102,16126,-455
2929,16030,-251
3156,16078,-432
2942,16081,-371
3083,16082,-284
2983,16101,-517
3064,16110,-214
3024,16154,-444
3009,16027,-282
3148,16146,-382
2895,16059,-366
3141,16120,-382
2925,16085,-321
3017,16094,-388
3079,16035,-343
2903,16064,-346
3101,16089,-432
2948,16018,-227
3050,16100,-461
3051,15975,-242
2977,16190,-543
3039,15993,-329
3009,16168,-414
2995,16022,-352
3043,16028,-309
3010,16151,-489
3058,15965,-253
3012,16182,-524
3042,15991,-182
3048,16175,-444
3034,16017,-362
3055,16105,-275
2944,16068,-511
3059,15987,-164
2958,16116,-491
3023,16016,-189
3070,16134,-451
2958,16031,-359
3163,16069,-303
2858,16115,-387
3120,16079,-414
3028,16128,-423
2993,16064,-340
3070,16058,-434
2926,16010,-199
3098,16059,-422
2992,15966,-257
3086,16106,-345
3023,16010,-326
3038,16180,-469
3031,16085,-436
2988,16103,-430
3089,16118,-392
2969,16068,-279
3057,16172,-512
3077,16014,-98
2993,16143,-541
3053,15957,-197
3023,16117,-339
3012,16011,-426
3060,16064,-260
2903,16138,-526
3069,15915,-214
2959,16235,-511
3048,15980,-230
3113,16188,-474
2932,16054,-309
3121,16124,-390
2950,16113,-391
3107,16118,-284
3025,16143,-528
3015,16033,-172
3098,16079,-450
2923,15947,-253
3109,16117,-404
2914,15996,-350
3104,16094,-294
2962,16102,-354
3028,16126,-476
3073,16130,-411
2933,16094,-365
3110,16085,-485
2923,16046,-235
3011,16166,-527
3041,15938,-147
3010,16150,-411
3079,15949,-251
3045,16093,-335
3054,16078,-410
3052,16012,-264
2963,16172,-522
3082,15959,-191
2989,16199,-507
2984,16017,-260
3085,16178,-445
2963,16064,-298
3046,16067,-268
2966,16142,-533
3091,16023,-228
2961,16159,-561
3025,15966,-163
3086,16109,-428
2934,16009,-293
3173,16103,-298
2909,16043,-326
3133,16006,-300
2950,16122,-397
3007,16108,-381
3094,16097,-466
2950,16107,-306
3109,16114,-457
2930,16081,-311
3078,16142,-439
3057,15965,-359
3018,16140,-384
3040,15974,-323
3013,16003,-246
3061,16070,-382
2997,15960,-241
3054,16176,-461
3028,15973,-163
2999,16200,-586
3084,16030,-281
2958,16117,-466
3028,16085,-405
2999,16070,-254
2971,16151,-561
3126,15973,-148
2971,16183,-493
3024,16002,-238
3068,16093,-406
2954,16064,-306
3065,16152,-364
2936,16083,-385
3164,16147,-336
2966,16100,-445
3044,16039,-274
3069,16075,-357
2937,16010,-326
3115,16084,-395
2940,16039,-262
3113,16097,-446
3006,16004,-226
2986,16163,-496
3104,16042,-327
2954,16155,-371
3051,16054,-444
3020,15998,-239
2971,16151,-555
3068,15965,-182
3012,16245,-462
3034,16004,-257
3055,16139,-429
2999,16082,-356
3072,16060,-276
2952,16082,-464
3041,15959,-155
3015,16143,-538
3037,15992,-190
3025,16119,-406
2966,16038,-370
3141,16121,-279
2929,16144,-490
3174,16097,-322
3037,16191,-509
3009,16047,-332
3133,16110,-375
2904,16054,-322
3158,16085,-439
2949,16002,-214
3055,16031,-292
3060,15986,-315
2998,16119,-369
3102,16065,-447
2996,16041,-270
3089,16153,-455
3005,16062,-352
3059,16224,-541
3042,16009,-212
3051,16174,-445
3039,16008,-226
3031,16120,-419
3073,16074,-340
3020,16001,-175
2926,16081,-524
3073,15962,-94
2953,16139,-492
3066,16006,-306
3048,16173,-424
2954,16068,-391
3157,16065,-270
2940,16113,-495
3085,16009,-261
3025,16217,-515
2960,16028,-234
3139,16111,-436
2910,16030,-272
3126,16032,-373
2951,16002,-336
3085,16026,-231
2982,16036,-417
2991,16093,-351
3100,16090,-362
2985,16066,-349
3137,16168,-411
2908,16077,-349
3109,16128,-478
3029,16009,-225
2969,16112,-415
3096,15991,-286
2992,16131,-309
3043,16055,-428
3006,16017,-164
2967,16113,-505
3059,15917,-164
3015,16212,-464
3020,16006,-346
3067,16128,-370
2936,16131,-371
3060,16042,-260
2972,16207,-542
3069,16052,-250
3016,16209,-553
3059,16011,-166
3059,16113,-419
2997,16007,-338
3088,16068,-223
2959,16044,-411
3076,15999,-168
2956,16154,-478
3013,16031,-367
3119,16151,-408
2944,16077,-313
3182,16178,-433
2913,16090,-365
3087,16097,-411
3046,16000,-301
2933,16073,-334
3118,16023,-355
2947,16069,-266
3077,16119,-407
3007,15979,-206
2992,16192,-424
3053,15964,-237
3028,16136,-461
3011,16051,-357
2963,16094,-401
3045,16094,-384
2989,16015,-239
3001,16164,-528
3079,15999,-100
2993,16154,-506
3041,16005,-245
3020,16122,-372
3024,16032,-405
3144,16074,-197
2892,16098,-486
3084,15967,-158
3028,16158,-425
2989,16024,-271
3100,16148,-391
2920,16042,-266
3116,16132,-419
2956,16149,-442
3098,16150,-328
3068,16039,-401
2940,16083,-279
3094,16100,-425
2931,16027,-245
3155,16106,-352
2924,15982,-315
3053,16026,-295
3030,16017,-252
3022,16104,-454
3097,16126,-319
2924,16108,-349
3083,16086,-501
2966,16072,-236
3004,16206,-582
3124,16027,-191
2976,16203,-460
3046,16009,-313
3070,16120,-363
2977,16057,-392
3080,15963,-220
2932,16089,-419
2988,15935,-214
3006,16149,-477
2985,16026,-245
3061,16113,-402
2964,16068,-321
3097,16091,-308
2969,16142,-549
3061,16054,-241
2989,16087,-529
2999,16036,-278
3112,16093,-378
2917,16050,-338
3120,16091,-357
2897,16068,-326
3094,16022,-308
3052,16077,-310
2949,16112,-421
3114,16076,-390
2931,16060,-259
3094,16112,-492
2962,16006,-315
3023,16192,-434
3076,15987,-268
2964,16178,-364
3047,16026,-325
3086,16084,-377
3050,16117,-392
3016,15975,-203
3001,16142,-505
3016,15987,-181
2982,16147,-545
3047,16013,-266
3034,16097,-384
3018,16052,-436
3146,16098,-177
2960,16175,-553
3104,16003,-158
3005,16194,-476
3039,15990,-292
3138,16139,-393
2886,16066,-408
3179,16072,-269
2961,16089,-369
3059,16025,-247
3043,16054,-410
2973,16073,-255
3090,16117,-424
2966,16013,-293
3137,16090,-380
2973,16028,-411
3109,16166,-351
3056,16042,-246
2961,16131,-360
3102,16121,-379
2999,16128,-337
3143,16138,-431
2984,16068,-203
2989,16172,-546
3041,15962,-169
2951,16119,-443
2990,15945,-303
3103,16141,-453
2924,16129,-415
3057,16064,-260
2974,16049,-456
3041,15991,-129
3002,16102,-516
2975,15982,-252
3082,16114,-369
2939,16051,-361
3179,16136,-389
2921,16097,-452
3114,16117,-391
3056,16087,-330
2985,16116,-342
3128,16103,-357
2993,16079,-276
3117,16126,-406
3009,15999,-163
2985,16132,-449
3076,15943,-293
2943,16102,-335
3034,16014,-415
3018,16044,-281
3017,16150,-424
3028,16034,-273
3029,16202,-514
3060,16027,-215
3006,16168,-502
3086,16011,-246
3041,16085,-388
3028,16126,-425
3031,16006,-170
2950,16097,-513
3091,15951,-122
2992,16182,-466
3009,16050,-291
3093,16130,-315
2928,16061,-445
3138,16081,-369
2943,16169,-434
3074,16110,-280
3084,16104,-397
2935,16062,-251
3131,16095,-395
2944,16058,-265
3081,16097,-353
2975,16022,-253
3008,16109,-291
3034,16069,-351
2956,16113,-350
3016,16095,-363
2942,16041,-340
3115,16119,-436
2964,15964,-267
3053,16190,-490
3091,15992,-209
2972,16138,-463
3088,16022,-272
2986,16131,-258
3062,16097,-488
3086,15963,-154
2953,16127,-526
3067,15987,-217
3030,16206,-450
2948,16030,-304
3060,16066,-303
2906,16073,-400
3116,16034,-252
3005,16162,-524
3046,16004,-221
3068,16136,-456
2929,16095,-257
3098,16140,-453
2889,16019,-344
3097,16113,-255
2975,16060,-385
3043,16030,-224
3004,16050,-374
2984,16066,-366
3107,16139,-382
2896,16050,-318
3144,16104,-396
2951,16056,-339
3004,16169,-482
3068,15964,-253
2940,16107,-372
3074,16070,-414
2991,16102,-274
3059,16121,-421
3039,16003,-239
2959,16171,-506
3102,15977,-177
3043,16134,-418
2998,16026,-277
3046,16087,-382
2989,16123,-374
3098,16082,-220
3028,16162,-563
3050,15963,-167
3001,16141,-474
3020,16044,-290
3097,16179,-334
2922,16102,-426
3098,16056,-257
2984,16088,-439
3045,15994,-212
3044,16139,-415
2925,16024,-244
3140,16096,-327
2907,16011,-327
3084,16074,-418
2964,16042,-323
2999,16099,-357
3055,16069,-325
2978,16075,-322
3156,16133,-364
2976,16088,-355
3075,16142,-388
3030,16014,-250
2996,16146,-483
3010,15983,-284
3005,16066,-388
3078,15999,-234
2923,16048,-275
3034,16066,-447
3102,16006,-168
2961,16165,-567
3107,15946,-213
3033,16252,-472
3025,16042,-357
3123,16106,-332
2894,16142,-443
3084,15984,-236
2956,16132,-413
3041,15969,-162
3054,16135,-451
2988,16034,-269
3086,16048,-327
2953,16084,-307
3106,16121,-339
2933,16131,-504
3101,16102,-266
3023,16114,-416
2985,16075,-282
3179,16128,-387
2899,16081,-334
3138,16083,-358
2989,16012,-249
2992,16117,-445
3070,16022,-294
2926,16112,-302
3114,16030,-324
2950,16019,-253
3036,16126,-503
3072,16024,-253
2990,16157,-484
3054,16007,-265
3061,16155,-384
3011,16100,-364
3074,16048,-315
2968,16117,-383
3065,15988,-194
2972,16128,-498
3018,15974,-125
2991,16144,-491
2978,15986,-301
3019,16121,-327
2988,16087,-418
3135,16068,-262
2946,16152,-504
3039,16040,-256
3057,16141,-424
2966,16014,-329
3188,16093,-307
2891,16052,-321
3135,16042,-337
2984,16052,-322
2984,16115,-355
3085,16035,-390
2906,16115,-370
3100,16075,-420
2947,16066,-301
3018,16161,-420
2995,16005,-336
3005,16147,-408
3046,15991,-225
2998,16035,-341
3080,16021,-291
2965,16046,-328
3107,16172,-432
3013,16070,-171
2983,16197,-600
3067,16007,-219
2967,16204,-438
3024,16045,-298
2996,16076,-240
2926,16089,-448
3159,16004,-261
2933,16156,-464
3004,15991,-221
3095,16117,-417
2919,16038,-312
3137,16097,-380
2957,16074,-325
3093,16082,-235
2984,16111,-384
2995,16112,-332
3072,16114,-478
2968,16064,-308
3085,16078,-303
2920,16048,-362
3147,16105,-336
2977,16079,-352
3079,16056,-389
3062,16027,-237
2947,16047,-340
3028,16081,-414
3013,16026,-236
2945,16125,-441
3047,15995,-195
2983,16156,-473
3000,15985,-181
3088,16110,-433
2985,16046,-314
3034,16061,-347
2983,16085,-438
3039,16054,-212
2964,16123,-509
3062,16042,-216
3056,16156,-417
2949,16040,-296
3134,16133,-274
2895,16057,-363
3089,16089,-295
2959,16081,-369
3023,16029,-281
3117,16021,-286
2926,16073,-285
3137,16099,-396
2988,16063,-278
3055,16123,-414
3006,16030,-310
3011,16171,-397
3058,16040,-320
2947,16073,-326
3041,16026,-271
2946,16032,-306
3059,16082,-422
3004,15972,-198
3011,16162,-507
3068,16001,-180
3015,16144,-426
