3133,16113,-277
2988,16102,-337
3065,16063,-357
2937,16053,-394
3127,16061,-319
2923,16048,-271
3079,16118,-450
3029,16035,-210
2981,16185,-450
3092,15980,-294
2976,16176,-346
3068,16065,-414
3063,16050,-231
2948,16157,-438
3055,16007,-157
2991,16192,-444
3026,15983,-232
3089,16125,-383
3001,16060,-277
3073,16062,-323
3015,16136,-441
3077,16040,-203
3039,16162,-536
3034,15997,-197
3054,16082,-403
3012,15983,-312
3106,16085,-308
2884,16048,-400
3156,16058,-232
2949,16098,-377
2963,16080,-340
3091,16128,-354
2909,16109,-317
3176,16081,-391
2918,16089,-301
3048,16128,-430
3037,15981,-261
2981,16135,-349
3101,16037,-345
2971,16082,-319
3067,16110,-368
3032,16065,-305
3055,16120,-415
3043,16011,-256
3034,16181,-505
3038,16038,-270
3005,16115,-367
3056,16060,-308
2975,16063,-252
2956,16137,-479
3071,15998,-113
2977,16144,-489
3022,16011,-235
3085,16141,-328
3014,16054,-366
3116,16098,-291
2893,16132,-412
3085,15987,-248
3035,16101,-437
2994,16074,-328
3097,16093,-384
2906,16077,-301
3080,16063,-402
2958,16069,-366
3047,16095,-292
3009,15987,-412
2994,16083,-266
3053,16070,-342
2963,16097,-321
3164,16101,-347
2962,16082,-303
3112,16111,-361
2996,16005,-216
2975,16132,-464
3120,16020,-270
2948,16101,-357
3104,16021,-349
3005,16062,-230
3012,16146,-474
3095,15930,-148
2971,16191,-382
3044,16025,-281
3062,16132,-389
3050,16066,-310
3041,16077,-308
2941,16145,-426
3047,16012,-161
2998,16118,-443
3039,16070,-198
3053,16105,-391
2982,16047,-358
3089,16120,-271
2942,16084,-422
3138,16094,-211
2996,16109,-477
3037,16075,-285
3148,16071,-300
2918,16048,-339
3142,16059,-319
2930,16014,-301
3081,16061,-386
3028,16045,-304
2967,16134,-372
3121,16059,-380
2941,16120,-298
3071,16090,-342
3002,16057,-261
3022,16188,-404
3030,15947,-243
2966,16126,-326
3028,15978,-257
2978,16105,-397
3056,16110,-308
3057,16071,-265
2985,16147,-564
3045,15984,-146
3036,16162,-517
3067,16021,-211
3021,16124,-391
2964,16055,-326
3142,16099,-203
2953,16130,-490
3104,16009,-196
3014,16166,-444
2989,15988,-309
3151,16083,-349
2955,16078,-327
3155,16051,-311
2916,16095,-368
3081,16048,-271
3012,16037,-428
2964,16098,-281
3114,16094,-383
2992,16138,-292
3110,16141,-378
2949,16039,-330
3057,16134,-388
3003,15961,-227
2966,16076,-375
3142,16009,-267
2932,16089,-348
3132,16059,-342
2954,16073,-176
2978,16126,-500
3067,16036,-228
2991,16189,-417
3064,16020,-351
2988,16140,-333
2977,16089,-403
3124,16015,-226
2962,16171,-472
3055,15990,-191
3022,16120,-446
2989,16013,-219
3056,16069,-392
2968,16017,-266
3078,16032,-265
2959,16092,-403
3102,16082,-156
3022,16175,-427
2981,16123,-313
3060,16135,-406
2900,16054,-278
3096,16050,-433
3005,16042,-224
3008,16178,-422
3064,16020,-324
3021,16164,-409
3047,16076,-342
2962,16092,-336
3017,16076,-372
3061,15999,-234
2968,16125,-438
3036,15945,-166
3024,16151,-442
3080,16016,-172
3025,16134,-311
3026,16078,-371
3112,16098,-192
2954,16191,-490
3118,16043,-192
2974,16146,-519
2980,16072,-331
3098,16082,-322
2883,16061,-297
3173,16076,-314
2957,16038,-339
3046,16000,-283
3079,15999,-355
2981,16048,-265
3067,16065,-409
2988,16113,-277
3135,16183,-376
2955,16047,-306
3062,16165,-271
3005,16038,-326
2977,16100,-390
3058,16019,-298
2965,16015,-333
3075,16046,-360
2974,16033,-183
3048,16141,-441
3036,15998,-181
2936,16154,-429
3134,16017,-314
3022,16120,-359
3046,16098,-513
3080,16063,-176
2954,16149,-421
3094,15993,-172
2987,16124,-426
2976,16009,-194
3092,16079,-336
2934,16103,-308
3126,16036,-318
2955,16098,-453
3077,16103,-222
3072,16104,-403
2986,16101,-222
3094,16100,-361
2937,16016,-387
3143,16091,-269
2925,16060,-436
3096,16036,-166
3036,16113,-346
2955,16097,-328
3155,16113,-367
2915,16062,-278
3076,16019,-421
2932,16014,-254
3023,16078,-417
3095,15968,-189
2909,16133,-349
3097,16001,-294
3009,16087,-305
3072,16114,-390
3017,15994,-229
3030,16180,-503
3014,16010,-304
3017,16179,-473
3002,16070,-220
3022,16055,-321
2975,16044,-328
3102,15993,-172
2985,16148,-528
3077,15980,-133
2975,16142,-447
3052,16047,-266
3120,16169,-364
2917,16082,-430
3123,16059,-259
2915,16111,-389
3012,15961,-224
3053,16107,-323
2970,16086,-268
3158,16106,-351
2891,16050,-289
3126,16052,-365
2963,16041,-358
3036,16130,-289
3048,16055,-337
2966,16128,-311
3068,16092,-367
2997,16071,-345
3098,16152,-354
2941,16040,-274
3053,16135,-478
3066,16045,-252
2963,16115,-423
3036,16010,-234
2969,16073,-274
3048,16064,-407
3088,16008,-173
2970,16168,-548
3114,16004,-189
3013,16204,-408
2996,16025,-314
3110,16097,-349
2918,16092,-423
3102,15997,-281
2996,16146,-407
3035,16025,-195
3045,16089,-380
2975,16125,-249
3074,16110,-390
2902,16036,-327
3141,16071,-274
2965,16144,-495
3036,16069,-270
3056,16060,-338
2987,16064,-311
3135,16101,-299
2904,16085,-265
3193,16064,-373
2946,16073,-277
3005,16111,-487
3104,16009,-239
2956,16161,-354
3096,16015,-309
2938,16069,-235
3059,16139,-415
3048,16016,-260
2986,16166,-436
3036,15976,-219
3047,16170,-337
3001,16070,-304
3046,16034,-311
3001,16121,-395
3052,16034,-160
2977,16087,-502
3076,16012,-140
2999,16161,-502
2998,16012,-299
3042,16126,-335
2923,16086,-439
3149,16034,-254
2938,16112,-424
3052,15981,-185
3043,16086,-332
2926,16020,-325
3121,16034,-350
2914,16081,-256
3135,16052,-287
2990,16075,-313
3017,16157,-396
3084,16040,-403
2956,16126,-262
3082,16072,-407
2970,16028,-325
3077,16110,-360
2988,16011,-300
3027,16087,-354
2988,16014,-243
2992,16072,-348
3058,16078,-308
2966,16075,-323
3109,16069,-425
3024,16024,-215
3011,16137,-511
3082,16044,-224
3031,16156,-388
2992,16002,-307
3067,16040,-204
2955,16081,-428
3105,16013,-224
2959,16141,-479
3069,16072,-228
3060,16132,-422
2976,16044,-251
3154,16097,-386
2918,16039,-339
3090,16088,-263
2957,16034,-420
3032,16025,-178
2998,16096,-458
2958,16060,-304
3110,16065,-303
2913,16094,-356
3146,16125,-390
2983,16055,-366
3090,16077,-354
3078,16033,-259
2915,16077,-356
3125,16098,-327
2935,16090,-243
3137,16102,-369
3034,16005,-199
2964,16156,-449
3061,15997,-363
3025,16131,-362
3005,16056,-329
2992,16059,-259
3020,16075,-457
3074,16016,-256
2987,16135,-431
3036,15985,-142
3011,16121,-462
3021,16022,-258
3145,16056,-248
2885,16103,-370
3137,16060,-339
2956,16124,-377
3016,16078,-310
3082,16051,-354
2888,16098,-304
3148,16079,-426
2967,16070,-284
3086,16107,-379
3007,16022,-279
3020,16170,-390
3004,16011,-286
2990,16064,-367
3032,16031,-281
2910,15995,-319
3092,16080,-412
3016,16014,-140
3026,16131,-496
3065,16035,-236
3033,16167,-423
3092,16062,-353
3026,16123,-218
2906,16040,-477
3102,15996,-144
2951,16150,-471
3043,15971,-168
3070,16155,-394
2938,16076,-259
3119,16109,-308
2943,16098,-388
3086,16044,-307
3017,16129,-463
2996,16042,-229
3071,16108,-387
2955,16051,-294
3125,16111,-361
2939,16022,-306
3089,16074,-259
2966,16045,-359
3007,16078,-400
3096,16087,-346
2956,16073,-323
3119,16076,-306
2946,16083,-258
3078,16150,-431
3042,16064,-212
2991,16170,-494
3072,15988,-265
3011,16121,-337
3053,16076,-404
3063,16073,-260
2946,16079,-432
3064,15957,-169
3024,16134,-429
2995,15983,-242
3032,16104,-430
2930,16080,-303
3045,16064,-264
3001,16103,-405
3061,16067,-221
2968,16138,-542
3064,16019,-187
3058,16125,-396
2989,16011,-320
3129,16079,-266
2931,16056,-323
3125,16035,-305
2899,16062,-378
3021,16028,-310
3121,16106,-380
2893,16083,-343
3156,16045,-413
2933,16084,-277
3098,16161,-436
2992,15969,-334
2971,16138,-325
3070,16013,-348
2984,16119,-325
3056,16050,-365
2954,15970,-286
3040,16132,-377
2987,16034,-247
3024,16140,-445
3028,16025,-232
3000,16090,-459
2991,16090,-348
2988,16083,-254
3001,16128,-471
3125,16057,-187
2945,16187,-566
3071,15973,-173
3074,16132,-433
2984,16037,-350
3116,16038,-308
2915,16047,-361
3130,16011,-248
2992,16093,-412
2956,15999,-264
3129,16090,-354
2948,16092,-321
3123,16091,-395
2935,16069,-375
3093,16144,-291
2967,16066,-474
3025,16085,-241
3062,16111,-318
2963,16068,-333
3146,16063,-344
2931,15994,-200
3116,16067,-363
3001,16006,-201
2959,16124,-515
3094,16072,-295
2908,16147,-415
3043,16091,-426
2982,16133,-262
3004,16196,-515
3101,16017,-209
2992,16194,-437
3040,15946,-229
3062,16121,-394
2968,16049,-374
3083,16006,-264
2948,16054,-403
3039,15961,-107
2988,16142,-520
3029,16071,-217
3049,16158,-462
2979,16071,-327
3113,16122,-329
2921,16092,-499
3141,16113,-249
2981,16150,-506
3019,16034,-286
3085,16072,-309
2906,16023,-260
3132,16015,-317
2876,16013,-223
3165,16030,-303
3037,16023,-289
3022,16139,-404
3125,16035,-408
2956,16113,-294
3029,16138,-446
2993,16031,-305
3048,16166,-460
3056,15984,-235
3037,16148,-351
3037,16006,-249
3051,16046,-361
2984,16083,-334
3003,16030,-218
2972,16087,-531
3039,15961,-113
2959,16154,-565
3040,15994,-226
3010,16181,-429
3018,16063,-363
3169,16079,-245
2932,16131,-502
3138,16007,-223
2980,16193,-402
2980,16000,-229
3112,16065,-389
2928,16022,-273
3172,16097,-374
2905,16013,-332
3118,16012,-229
2983,16062,-412
3022,16112,-290
3106,16127,-428
2963,16099,-308
3136,16125,-362
2958,16075,-304
3124,16110,-369
3023,16046,-237
3015,16081,-402
3092,16020,-204
2943,16137,-380
3082,16073,-387
3001,16020,-193
3000,16106,-503
3070,15959,-147
2933,16188,-469
3045,16001,-300
3031,16144,-395
2954,16092,-373
3154,16032,-220
2933,16175,-449
3052,16040,-189
3041,16190,-446
3032,16049,-181
3099,16105,-454
2967,16030,-303
3059,16057,-293
2922,16031,-370
3073,16018,-156
2964,16098,-374
3027,16071,-258
3101,16116,-375
2923,16037,-386
3147,16113,-399
2894,16097,-422
3130,16052,-343
3025,16052,-265
2971,16034,-325
3126,16000,-332
2950,16122,-274
3101,16054,-402
2989,15974,-186
3013,16159,-412
3060,16016,-280
3017,16209,-452
3054,16108,-361
3021,16113,-386
3020,15998,-366
3100,16029,-188
2951,16107,-535
3099,16015,-173
2971,16180,-506
3014,16060,-271
3049,16160,-403
2886,16049,-275
3163,16070,-316
2891,16087,-378
3082,16033,-304
3041,16034,-339
2982,16077,-220
3121,16078,-409
2942,16100,-262
3126,16119,-369
2961,16062,-305
3040,16063,-300
2970,16011,-323
3013,16096,-374
3055,16042,-275
2966,16085,-334
3085,16092,-362
2968,16027,-273
3066,16137,-531
3099,15999,-173
2996,16155,-502
3079,16007,-321
3017,16079,-342
3062,16008,-414
3061,16010,-152
2932,16133,-379
3056,15984,-156
3037,16159,-479
3012,16092,-272
3096,16107,-442
2969,16130,-356
3152,16125,-394
2994,16114,-445
3058,16041,-261
2959,16086,-441
3015,15990,-139
3060,16074,-323
2930,16005,-303
3122,16098,-269
2935,16078,-373
3101,16072,-264
3004,16138,-389
3020,16138,-435
3079,16139,-425
2899,16094,-310
3075,16052,-449
2889,16040,-222
3022,16128,-362
3102,15951,-145
2989,16125,-354
3047,15996,-314
3009,16063,-322
3005,16085,-439
3113,16003,-248
2970,16179,-512
3048,16050,-199
3033,16148,-504
3044,15993,-214
3006,16097,-351
3014,16031,-348
3064,16038,-217
2947,16095,-503
3138,15982,-164
2966,16120,-489
3053,15991,-237
3065,16132,-430
2901,16046,-393
3147,16092,-274
2916,16109,-360
3136,16043,-253
3001,16122,-394
3018,16108,-299
3096,16124,-399
2956,16073,-292
3099,16128,-380
2959,16047,-362
3063,16141,-380
3019,15975,-306
3000,16057,-287
3070,16015,-298
2969,16064,-286
3095,16053,-368
3031,16069,-234
3013,16144,-529
3027,16005,-270
3018,16214,-489
3098,16005,-287
2942,16137,-302
3021,16078,-418
3116,16012,-171
2956,16169,-461
3130,15927,-111
2993,16161,-456
2997,15951,-214
3077,16074,-355
2928,16091,-420
3129,16059,-283
2944,16126,-416
3101,16015,-166
3033,16178,-582
3044,16079,-238
3054,16152,-451
2998,16021,-349
3107,16137,-310
2954,16091,-369
3126,16046,-256
2951,16081,-280
3050,16024,-217
3118,16058,-357
2915,16054,-320
3145,16103,-408
2968,16071,-235
3025,16203,-485
3018,16080,-272
2987,16180,-386
3102,16021,-388
3010,16112,-321
2998,16107,-447
3092,16029,-200
2996,16160,-464
3034,15938,-176
3006,16139,-406
3039,15955,-218
3017,16072,-371
3016,16058,-408
3017,16036,-290
2970,16136,-550
3087,16040,-201
2984,16214,-529
3040,16028,-235
3022,16174,-349
2958,16036,-346
3160,16084,-274
2878,16079,-391
3121,15978,-198
3024,16042,-328
3005,16013,-262
3159,16075,-353
2934,16062,-302
3135,16137,-428
2961,16101,-327
3040,16225,-403
3008,16067,-499
2997,16125,-321
3071,16030,-365
2936,16054,-290
3061,16091,-378
2988,15960,-287
3046,16054,-427
3036,15908,-127
2980,16124,-416
3100,16015,-307
3000,16123,-392
3096,16105,-443
3051,16060,-233
2976,16208,-576
3109,15989,-177
2974,16233,-437
3045,15988,-273
3059,16129,-277
2945,16088,-364
3124,16050,-230
2919,16161,-458
3028,16019,-155
3043,16068,-468
2973,16029,-245
3093,16098,-448
2931,16026,-280
3140,16123,-293
2971,16069,-402
3094,16103,-186
3001,16118,-408
3049,16073,-319
3088,16139,-388
2927,16024,-302
3101,16129,-370
2937,16054,-310
3087,16110,-397
3041,15979,-185
2966,16084,-309
3145,16036,-341
2961,16069,-274
3042,16055,-479
3054,15979,-204
2978,16222,-551
3086,16009,-262
3015,16220,-419
3061,16029,-255
3022,16077,-308
2976,16084,-370
3048,16028,-168
2983,16107,-475
3046,16011,-103
3000,16132,-445
2999,15973,-213
3062,16103,-429
2934,16031,-428
3136,16057,-211
2960,16120,-480
3135,16036,-164
3011,16179,-466
3001,16085,-282
3117,16131,-339
2913,16072,-254
3139,16088,-389
2966,16074,-340
3045,16072,-273
3070,16012,-292
2950,16045,-221
3114,16037,-343
3015,16077,-282
3046,16078,-467
3068,15974,-146
3033,16156,-499
3106,15944,-110
2956,16156,-456
3081,15951,-252
3038,16080,-284
2944,16084,-422
3120,16006,-281
2921,16211,-509
3087,16011,-190
3024,16197,-488
2954,16068,-256
3090,16082,-391
2914,16020,-344
3129,16079,-259
2917,16084,-419
3027,16011,-167
3020,16011,-410
3009,16030,-202
3048,16145,-413
2944,16060,-314
3128,16134,-352
2936,16064,-336
3038,16200,-446
3027,16135,-352
2992,16108,-370
3082,16022,-345
2948,16030,-225
3081,16095,-443
3025,15966,-130
2983,16148,-449
3102,15947,-168
2990,16173,-367
3058,16024,-352
3013,16107,-343
2934,16136,-472
3083,16011,-181
2975,16213,-544
3066,16011,-185
3008,16166,-479
2993,16019,-207
3038,16092,-328
2961,16046,-349
3124,16088,-212
2942,16146,-490
3097,15978,-172
2999,16128,-397
3033,15923,-265
3117,16124,-402
2845,16028,-291
3153,16023,-303
2907,16127,-348
3022,16095,-375
3053,16085,-390
2951,16085,-340
3082,16069,-349
2956,16045,-266
3076,16147,-415
3049,15969,-334
3018,16123,-366
3020,15991,-266
3006,16072,-307
3029,16064,-343
3029,16069,-259
3037,16178,-385
3012,16046,-191
3007,16217,-545
3063,15988,-169
2971,16185,-535
3082,15983,-256
3014,16094,-254
2957,16126,-431
3116,16013,-197
2929,16147,-494
3088,15958,-184
3006,16113,-438
2991,15958,-250
3133,16072,-380
2847,16041,-344
3117,16069,-239
2935,16084,-457
3075,16088,-285
3029,16141,-476
2943,16075,-259
3100,16135,-487
2961,16013,-231
3094,16119,-315
2980,15991,-399
3097,16066,-298
3035,16020,-248
2984,16059,-295
3079,16102,-394
2941,16065,-223
3123,16130,-461
3008,16052,-243
2992,16250,-535
3061,15985,-276
2963,16160,-399
3030,16043,-325
3016,16052,-236
2969,16097,-418
3097,15974,-160
2992,16166,-482
3110,15962,-149
3000,16167,-454
2925,15994,-227
3097,16119,-406
2940,16060,-355
3120,16018,-176
2967,16140,-509
3050,16038,-249
3029,16198,-464
2996,16007,-238
3093,16138,-327
2905,16006,-353
3151,16072,-296
2934,16083,-393
3108,16038,-286
3060,16044,-340
2978,16024,-272
3144,16103,-419
2979,16077,-269
3131,16088,-423
2998,15998,-240
2942,16208,-455
3067,16016,-352
2996,16087,-286
3026,16081,-327
3002,16013,-227
3033,16143,-464
3047,15995,-202
3037,16133,-454
3094,16018,-141
2997,16164,-492
3071,16014,-260
3034,16112,-280
2993,16103,-473
3071,15984,-173
2955,16203,-506
3096,15956,-181
2984,16153,-458
2998,15983,-275
3123,16074,-275
2912,16087,-400
3119,16057,-216
2942,16136,-457
3057,15991,-208
3042,16114,-450
2958,16037,-211
3133,16151,-456
2957,16029,-237
3046,16143,-339
2985,16017,-348
3039,16129,-404
3015,16096,-377
2995,16084,-298
3068,16106,-359
2944,16008,-275
3114,16127,-416
2989,15962,-196
3044,16133,-396
3083,15999,-220
2966,16176,-396
3087,16050,-385
2994,16080,-205
2965,16142,-489
3107,15963,-147
2925,16204,-516
3086,15951,-223
2991,16129,-398
2953,15999,-232
3119,16020,-272
2953,16075,-381
3103,16079,-229
2976,16164,-512
3059,16024,-206
3031,16143,-490
3020,16007,-233
3071,16147,-386
2961,16011,-352
3090,16029,-236
2957,16093,-405
3079,16044,-283
3028,16103,-385
2945,16053,-270
3129,16063,-387
2862,16036,-276
3122,16113,-411
3016,15983,-272
3007,16117,-397
3125,16001,-298
2975,16208,-331
3131,16068,-381
3024,16011,-257
2980,16127,-395
3003,15971,-220
2967,16157,-491
3029,16012,-227
3044,16090,-397
3015,16024,-294
2994,16046,-238
3033,16128,-467
3079,16015,-202
3003,16186,-555
3102,15967,-119
3019,16148,-468
2998,16007,-315
3076,16098,-271
2934,16094,-413
3105,15999,-146
2955,16101,-414
3023,16058,-237
3040,16142,-456
2920,16070,-278
3043,16111,-413
2973,16004,-320
3098,16135,-335
2954,16047,-229
3016,16135,-487
3018,16020,-263
2940,16100,-356
3076,16025,-352
2971,16032,-261
3026,16096,-475
3122,15956,-168
2960,16213,-482
3103,15947,-174
3014,16170,-391
3023,16078,-321
3094,16025,-228
2944,16127,-345
3124,15983,-179
3008,16162,-525
3015,16025,-187
3096,16177,-467
2960,15985,-252
3077,16113,-366
2926,16069,-434
3096,16026,-257
2934,16068,-483
3056,16012,-189
3062,16143,-447
2974,16034,-207
3140,16133,-366
2939,16035,-248
3104,16062,-358
2960,16073,-279
2997,16164,-428
3084,16057,-375
2944,16104,-257
3102,16073,-388
2980,15970,-210
3043,16145,-413
3099,15954,-164
2975,16164,-444
3037,15948,-291
3059,16146,-383
3057,16105,-386
3084,16081,-313
3012,16132,-481
3052,16005,-165
3007,16137,-537
3048,15939,-128
2988,16144,-466
3014,15970,-242
3087,16128,-294
2985,16103,-442
3146,16011,-233
2951,16121,-520
3110,15971,-221
3071,16151,-465
2921,16055,-316
3156,16098,-390
2919,16059,-280
3086,16071,-220
3008,16050,-331
3012,16143,-261
3094,16103,-423
2939,16029,-277
3094,16115,-402
2960,16026,-289
3079,16141,-409
3006,16002,-196
3055,16093,-408
2974,16020,-256
2983,16124,-435
3093,16150,-354
3013,16081,-242
3010,16203,-542
3087,15956,-189
2935,16276,-525
3138,15896,-203
2968,16135,-337
3014,16025,-306
3081,16056,-240
2959,16134,-430
3110,16019,-253
2982,16158,-471
3069,16017,-219
3113,16114,-405
2961,16074,-292
3132,16153,-354
2969,16069,-364
3110,16032,-195
2959,16098,-498
3047,15997,-215
3029,16104,-418
2940,15977,-216
3114,16116,-340
2957,16034,-298
3124,16077,-336
2956,16025,-242
3062,16081,-343
3085,16066,-364
2920,16135,-373
3134,16120,-394
2969,16045,-235
3051,16171,-457
3024,15972,-210
2948,16177,-363
3017,15932,-301
3005,16081,-313
3016,16076,-325
3063,15971,-211
3015,16152,-488
3041,16014,-136
2985,16166,-507
3023,15999,-200
3017,16143,-432
3061,16063,-305
3082,16130,-312
2985,16091,-403
3121,15986,-163
2966,16146,-464
3097,15954,-207
3027,16143,-365
2936,16024,-284
3175,16069,-383
2907,16083,-368
3105,16062,-317
3002,16063,-373
3028,16091,-278
3125,16126,-427
2948,16071,-268
3111,16110,-428
2983,16005,-257
3058,16144,-324
3025,15979,-300
3045,16088,-373
3048,16013,-319
2990,16041,-288
3062,16065,-364
3014,16056,-298
3093,16135,-435
3050,15970,-152
3050,16162,-488
3094,16007,-193
3000,16149,-414
3103,16090,-419
3062,16065,-231
2918,16164,-481
3083,15922,-137
2936,16210,-484
3025,15993,-159
3043,16106,-356
2935,16040,-294
3134,16084,-340
2934,16090,-429
3060,16022,-213
3021,16083,-481
3004,16043,-188
3075,16142,-460
3008,16033,-292
3137,16111,-366
2960,16027,-332
3121,16117,-272
2941,16073,-407
3002,16061,-292
3094,16075,-333
2909,16079,-299
3157,16069,-383
2936,16025,-192
3076,16172,-453
3043,15971,-227
2969,16131,-358
3106,16008,-324
2999,16131,-307
3062,16149,-432
3069,15994,-221
2964,16202,-461
3067,15976,-144
2999,16177,-486
2987,15994,-192
3004,16088,-382
3045,16097,-325
3048,16097,-294
3009,16110,-436
3088,15987,-186
3010,16200,-526
3074,15979,-207
3047,16134,-386
2973,16067,-337
3093,16084,-280
2946,16117,-335
3142,16055,-198
2962,16112,-450
3021,16041,-269
3117,16117,-380
2870,16037,-277
3148,16104,-430
2925,16024,-287
3073,16124,-405
3017,15974,-279
3017,16071,-312
3092,16080,-320
3006,16101,-325
3070,16150,-391
3025,15997,-257
3019,16156,-500
3006,15989,-236
3016,16158,-443
3090,15993,-203
2971,16068,-338
3044,16005,-368
3054,16051,-199
2961,16200,-558
3114,15966,-164
2958,16199,-521
3030,15962,-235
3041,16158,-369
2934,16032,-269
3116,16155,-378
2978,16100,-407
3101,16093,-292
2983,16046,-420
3054,16037,-287
3058,16092,-362
3010,16018,-259
3120,16110,-394
2934,16000,-210
3052,16127,-475
3025,16003,-278
2967,16138,-403
3094,15961,-286
2948,16082,-334
3085,16087,-409
3057,16017,-170
2991,16220,-451
3094,15988,-175
2996,16178,-388
3066,15997,-236
3047,16132,-394
2986,16081,-351
3093,16020,-272
2980,16121,-452
3058,16036,-157
3017,16180,-474
3015,15982,-203
3012,16157,-402
3018,16006,-315
3129,16112,-310
2943,16091,-473
3135,16033,-202
2959,16096,-383
3063,16015,-228
3118,16121,-382
2884,16049,-269
3146,16064,-328
2895,16031,-256
3028,16128,-425
3031,16021,-315
2985,16128,-312
3087,16030,-315
2992,16077,-285
3078,16170,-409
3032,16018,-310
3055,16159,-412
3010,15988,-210
3007,16108,-327
3020,15992,-285
3044,16080,-321
3080,16075,-430
3027,16049,-155
2977,16154,-523
3064,15963,-125
2975,16196,-521
3075,15979,-234
2998,16121,-401
2984,16083,-363
3107,16073,-274
2913,16173,-463
3116,15989,-221
3013,16107,-369
3021,16005,-204
3106,16070,-381
2935,16049,-258
3111,16052,-334
2939,16064,-308
3058,16109,-369
2989,16038,-365
3015,16093,-321
3073,16083,-349
3005,16064,-321
3062,16088,-370
3004,16087,-207
3076,16165,-440
3062,15983,-146
2961,16176,-451
3095,16007,-234
2953,16153,-396
3113,16065,-336
3011,16001,-207
2988,16126,-477
3103,15960,-215
2967,16171,-379
3066,16023,-253
3029,16134,-333
2968,16068,-352
3127,16076,-268
2965,16173,-465
3076,16054,-221
3033,16111,-432
3011,16010,-205
3009,16086,-413
2988,15976,-293
3100,16076,-242
2973,16069,-420
3134,16076,-176
2988,16137,-377
3023,15997,-322
3089,16122,-402
2971,16023,-315
3144,16127,-338
2958,16105,-401
3118,16103,-346
3057,16062,-261
2947,16043,-264
3130,16033,-353
2934,16056,-258
3121,16078,-416
2988,15994,-274
3003,16190,-392
3070,16061,-304
3022,16110,-409
3055,16032,-253
3000,16112,-308
3036,16141,-407
3057,16052,-243
3053,16198,-514
3036,15963,-141
2979,16157,-489
3072,16004,-242
3006,16137,-356
2942,16020,-343
3095,16005,-202
2889,16087,-442
3115,16012,-175
2972,16159,-455
2986,16038,-257
3136,16113,-373
2883,16091,-338
3204,16120,-335
2921,16108,-475
3052,16091,-224
3074,16061,-369
2959,16062,-231
3117,16091,-362
2985,15975,-253
3057,16141,-297
2969,15974,-282
3064,16101,-400
3002,16101,-332
3007,16092,-397
3085,16094,-307
2973,16096,-283
3102,16120,-459
2978,16018,-238
3039,16177,-452
3116,15949,-212
2923,16192,-402
3109,15972,-315
3020,16064,-221
2938,16085,-417
3050,15939,-147
2979,16156,-450
3055,15988,-208
3028,16227,-533
2992,16016,-223
3065,16142,-407
2958,16073,-384
3112,16083,-257
3009,16140,-483
3049,15991,-164
2995,16097,-385
3013,15999,-228
3078,16128,-363
2909,16010,-353
3110,16086,-232
2950,16074,-362
3078,16109,-397
3029,16125,-393
2971,16126,-361
3135,16064,-400
2899,16068,-294
3116,16128,-440
3036,15961,-241
3017,16134,-385
3099,15965,-204
2958,16157,-281
3068,16035,-328
3019,16062,-282
2993,16097,-405
3014,16006,-280
3007,16144,-476
3047,15994,-253
2991,16176,-489
3039,15958,-236
3020,16080,-332
3023,16093,-386
3081,16052,-230
2972,16176,-499
3089,15999,-156
2974,16217,-452
3051,16004,-308
3101,16095,-332
2869,16069,-328
3144,16037,-283
2943,16091,-345
3049,16064,-272
3029,16086,-470
2896,16047,-241
3131,16081,-374
2957,16071,-298
3112,16172,-357
3036,16016,-255
3026,16116,-313
3052,16040,-289
3014,16087,-293
3055,16087,-301
3021,16021,-271
3054,16105,-340
2932,15978,-224
3027,16136,-448
3045,15993,-196
2955,16175,-439
3073,16009,-320
3091,16037,-301
2893,16066,-295
3097,16024,-206
2997,16107,-417
3010,16055,-263
3055,16077,-460
2996,16039,-260
3064,16175,-390
2965,16066,-392
3088,16105,-290
2955,16062,-474
3088,16048,-247
3002,16078,-341
2967,16095,-233
3130,16111,-381
2878,16082,-282
3143,16053,-319
2937,16044,-250
3020,16134,-425
3099,16048,-308
2932,16139,-334
3075,16019,-332
3002,16028,-295
3022,16173,-464
3097,16021,-279
3020,16184,-414
3046,16004,-205
3043,16127,-402
3027,16030,-253
2984,16067,-251
3018,16065,-410
3000,16004,-175
2998,16131,-522
3107,15991,-163
2956,16203,-487
3018,16012,-272
3110,16142,-343
2930,16119,-444
3179,16081,-270
2926,16194,-467
3048,16014,-297
3042,16096,-365
2939,16021,-240
3162,16067,-307
2914,16035,-285
3155,16093,-302
3019,16001,-320
3010,16134,-353
3036,16041,-425
2974,16090,-274
3065,16147,-386
2945,16072,-319
3073,16138,-383
2967,16016,-187
3055,16081,-425
3057,16001,-200
2948,16113,-443
3073,16033,-305
2979,16039,-276
3051,16126,-371
2987,16022,-225
2949,16186,-479
3059,15986,-221
2993,16194,-409
2996,16050,-300
3111,16087,-291
2949,16143,-407
3113,16050,-242
2956,16187,-444
3060,16032,-156
3049,16095,-476
2971,16034,-264
3088,16090,-313
2974,15992,-332
3116,16062,-214
2951,16043,-404
3031,16040,-286
3029,16121,-410
3008,16053,-334
3111,16142,-354
2882,16084,-404
3128,16133,-337
2987,16056,-242
3004,16109,-374
3102,16007,-294
2960,16145,-340
3139,16032,-313
2969,16037,-284
3037,16120,-417
3055,15981,-232
2965,16170,-445
3085,15989,-276
2978,16120,-370
3027,16068,-321
3086,16030,-286
3042,16163,-454
3091,16021,-207
2994,16164,-499
3027,16032,-186
3062,16160,-428
3062,16017,-269
3076,16082,-269
2932,16031,-424
3116,15975,-184
2935,16127,-437
3036,15995,-278
3002,16172,-413
2988,16050,-310
3129,16118,-359
2938,16125,-363
3111,16102,-346
2996,16002,-322
2994,16087,-251
3118,16061,-334
2949,16087,-307
3142,16073,-332
2986,15999,-271
3039,16110,-313
2990,16015,-326
3041,16118,-413
3027,16041,-322
3029,16115,-360
3032,16082,-298
2986,16103,-323
3070,16114,-425
3047,16015,-225
2969,16154,-440
3066,15971,-229
2985,16166,-418
3103,16037,-347
3035,16074,-234
2930,16073,-390
3107,15974,-174
2954,16155,-466
3069,15998,-230
3075,16139,-428
2981,16063,-302
3122,16102,-355
2919,16069,-360
3102,16104,-304
2966,16051,-389
3014,16074,-236
3072,16094,-346
2971,16049,-320
3100,16122,-322
2919,16015,-322
3126,16036,-253
2918,16058,-344
3053,16050,-387
3066,16056,-359
2931,16119,-326
3151,16053,-309
2934,16080,-313
3051,16135,-422
3056,15969,-227
2977,16213,-403
3071,15953,-270
2976,16133,-339
3059,16059,-346
3028,16031,-278
2946,16138,-411
3085,15954,-211
2996,16143,-511
3039,16008,-186
3057,16101,-371
3023,16008,-294
3069,16081,-291
2992,16085,-435
3117,16000,-214
2978,16088,-531
3098,16005,-244
2978,16127,-417
2939,16057,-339
3155,16121,-282
2923,16076,-329
3106,16004,-247
2914,16075,-373
2987,16103,-351
3093,16111,-383
2894,16112,-317
3084,16122,-369
2931,16076,-335
3031,16147,-409
3036,15996,-270
3006,16126,-334
3056,16057,-366
3020,16136,-374
3077,16128,-338
3031,16077,-265
3030,16129,-416
2999,16004,-185
2979,16128,-456
3072,15965,-212
2949,16146,-341
3046,16027,-328
3053,16098,-272
3002,16126,-488
3166,16038,-214
2968,16187,-488
3069,16005,-270
3093,16154,-357
2902,16098,-355
3143,16080,-273
2898,16081,-331
3137,16005,-183
2999,16091,-409
3008,16078,-271
3093,16129,-423
2959,16026,-289
3100,16136,-390
2986,16038,-364
3125,16117,-333
2994,16053,-336
3048,16034,-288
3096,16056,-307
2937,16077,-332
3057,16031,-398
3129,16022,-245
3000,16177,-455
3103,15952,-256
3033,16181,-416
3019,16001,-277
3039,16133,-375
2949,16067,-324
3058,16080,-294
2967,16103,-368
3065,16054,-184
3021,16193,-452
3043,16009,-274
2965,16176,-373
3011,16002,-296
3099,16111,-325
2959,16069,-365
3118,16024,-231
2975,16083,-325
3035,16017,-264
3095,16056,-353
2903,16142,-326
3169,16092,-326
2937,16048,-281
3071,16169,-371
3025,16053,-346
2951,16163,-351
3085,16047,-366
3005,16048,-351
3055,16127,-349
3018,16033,-296
3052,16136,-408
3012,15966,-219
2991,16088,-380
3033,16010,-221
2984,16141,-389
3064,16060,-356
3000,16096,-271
3016,16146,-510
3053,16018,-193
2961,16236,-454
3053,15973,-274
2991,16139,-316
2890,16022,-351
3151,16023,-215
2881,16096,-368
3131,15970,-192
3023,16085,-388
2981,16040,-260
3102,16155,-436
2933,16097,-351
3108,16133,-415
2990,16078,-375
3063,16140,-293
2995,16096,-390
2998,16075,-254
3059,16030,-275
2998,16037,-309
3083,16062,-310
2931,16029,-328
3101,16071,-408
3011,16050,-294
2999,16098,-389
3106,16044,-290
2987,16156,-304
3117,16094,-394
3031,16026,-193
2980,16195,-438
3064,15996,-253
2943,16177,-400
3092,16018,-257
3004,16106,-348
2979,16053,-335
3132,16030,-276
2970,16136,-490
3053,15983,-204
3012,16082,-413
3005,15962,-197
3072,16109,-371
2958,16062,-265
3093,16081,-253
2930,16154,-484
3143,16089,-244
2975,16183,-459
3067,16073,-330
3072,16152,-357
2935,16080,-278
3131,16024,-320
2933,16041,-299
3085,16020,-264
3048,16039,-265
2956,16064,-279
3111,16010,-388
2990,16088,-334
3081,16172,-473
3051,16048,-263
3027,16227,-462
3041,16029,-292
3009,16132,-403
3035,15996,-207
3012,16015,-293
3037,16046,-315
3013,16065,-204
3030,16124,-424
3041,16017,-208
2955,16137,-489
3055,16000,-260
2997,16158,-381
2960,16085,-417
3116,16056,-217
2925,16163,-432
3131,16040,-210
2955,16210,-393
3033,16018,-250
3132,16120,-422
2903,16059,-292
3145,16063,-302
2972,16085,-405
3054,16099,-219
3042,16017,-322
3001,16030,-237
3098,16091,-390
2993,16056,-329
3147,16120,-337
2947,16074,-391
3070,16106,-416
2979,16083,-311
3043,16101,-406
3079,16020,-252
2938,16034,-279
3108,16063,-374
3032,15984,-202
3024,16134,-419
3134,15974,-151
2947,16172,-375
3137,16022,-319
3021,16139,-370
2941,16139,-432
3098,16019,-249
2963,16135,-437
3037,15971,-257
3029,16149,-399
3000,16003,-179
3061,16089,-320
2979,16063,-302
3108,16069,-231
2965,16078,-453
3116,16065,-232
3024,16106,-403
3007,16024,-253
3082,16150,-385
2951,16050,-328
3171,16075,-288
2916,16064,-341
3064,16115,-372
2968,16069,-338
2969,16083,-332
3130,16025,-333
2937,16063,-276
3080,16107,-373
3049,16007,-248
3009,16140,-348
3069,15960,-240
3034,16172,-362
3035,16066,-369
3022,16072,-324
2994,16119,-402
3024,16053,-275
2961,16141,-471
3077,15999,-160
3014,16145,-423
3053,15932,-239
2963,16097,-268
3001,16029,-372
3068,16050,-170
2982,16185,-505
3134,15999,-198
2983,16167,-503
3025,16018,-255
3122,16133,-406
2896,16061,-350
3158,16053,-300
2935,16071,-381
3059,16089,-246
3028,16067,-404
2995,16019,-261
3080,16038,-342
2978,16069,-312
3116,16100,-328
3002,16048,-424
3096,16132,-362
3035,16096,-308
3036,16082,-308
3075,16100,-319
2912,16079,-260
3110,16135,-344
2955,16056,-257
3043,16139,-468
3046,15987,-188
2960,16192,-441
3095,15998,-320
2968,16103,-301
3013,16074,-407
3099,16020,-215
2937,16155,-425
3113,15951,-198
3034,16108,-441
3052,16071,-237
3081,16091,-343
2893,16117,-388
3154,16065,-243
3016,16158,-435
3091,16170,-269
2991,16064,-539
2997,15964,-244
3051,16047,-209
2923,16200,-383
3179,16189,-303
3015,16120,-219
2995,16232,-493
3119,16031,-372
2991,16069,-295
3026,15980,-277
2941,15939,-158
3008,16035,-331
3033,15926,-84
2974,16046,-477
3078,16102,-126
3126,16221,-690
2943,16152,-279
3086,16075,-692
2912,16006,-246
3008,16112,-141
2984,16373,-394
3074,15950,-66
3063,16145,-457
3013,15977,-252
2996,16049,-111
2872,15894,-392
3161,15981,-312
2918,16191,-621
3238,16077,-179
3021,16123,-316
2922,16065,-475
3118,16139,-418
2809,15900,-229
3462,16029,-233
2797,16259,-604
3108,16370,-119
3168,15964,-816
2779,15736,-14
3055,16263,-348
2977,15774,-37
3228,16144,-236
2932,16260,-441
2988,16123,-229
3198,15930,-636
2811,16010,-35
3037,16073,-448
3006,16147,-317
3017,16178,-345
3115,16190,-310
2927,16179,-382
3126,16006,-118
2931,16093,-348
2950,16060,-236
3142,16071,-444
2997,16211,-333
3143,16104,-299
3000,16190,-514
3039,15925,-190
3032,15970,-488
2951,15962,-115
3112,16079,-382
2988,16146,-328
3083,16075,-294
3015,16148,-403
3051,16068,-430
2956,16090,-463
2992,16020,-340
3115,16099,-400
2936,16063,-224
3151,16045,-268
2982,16027,-101
3009,16062,-365
3057,16001,-325
2955,16125,-384
3134,16135,-422
3018,16116,-346
3059,16187,-548
3068,16025,-271
2985,16156,-431
3013,15975,-254
3017,16051,-274
2957,16061,-222
3028,16108,-265
3063,16153,-387
3029,16029,-190
2985,16136,-514
3018,15926,-195
3001,16110,-375
3027,16014,-330
3083,16101,-193
2941,16017,-502
3126,16015,-174
2904,16172,-500
3109,15978,-229
3038,16208,-471
2942,16132,-343
3205,16098,-313
2869,16125,-293
3138,16089,-366
2971,16011,-292
3009,16038,-188
3057,16050,-335
2972,16056,-300
3099,16145,-387
3003,16032,-232
3012,16157,-405
2977,15963,-302
3071,16103,-417
3010,16099,-319
3016,16094,-384
3108,16068,-323
3015,16073,-242
3044,16124,-428
3036,15970,-132
3009,16135,-417
3083,15981,-240
2985,16157,-397
3121,16047,-325
3071,16031,-323
2932,16088,-336
3108,15952,-197
2998,16154,-413
3073,16022,-220
3096,16149,-372
2968,16091,-276
3121,16161,-426
2929,16103,-434
3102,16098,-247
2977,16085,-376
3084,16024,-211
2989,16093,-335
2968,16029,-288
3076,15998,-340
2937,16015,-279
3114,16040,-297
2896,16084,-324
3079,16159,-343
3060,16160,-465
2941,16097,-368
3125,16072,-379
2909,15981,-240
3047,16077,-423
3056,15937,-61
2970,16172,-318
3124,16019,-232
3030,16148,-343
3044,16137,-295
3048,16087,-414
2982,16147,-515
3049,16018,-256
3036,16150,-446
3046,15988,-162
3021,16119,-360
2995,15942,-258
3075,16100,-292
2995,16060,-403
3125,16022,-146
2934,16191,-521
3103,16007,-251
3011,16167,-442
2966,16046,-325
3097,16068,-350
2888,16084,-257
3131,16007,-239
2973,16057,-377
3003,16100,-296
3113,16072,-350
2938,16077,-294
3085,16105,-442
2961,16036,-358
3082,16171,-361
3025,16031,-296
3058,16080,-312
3036,16093,-284
3025,16086,-339
3063,16083,-356
2972,16063,-244
3059,16097,-463
3000,16003,-198
3038,16132,-460
3086,15955,-207
2942,16144,-351
3084,16025,-320
3100,16117,-309
2979,16214,-464
3139,15972,-147
2895,16207,-443
3015,15993,-238
3032,16076,-446
2944,15997,-243
3156,16081,-266
2900,16113,-367
3074,16008,-198
2994,16107,-482
3029,16058,-225
3024,16115,-467
2972,16019,-277
3069,16187,-363
2945,16091,-386
3087,16118,-320
2937,16083,-313
3052,16011,-304
3066,16057,-317
2954,16064,-293
3153,16027,-358
2924,16018,-215
3059,16126,-429
3002,16021,-207
2962,16168,-386
3127,15996,-261
2973,16152,-375
3060,16149,-411
3083,16064,-283
2987,16216,-473
3027,16024,-173
3029,16128,-401
2990,15945,-166
3021,16052,-386
2989,16012,-260
3126,16080,-296
2888,16108,-357
3163,15962,-262
2945,16047,-341
3064,16008,-229
3052,16062,-347
2898,16069,-274
3137,16080,-379
2917,16031,-324
3061,16135,-379
3018,16038,-310
3020,16168,-376
3059,16044,-292
3000,16062,-320
3048,16117,-409
3029,15991,-275
3091,16134,-419
3011,15991,-182
2972,16092,-435
3064,15972,-194
2982,16126,-344
3108,16019,-344
3012,16071,-247
2999,16143,-483
3105,16004,-232
2927,16226,-485
3107,15998,-254
3032,16143,-418
2975,16027,-312
3162,15997,-250
2913,16133,-388
3096,15978,-135
3002,16020,-376
3006,16009,-201
3052,16147,-466
3005,16039,-277
3107,16122,-364
2951,16008,-400
3065,16071,-246
2992,16063,-326
3079,16110,-252
3014,16085,-408
2970,16046,-284
3151,16117,-348
2980,16124,-287
3111,16147,-419
3024,16019,-243
2988,16123,-345
3059,15997,-282
2944,16081,-291
3120,16045,-393
3015,15979,-233
2963,16204,-417
3050,16015,-223
2977,16142,-479
3052,16002,-236
3032,16096,-389
2983,16122,-329
3121,16113,-283
3014,16121,-436
3049,15999,-190
2980,16140,-437
3018,15925,-131
3018,16146,-369
2986,15999,-245
3031,16045,-261
2927,16109,-382
3153,16067,-270
2963,16180,-439
3086,16054,-304
3096,16161,-408
2932,16091,-311
3191,16071,-321
2886,16083,-300
3041,16032,-299
3021,15953,-254
2989,16104,-241
3134,16072,-365
2993,16127,-307
3095,16167,-404
3036,16079,-309
2978,16144,-476
2998,16026,-257
3022,16135,-422
3005,15987,-205
3017,16094,-299
3077,16053,-301
3052,16056,-230
3043,16113,-458
3075,15952,-171
2920,16195,-508
3059,15961,-283
3056,16160,-358
2963,16096,-415
3116,16010,-289
2887,16095,-370
3160,15974,-139
2983,16142,-467
2985,16052,-189
3078,16134,-441
2911,16078,-354
3138,16102,-378
2963,16075,-340
3012,16031,-260
3013,16061,-376
3039,16026,-241
3081,16113,-329
2979,16037,-273
3098,16098,-319
2987,16070,-291
3079,16127,-449
2957,16059,-322
3008,16129,-394
3099,16039,-313
2913,16084,-338
3094,16068,-373
3070,16003,-192
3008,16128,-387
3067,15944,-147
2985,16175,-366
3064,16004,-267
3027,16098,-348
2941,16075,-384
3099,16030,-303
2950,16185,-541
3088,16044,-183
3023,16183,-488
2990,16011,-180
3052,16105,-363
2992,16005,-282
3097,16057,-234
2924,16076,-424
3130,15979,-190
2902,16143,-473
3061,15967,-234
3075,16132,-362
2923,16061,-305
3184,16068,-330
2912,16068,-287
3086,16122,-368
2998,16069,-324
3009,16111,-294
3101,16072,-322
2935,16053,-266
3069,16132,-408
3004,15968,-237
2970,16171,-382
3058,15991,-211
3027,16124,-317
3037,16054,-287
2982,16100,-339
2982,16100,-389
2996,16092,-264
3059,16201,-472
3041,16028,-216
3008,16204,-471
3079,15999,-263
2988,16113,-287
2983,16044,-342
3124,16016,-187
2957,16146,-468
3103,15950,-185
2949,16142,-443
3005,15974,-232
3113,16067,-383
2897,16102,-303
3144,16073,-344
2972,16087,-375
3049,16119,-300
3032,16092,-410
2960,16060,-260
3065,16084,-335
2961,16038,-274
3111,16141,-324
3001,16032,-326
3129,16066,-353
2963,16029,-321
2992,16041,-318
3096,16054,-342
2933,16043,-291
3118,16058,-435
2974,16016,-176
3024,16209,-455
3055,15967,-181
2959,16193,-431
3076,16004,-235
2979,16075,-326
3018,16141,-378
3111,16022,-262
2985,16168,-496
3085,15979,-135
3054,16120,-404
2993,16032,-186
3113,16166,-422
2952,16046,-298
3090,16113,-284
2952,16118,-519
3124,16053,-214
3002,16215,-488
3040,16026,-220
3018,16148,-350
2966,16029,-261
3130,16053,-311
2870,16113,-314
3144,16039,-264
2990,16048,-281
2938,16077,-306
3172,16054,-388
2947,16135,-283
3107,16151,-419
3003,16019,-218
2992,16213,-460
3070,15983,-311
2977,16104,-355
3047,15983,-259
3017,15988,-286
3074,16078,-378
3027,15998,-205
2954,16185,-453
3145,15987,-164
2972,16199,-384
3025,16015,-230
3106,16105,-409
2904,16063,-314
3163,16054,-319
2921,16140,-438
3114,16049,-214
3036,16053,-371
2947,16026,-272
3127,16100,-391
3010,16006,-247
3103,16157,-399
3008,16069,-356
3076,16133,-391
3032,16132,-391
3052,16032,-311
3032,16024,-265
2994,16011,-246
3103,16086,-415
2990,15988,-163
3127,16119,-425
3056,15976,-186
2955,16169,-436
3119,16008,-288
3020,16137,-342
2951,16106,-391
3056,16051,-221
2986,16217,-499
3114,16000,-156
2993,16140,-410
2977,15993,-194
3102,16053,-300
2933,16068,-383
3081,16082,-155
2986,16172,-445
3094,16082,-213
3003,16147,-491
3033,15956,-217
3006,16129,-423
2931,15970,-358
3134,16019,-207
2917,16113,-319
3170,16105,-359
2998,16127,-381
3019,16081,-299
3137,16044,-418
2900,16096,-283
3203,16139,-409
3030,15968,-180
3044,16144,-350
3089,15945,-223
2952,16123,-394
3064,16027,-337
3037,16010,-202
3031,16171,-430
3046,15982,-209
3002,16202,-450
3035,16058,-288
2993,16091,-503
3013,16048,-252
3030,16118,-312
3033,16072,-366
3067,16024,-210
3000,16126,-438
3070,15913,-142
3005,16122,-464
3095,15959,-214
3074,16138,-350
2913,16067,-374
3158,16065,-289
2929,16187,-455
3094,16081,-284
3025,16167,-402
2967,16072,-242
3108,16082,-370
2928,16009,-227
3114,16084,-334
2962,15965,-271
3062,16069,-289
3038,16023,-297
3011,16090,-295
3065,16084,-408
2969,16050,-302
3038,16147,-355
2970,16041,-238
3099,16129,-446
3057,16063,-256
2989,16174,-399
3086,16013,-262
2957,16086,-256
3059,16103,-429
3082,15990,-205
2988,16160,-431
3081,15956,-172
2947,16192,-484
3066,16038,-248
3125,16071,-316
2904,16127,-365
3091,16015,-281
2966,16159,-494
3057,16026,-226
3041,16156,-506
2969,16011,-163
3082,16129,-368
2941,15959,-311
3094,16055,-239
2945,16025,-437
3099,16025,-241
2995,16120,-367
3011,16076,-246
3104,16141,-377
2907,16080,-337
3167,16057,-311
2961,16080,-301
3046,16142,-403
3074,16042,-345
2972,16150,-334
3101,16024,-318
2971,16050,-200
3043,16178,-387
3050,15932,-160
2963,16155,-453
3072,16007,-158
3014,16137,-509
3062,16048,-312
3074,16097,-332
3025,16080,-337
3053,15997,-205
3041,16121,-449
3078,15965,-135
3012,16180,-448
3078,15967,-243
3080,16149,-333
3006,16074,-395
3126,16023,-245
2896,16108,-459
3113,15973,-237
3000,16089,-437
2967,16037,-184
3139,16084,-356
2897,16072,-262
3172,16102,-348
2996,16073,-327
2982,16157,-343
3068,16095,-363
2936,16094,-274
3090,16120,-371
2936,15967,-272
3075,16146,-347
3005,16014,-251
3041,16096,-361
3074,16006,-233
3056,16126,-403
3100,16063,-348
2970,16059,-302
3050,16112,-416
3026,16043,-211
2992,16178,-537
3115,15962,-113
2983,16186,-433
3035,16023,-251
3091,16116,-238
2954,16109,-395
3150,15989,-213
2938,16152,-499
3072,15992,-163
3044,16097,-466
2924,16014,-238
3131,16112,-383
2916,16082,-319
3096,16050,-223
2986,16063,-372
3073,16069,-273
3031,16192,-490
3013,16018,-252
3064,16092,-342
2894,16046,-323
3167,16041,-352
2959,16038,-219
3070,16025,-325
3028,15996,-279
2970,16143,-312
3145,16063,-348
2973,16081,-244
3050,16137,-443
3002,15989,-222
2972,16245,-485
3074,15992,-274
2949,16145,-389
2994,16059,-321
3104,16046,-283
2996,16127,-359
3080,16044,-212
3019,16122,-446
3042,15985,-137
3008,16136,-449
2987,15992,-311
3066,16152,-353
2981,16117,-387
3076,16057,-280
2943,16170,-490
3153,16037,-235
2962,16204,-390
2963,16026,-238
3111,16044,-320
2900,16121,-321
3146,16080,-334
2982,15992,-277
3051,16055,-284
3046,16020,-348
2911,16080,-297
3140,16106,-376
2987,16075,-329
3087,16098,-442
3006,16007,-216
3054,16156,-477
3036,15958,-177
2954,16169,-406
3096,16024,-270
3028,16068,-288
2933,16143,-384
3085,15966,-225
2925,16186,-468
3051,16013,-243
3043,16171,-383
2973,16073,-261
3145,16107,-358
2912,16098,-365
3106,16063,-228
2955,16046,-394
3029,16003,-203
3039,16106,-395
2989,16069,-303
3116,16126,-369
2959,16057,-298
3096,16114,-327
2969,16080,-374
3072,16079,-360
3042,16098,-361
2962,16055,-318
3150,16014,-313
2921,16084,-254
3066,16115,-400
3009,15965,-178
3033,16160,-396
3091,15983,-265
2976,16160,-413
3101,16053,-347
3024,16066,-317
2931,16149,-434
3089,15979,-167
2971,16177,-469
3047,15966,-164
3034,16139,-409
3038,16020,-225
3096,16122,-343
2989,16135,-359
3100,16037,-199
2967,16155,-434
3111,15988,-196
3014,16152,-469
2991,16019,-273
3072,16079,-358
2926,16040,-289
3140,16060,-220
2926,16109,-297
3047,16055,-292
3049,16098,-366
2912,16068,-300
3174,16112,-351
2944,16083,-281
3078,16176,-400
3017,16022,-247
3033,16084,-271
3096,16105,-286
2995,16055,-380
3031,16118,-238
3118,15999,-352
2978,16143,-342
3074,15930,-302
2910,16432,-212
3295,15620,-1036
2471,16424,303
3397,15953,-800
2759,15853,-11
2997,15692,-500
3180,16213,76
3059,15950,-272
3135,16323,-535
3103,15814,-369
2867,16279,-114
3134,15951,-548
2911,16056,-387
3169,16106,-233
2986,16190,-392
2957,16089,-311
3081,15882,-538
2671,16091,286
3458,16071,-690
2994,16248,-464
3102,15927,-461
2906,16374,-398
3014,15737,-130
2973,16356,-260
3049,15848,-210
3067,16119,-298
2883,16207,-338
3143,15962,-428
2865,16055,-160
3001,16141,-442
3118,15930,-342
3024,16197,-413
3100,16172,-335
3068,16107,-378
3001,16169,-432
3111,15908,-57
2902,16160,-482
3044,15944,-238
3008,16132,-383
3001,16087,-243
3079,16063,-352
2982,16090,-415
3134,16017,-169
2993,16104,-541
3076,16000,-222
3049,16170,-460
3026,16042,-283
3126,16142,-368
2948,16091,-312
3166,16026,-253
2938,16057,-332
3087,16042,-222
3005,16110,-392
2911,16073,-283
3126,16091,-324
2864,15976,-253
3240,16071,-480
3059,15950,-577
2863,16382,106
3268,15981,-857
2655,15957,-48
3231,16192,-733
2915,15872,-202
2991,16038,-231
3089,16231,-252
3004,16035,-352
3017,15865,-392
2953,16225,-415
2981,15995,-165
3039,16128,-336
3036,16125,-349
3055,16038,-214
2960,16271,-566
3127,15862,-207
2876,16180,-451
3049,16012,-305
3122,16042,-344
2936,16211,-403
3149,16039,-256
2982,16118,-415
3018,15987,-138
3098,16040,-363
2873,16057,-245
3114,16064,-407
2979,16018,-327
3073,16102,-332
3004,16071,-380
3032,16077,-347
3071,16065,-394
2956,16063,-303
3099,16108,-385
2940,16087,-349
3146,16131,-371
2994,16028,-204
3026,16093,-315
3100,15929,-256
2957,16143,-310
3100,16053,-352
3001,16025,-224
2970,16165,-519
3056,15942,-157
2988,16211,-400
3073,16006,-259
3015,16151,-351
2953,16061,-402
3114,16124,-295
2985,16139,-435
3058,16031,-211
3028,16128,-386
2999,16021,-173
3015,16137,-405
2989,16038,-320
3073,16096,-290
2981,16084,-366
3100,16069,-301
2959,16164,-448
3091,16006,-290
3069,16044,-399
2974,16029,-285
3166,16087,-389
2948,16091,-330
3150,16057,-338
3032,16042,-293
2993,16128,-353
3150,16054,-277
2955,16112,-386
3120,16070,-407
2982,16008,-231
3030,16120,-401
3051,16031,-243
3003,16152,-414
3047,16019,-243
2968,16119,-393
3004,16073,-359
3036,16103,-310
3070,16155,-486
3069,16007,-185
2987,16174,-477
3093,15971,-159
3003,16138,-369
3018,15954,-320
3074,16011,-259
2936,16081,-389
3133,16036,-163
2944,16140,-436
3002,16028,-278
3107,16141,-420
2906,16077,-322
3086,16132,-379
2960,16025,-363
3055,16085,-374
2996,16069,-328
3007,16096,-441
3034,16006,-253
3004,16125,-329
3107,16100,-392
2990,16063,-223
3083,16136,-415
3068,15999,-174
2955,16185,-489
3096,15985,-247
2980,16141,-372
2991,16033,-403
3122,16046,-263
2958,16132,-358
3058,16026,-174
3025,16127,-437
3005,16015,-222
3078,16126,-379
2983,16032,-319
3109,16106,-338
2978,16154,-460
3102,16057,-266
2966,16154,-403
3042,16001,-249
3021,16116,-373
2955,16013,-257
3128,16053,-302
2937,16058,-287
3073,16026,-354
2983,16067,-312
2994,16125,-414
3135,16063,-340
2930,16096,-377
3098,16120,-422
2977,16039,-316
3043,16153,-357
3043,15990,-235
2984,16151,-414
3055,16026,-253
3037,16104,-287
3020,16073,-356
3045,16012,-283
3025,16128,-468
3062,16004,-232
3009,16191,-509
3041,16019,-191
2928,16185,-443
3033,16036,-344
3113,16066,-266
2999,16161,-443
3114,15992,-223
2949,16154,-413
3087,15945,-224
3043,16072,-341
2892,16028,-267
3136,16054,-266
2900,16073,-364
3053,16114,-362
2991,16092,-401
2946,16099,-301
3111,16100,-371
2923,16079,-329
3091,16159,-379
3030,16063,-309
3059,16115,-362
3027,16037,-316
3020,16090,-307
3027,16039,-267
2990,16017,-246
3096,16055,-298
2930,16015,-242
3054,16120,-408
3015,16070,-284
2952,16181,-489
3036,15989,-271
2960,16154,-380
3008,16072,-418
3098,16006,-243
3023,16172,-385
3094,15925,-183
2973,16132,-427
3019,15969,-221
3081,16086,-421
2938,16045,-317
3164,16097,-257
2976,16083,-376
3077,16069,-324
2978,16129,-503
3021,16010,-233
3117,16114,-352
2974,16030,-282
3071,16116,-293
2950,16073,-392
3165,16073,-344
2986,16091,-304
3011,16042,-318
3099,16082,-295
2924,16099,-318
3118,16084,-290
2940,16008,-254
3024,16129,-392
3077,16012,-291
2973,16163,-378
3084,16033,-313
2977,16088,-296
3032,16111,-356
3053,16030,-299
3008,16159,-430
3055,15996,-204
3020,16120,-456
3037,16008,-201
3047,16106,-344
3026,16025,-321
3043,16093,-271
3038,16136,-444
3057,16052,-232
2992,16198,-537
3067,15975,-272
3082,16095,-375
2955,16052,-346
3130,16074,-282
2912,16068,-342
3100,16035,-199
3007,16068,-357
2991,16030,-200
3104,16099,-404
2930,16110,-330
3141,16120,-405
2968,16060,-316
3024,16125,-336
3025,16036,-381
2998,16062,-334
3102,16052,-282
2983,16030,-329
3110,16111,-338
3031,16067,-242
3056,16108,-436
3029,16015,-182
2990,16177,-481
3045,16029,-322
3007,16112,-296
2995,16098,-363
3033,16015,-180
2963,16160,-447
3075,15954,-221
2945,16151,-395
3055,15998,-276
3137,16064,-316
2969,16147,-354
3171,16088,-327
2945,16145,-483
3098,16009,-156
3022,16079,-408
2987,16016,-212
3108,16105,-348
2975,16028,-297
3103,16098,-315
2954,16066,-336
3126,16081,-339
2949,16089,-423
3021,16041,-322
3082,16072,-315
2976,16077,-310
3119,16082,-372
2969,16041,-300
3073,16080,-331
3046,15970,-186
2941,16143,-359
3080,16080,-299
2966,16091,-328
3016,16086,-375
3024,15984,-245
2938,16159,-486
3078,15998,-217
2997,16141,-429
2992,16039,-202
3036,16075,-355
2987,16087,-305
3055,16061,-259
2996,16120,-433
3032,16003,-183
3014,16158,-450
3091,16023,-260
3028,16130,-356
2978,16074,-337
3072,16048,-271
2912,16103,-433
3113,16014,-260
2974,16147,-412
2982,16068,-306
3120,16056,-340
2934,16074,-296
3132,16128,-363
2959,16046,-284
3036,16103,-331
3047,16072,-336
2965,16148,-369
3119,16089,-318
3003,16055,-346
3036,16082,-309
3003,16010,-288
3068,16097,-370
3006,16058,-286
3014,16092,-379
3094,16065,-280
2982,16114,-322
3077,16112,-422
3072,16032,-221
3028,16163,-450
3093,16006,-217
2972,16168,-417
3080,15993,-279
3037,16083,-319
2951,16064,-358
3111,16143,-326
2979,16036,-378
3083,16063,-245
3006,16096,-341
2989,16069,-302
3064,16083,-287
2947,16069,-327
3134,16099,-279
2923,16080,-287
3048,16121,-422
3045,16053,-346
2989,16094,-369
3195,16064,-308
2906,16109,-324
3101,16112,-407
3068,16015,-204
2977,16175,-421
3078,16002,-235
3008,16179,-391
3060,16080,-267
3051,16048,-345
2995,16058,-350
3080,16011,-232
2991,16092,-474
3002,15984,-238
3043,16126,-434
3034,16033,-284
3093,16147,-418
3023,16092,-425
3103,16082,-254
2933,16112,-388
3068,15997,-211
2949,16083,-342
2992,16033,-267
3118,16076,-229
2907,16066,-258
3141,16012,-259
2957,16103,-308
3028,16110,-341
3076,16127,-457
2934,16116,-410
3136,16105,-439
2966,16076,-329
3089,16107,-365
3026,16000,-191
3020,16124,-263
3032,16023,-248
3032,16054,-324
3064,16071,-291
2979,16094,-345
3102,16134,-433
2998,16077,-240
3016,16182,-544
3104,16012,-242
3006,16162,-413
3039,15980,-299
3026,16076,-319
3017,16074,-375
3102,15980,-171
2963,16098,-425
3111,16004,-234
3021,16122,-408
2980,16093,-340
3122,16137,-419
2929,16104,-326
3123,16067,-214
2987,16063,-395
3034,16057,-232
3038,16080,-402
3016,15977,-248
3080,16064,-313
2977,16118,-329
3100,16130,-373
2964,16095,-384
3071,16097,-357
3064,16039,-295
2986,16101,-341
3102,16038,-266
2923,16074,-251
3071,16087,-372
2950,16005,-190
3062,16135,-399
3120,15992,-224
2933,16179,-406
3071,16060,-372
3098,16079,-297
3016,16154,-422
3113,15983,-239
2978,16123,-396
3035,16011,-211
3018,16125,-409
2975,16074,-205
3070,16080,-259
2960,16049,-331
3072,15976,-189
3034,16104,-442
3048,16056,-246
2982,16122,-413
3027,16055,-325
3108,16106,-334
2922,16127,-371
3199,16077,-282
2928,16099,-280
3069,16075,-287
3085,16068,-299
2921,16121,-279
3144,16053,-345
2892,16037,-283
3067,16092,-337
2986,16024,-325
3006,16112,-366
3085,16018,-221
2960,16122,-358
3067,16082,-368
3039,16052,-301
3067,16124,-364
3016,16033,-236
3021,16127,-410
3038,16059,-215
3016,16145,-383
3090,16031,-274
3020,16069,-302
3007,16076,-380
3041,16029,-177
2952,16144,-434
3119,16015,-221
2989,16139,-409
3025,16018,-316
3127,16085,-335
2909,16122,-413
3155,16057,-272
3008,16113,-350
3053,16061,-191
3093,16082,-410
2975,16050,-243
3102,16109,-314
2948,16000,-298
3028,16073,-350
3030,16085,-389
3076,16101,-364
3049,16063,-370
3025,16085,-372
3056,16088,-327
2916,16074,-372
3145,16061,-329
3011,16045,-231
3011,16130,-389
3107,15968,-252
2956,16126,-390
3092,16045,-304
2996,16073,-272
2980,16142,-435
3050,15998,-249
2953,16154,-403
3110,15982,-218
3007,16133,-375
3016,16076,-323
3097,16087,-330
3018,16122,-381
3082,16066,-256
3000,16120,-457
2999,16010,-251
3028,16113,-356
2981,16037,-287
3094,16098,-201
2960,16089,-413
3175,16090,-238
2953,16146,-405
3125,16072,-305
3043,16066,-435
2955,16083,-323
3183,16058,-330
2948,16132,-323
3071,16037,-303
3011,15994,-219
3059,16061,-315
3083,16015,-312
2953,16083,-243
3097,16136,-410
2974,16068,-322
3031,16185,-441
3052,15990,-242
2993,16136,-443
3021,16003,-208
3001,16058,-328
3015,16022,-265
3028,16036,-219
3067,16083,-425
3078,16042,-189
2965,16204,-488
3113,16010,-213
2981,16174,-427
3005,16064,-394
3061,16088,-298
2925,16102,-361
3136,16039,-211
2962,16108,-420
3065,16001,-174
3101,16078,-359
2899,16071,-251
3111,16080,-384
2950,16081,-374
3085,16169,-373
3023,16057,-380
2987,16091,-261
3065,16076,-340
2990,16023,-335
3120,16020,-218
2914,16022,-306
3109,16063,-332
2945,16061,-283
3076,16127,-387
3082,16044,-269
2991,16102,-376
3126,16080,-380
3056,16001,-260
2937,16126,-359
3116,16013,-197
3019,16150,-470
2995,16037,-289
3107,16121,-442
2947,16107,-374
3080,16107,-320
3020,16122,-411
3108,16094,-171
2976,16139,-367
3090,16020,-206
3028,16127,-310
2993,16044,-323
3140,16062,-305
2935,16088,-315
3107,16103,-371
2958,16075,-321
3010,16141,-381
3117,16014,-311
2943,16110,-308
3129,16075,-389
3034,16040,-222
3040,16144,-387
3075,15975,-237
2995,16147,-312
3065,16096,-268
3070,16100,-383
3000,16055,-368
3029,16030,-306
2985,16077,-454
3061,15980,-130
3042,16135,-468
3054,16013,-183
3000,16141,-359
3034,16098,-365
3091,16137,-331
2984,16170,-487
3151,16001,-265
2947,16150,-462
3059,15977,-230
3102,16036,-321
2870,15993,-230
3147,16025,-288
2890,16086,-315
3124,16105,-305
2998,16098,-436
2987,16109,-312
3124,16104,-403
2928,16059,-341
3056,16126,-351
3016,16030,-237
3073,16087,-265
2968,16071,-237
3052,16150,-315
3036,16082,-263
2984,16098,-388
3092,16031,-299
2936,16061,-283
3000,16089,-477
3034,15969,-191
2996,16143,-427
3042,16001,-210
3014,16138,-269
3096,16127,-388
3114,16083,-324
2973,16160,-410
3072,16001,-250
2941,16132,-476
3025,15971,-249
3051,16069,-290
2975,16059,-258
3040,16130,-282
2986,16053,-367
3112,16068,-189
2970,16175,-609
3018,15973,-219
3021,16058,-264
3010,16057,-326
3116,16137,-298
2911,16088,-342
3141,16054,-271
2948,16130,-398
3019,16018,-315
3073,16017,-256
2941,16062,-271
3183,16070,-387
2936,16045,-253
3063,16086,-335
3008,16008,-319
2952,16082,-344
3056,16022,-236
2966,16142,-356
3008,16165,-413
3094,16063,-281
3052,16224,-453
3027,16029,-180
3012,16153,-522
3000,15967,-233
2991,16078,-397
3028,16015,-287
3044,15995,-135
2989,16063,-445
3119,15963,-205
2968,16134,-442
3032,16001,-332
3072,16170,-360
2956,16129,-409
3139,16103,-304
2893,16155,-477
3153,16034,-265
3013,16076,-353
2986,16019,-232
3103,16031,-340
2949,16019,-191
3142,16055,-314
2972,16031,-295
3050,16124,-340
3018,16114,-373
3017,16103,-392
3030,16141,-340
3034,16060,-351
3084,16095,-373
2974,16047,-225
3096,16095,-344
2995,16064,-214
2993,16091,-471
3070,15993,-190
3012,16141,-278
3014,16053,-410
3037,16025,-224
2974,16166,-491
3152,15986,-255
2968,16204,-454
3041,16041,-236
3063,16108,-345
2939,16122,-337
3191,16070,-270
2985,16141,-409
3078,16042,-203
3027,16087,-426
3017,16039,-193
3078,16094,-399
2935,16039,-309
3107,16059,-286
2967,16050,-375
3009,16060,-298
3006,16093,-262
3073,16168,-366
3023,16173,-441
3013,16082,-350
3144,16152,-383
2921,16074,-307
3111,16053,-376
3024,15993,-264
2997,16132,-343
3129,15983,-244
2994,15972,-138
3017,16015,-329
3009,16008,-323
3017,16171,-493
3080,16020,-308
3036,16178,-471
3025,16049,-328
3096,16113,-358
3017,16078,-298
3050,16028,-211
3034,16157,-373
3057,16002,-91
2957,16112,-384
3052,16032,-257
3061,16159,-359
2964,16087,-412
3098,16015,-266
2938,16104,-428
3133,16021,-270
2970,16091,-370
3015,16015,-242
3061,16032,-361
2881,16067,-273
3161,16110,-327
3009,16038,-261
3036,16150,-389
3049,16065,-337
3005,16133,-372
3078,16096,-334
2976,16004,-321
3045,16071,-276
2957,15994,-243
3059,16078,-400
3027,16062,-298
3059,16122,-399
3063,16107,-304
2967,16142,-393
3062,16122,-454
3065,16074,-259
3038,16109,-459
3105,15948,-181
2927,16143,-410
3067,15900,-207
3016,15997,-203
2900,16048,-290
3105,15981,-244
2945,16163,-440
3132,16101,-242
3046,16212,-473
2991,16079,-296
3136,16173,-432
2960,16137,-369
3134,16127,-257
2950,16020,-344
3051,16000,-206
2975,16048,-320
3041,15992,-234
3006,16082,-321
2963,16015,-301
3102,16103,-350
3044,16001,-179
2989,16119,-355
3110,15915,-189
2997,16087,-357
3038,16054,-287
3049,16051,-307
2957,16120,-381
3063,16055,-274
3026,16146,-428
3067,16035,-180
3048,16178,-471
3025,16043,-270
3058,16139,-335
3052,16097,-392
3130,16060,-233
2922,16108,-467
3110,15961,-201
2977,16090,-391
2991,15978,-243
3075,16010,-299
2893,16012,-276
3157,16051,-280
2958,16099,-377
2947,16163,-356
3425,16098,-603
2395,16678,387
3936,15581,-1566
2629,16404,-331
2970,16092,-589
2981,16024,-50
3116,15653,-188
2985,15561,-525
2776,16136,84
3034,16490,55
2624,15532,-787
3411,15910,-514
3046,16199,258
3422,16286,-747
2754,16127,-1135
3011,15708,-226
3037,16134,303
3239,15961,-409
2762,16255,-517
3453,15874,-630
2818,16414,175
3144,15917,-612
2981,16007,-273
2896,15630,-31
3138,16384,-296
2926,16246,-463
3190,16121,-430
3044,16019,-356
2778,16061,87
3061,16280,-495
3037,15951,-8
3204,15871,-322
2984,16419,-461
3027,16185,-369
3009,16021,-454
3091,15993,-293
2834,16175,-124
3212,16008,-629
3151,15856,-332
2904,16098,-171
2985,16326,-360
3124,15732,-213
2975,16201,-366
2919,15920,-27
3001,16294,-235
3132,16039,-599
3076,16201,-95
3151,16354,-750
3090,16148,-154
3060,16219,-607
3054,15992,-273
2966,15849,-390
2683,15995,164
3398,15881,-313
3014,16091,-364
3012,16235,-82
3035,15967,-520
3068,16120,-255
3153,16154,-946
2836,16158,-14
3296,16204,-504
3038,16376,-414
3156,16030,-278
3002,15987,-192
2926,15886,-96
3029,16014,-462
2950,16003,-245
3129,16033,-38
2931,16092,-275
3067,16123,-622
3011,16082,-131
3077,16149,-214
3013,16056,-530
3025,16128,-521
3032,16129,-216
3142,16028,-209
3064,16133,-441
3047,16014,-194
2993,16057,-294
3008,15898,-154
2947,16101,-479
3088,16055,-267
3057,16172,-253
3017,16146,-461
3068,16066,-310
3020,16158,-469
3102,16018,-134
2929,16119,-432
3003,16033,-318
3130,16077,-252
2953,16078,-266
3130,16023,-221
2973,16039,-405
3095,16015,-207
3090,16019,-365
2944,16057,-317
3117,16045,-372
3003,16093,-285
3099,16113,-342
2989,16003,-349
3037,16035,-274
3031,16038,-299
3077,16107,-293
3093,16118,-319
2958,16121,-315
3132,16170,-399
3019,16076,-205
3099,16118,-405
3074,15994,-266
2957,16164,-357
3089,16009,-299
3023,15993,-217
2947,16018,-405
3075,15900,-172
2948,16095,-427
3080,16026,-151
3042,16107,-478
3036,16014,-166
3102,16120,-424
2977,16064,-367
3083,16089,-195
2972,16069,-380
3059,16072,-105
3033,16184,-414
3020,16143,-264
3092,16225,-312
2963,16024,-351
3175,16110,-283
2922,16010,-450
3049,15987,-259
3055,16070,-313
2952,15957,-312
3102,15921,-288
2957,15971,-201
3097,16148,-349
3032,16011,-251
3059,16251,-380
3096,16168,-391
3052,16243,-392
3137,16197,-324
3015,16036,-305
3016,16083,-471
3034,15981,-171
3034,16067,-330
2999,15898,-82
2978,16053,-385
3058,15979,-222
3086,16120,-318
3015,16208,-438
3088,16143,-282
3007,16270,-541
3106,16127,-303
3027,16312,-469
2986,16122,-323
3107,16089,-270
2940,16060,-270
3114,15882,-54
2938,15959,-259
3007,15939,-190
3046,15974,-363
2928,15951,-257
3152,16006,-384
2969,16093,-367
3110,16199,-356
3066,16204,-478
3065,16222,-377
3081,16203,-347
3071,16161,-338
3091,16088,-364
2954,15937,-155
3120,16004,-226
2904,15923,-193
3012,15894,-305
3047,15814,-80
2982,16070,-331
3100,16071,-447
3031,16107,-339
3069,16275,-547
3114,16127,-311
2970,16353,-551
3128,16087,-186
3020,16113,-426
2964,16121,-179
3120,15985,-176
2908,15994,-204
3080,15942,-145
3063,16062,-389
2982,15984,-210
3057,16084,-401
2974,16074,-373
3100,16241,-412
2928,16023,-222
3150,15975,-291
2937,15936,-248
3041,15985,-306
3037,15897,-246
3008,16076,-297
3104,16146,-442
3059,16146,-316
3093,16240,-486
3102,16122,-357
2987,16198,-420
3054,16024,-217
3032,16128,-301
2971,15991,-237
3037,15997,-128
3033,16000,-280
3040,15928,-85
3006,16102,-430
3030,15943,-213
2974,16158,-525
3062,16021,-379
3130,16130,-290
3013,16129,-478
3125,16013,-239
2937,16047,-364
3068,15925,-86
3020,16116,-293
2963,16083,-243
3213,16174,-271
2984,16181,-343
3110,16225,-332
3049,16154,-371
3039,16180,-348
3090,16081,-467
2957,15935,-234
3073,16048,-233
2979,15905,-347
3121,15940,-260
2986,16024,-170
3112,16095,-323
3064,16107,-231
2985,16143,-443
3097,16247,-449
2945,16122,-349
3070,16179,-420
2940,16033,-58
3034,16170,-509
3026,15920,22
2991,16045,-231
3040,16021,-313
3059,16007,-205
2977,16193,-486
3141,16042,-312
3026,16197,-517
3054,16120,-282
3149,16133,-321
2921,16111,-375
3145,16125,-310
2990,15970,-381
3031,16014,-205
2986,16044,-304
3062,16019,-151
3067,16143,-367
3014,15996,-248
3111,16094,-335
2952,16048,-363
3170,16054,-348
2945,16021,-269
3027,16049,-443
3032,16061,-301
2966,15997,-300
3076,16081,-200
3021,16114,-308
3067,16259,-337
3053,16143,-286
2977,16313,-462
3022,16072,-296
3090,16121,-402
2990,16008,-357
3024,15971,-157
3034,15977,-386
3033,15878,-37
2966,15914,-411
3047,15934,-89
3028,16230,-387
3015,16162,-439
3078,16265,-432
2997,16213,-572
3171,16191,-280
2967,16204,-462
3080,15999,-89
3056,16108,-288
2935,15993,-185
3141,15930,-220
2900,16026,-285
3156,16020,-219
2983,16019,-358
3044,16094,-321
3130,16094,-433
2960,16142,-377
3173,16171,-392
3007,16100,-333
3004,16128,-381
3026,16021,-224
3054,16117,-310
3037,15979,-175
2930,16010,-236
3078,16010,-343
2936,15975,-219
3088,16028,-358
3058,15916,-155
3034,16177,-510
3019,16079,-320
3085,16211,-410
3045,16081,-387
3038,16076,-284
2950,16209,-514
3087,16103,-95
2937,16255,-428
3077,15973,-216
3046,16011,-300
2917,16117,-90
3178,16028,-354
2909,15993,-497
3037,15940,-222
3038,16065,-410
2938,16047,8
3204,16149,-649
2814,16177,-134
3159,16101,-388
2908,16169,-205
3291,16032,-517
2928,16273,-443
3081,16176,-103
3092,16077,-526
2832,15853,-127
3188,16261,-238
2955,15758,-129
3077,16124,-332
3032,15956,-344
3024,16138,-413
3015,16051,-267
3076,16014,-330
2964,16074,-489
3114,15969,-316
2995,16219,-349
3157,16004,-201
3021,16226,-413
3029,15957,-175
3064,16091,-384
3087,16012,-266
3021,16039,-222
3009,16023,-269
3050,16010,-261
3034,16085,-369
3053,16006,-274
3023,16105,-319
2960,16125,-391
3145,16146,-402
2897,16196,-380
3134,16110,-364
2987,16202,-441
2991,16078,-191
3112,15997,-360
2886,16006,-158
3113,16064,-313
2977,15961,-172
3064,16034,-302
3019,15960,-219
3033,16071,-231
3065,15990,-517
2966,16033,-165
3311,16100,-583
2873,16008,-278
3175,16407,-441
2930,16202,-619
2886,15888,-166
3202,16398,-493
2881,16001,73
3143,16203,-514
2932,15964,-128
3018,15978,-371
2990,15920,32
3029,15868,-391
2928,15996,-193
3239,16020,-389
2777,16217,-121
3257,15910,-425
2887,16213,-495
3175,16042,-382
2959,16459,-355
3197,16001,-384
3021,16357,-436
3003,16006,-161
3025,16045,-295
3021,15871,-85
2995,16125,-212
3087,15803,-307
3056,16130,-59
3055,16075,-370
2959,16154,-392
3133,16112,-467
2965,16147,-244
3042,16239,-552
3086,16017,-336
2972,16245,-401
3088,16017,-220
2906,16053,-203
3077,15991,-327
3067,15912,-68
2976,16072,-384
3090,15912,-116
2987,16098,-455
3080,16054,-308
3059,16147,-356
2951,16085,-359
3123,16047,-275
2920,16066,-398
3144,16001,-114
2947,16085,-325
3032,16007,-273
3115,16049,-375
2903,16057,-270
3166,16064,-363
2974,16051,-338
3088,16163,-421
3045,16093,-360
2989,16124,-325
3099,16071,-302
2992,16031,-274
3057,16110,-322
3008,15990,-193
3103,16133,-356
3004,16038,-206
3062,16142,-409
3061,16004,-256
3008,16100,-357
3055,16016,-370
3033,16024,-217
3007,16157,-552
3099,16012,-205
2964,16236,-425
3119,15965,-164
3026,16129,-381
3013,16070,-351
3156,16034,-240
2954,16088,-423
3103,16007,-183
3065,16085,-397
2973,16047,-195
3106,16079,-353
2946,16065,-271
3162,16119,-317
3004,16053,-389
3057,16129,-337
3005,16081,-465
3026,16069,-271
3039,16095,-291
2998,16008,-275
3138,16148,-305
2944,16002,-194
3108,16079,-313
2995,16007,-260
2991,16132,-394
3090,15968,-303
2982,16127,-276
3078,16089,-377
2971,16013,-168
2991,16185,-444
3128,15993,-219
2958,16232,-413
3066,16032,-248
3075,16114,-330
3009,16186,-390
3110,16064,-196
2978,16144,-407
3035,15998,-115
2972,16069,-441
2994,15942,-174
3016,16127,-350
2980,16016,-304
3090,16073,-301
2909,16111,-462
3112,16023,-261
2975,16197,-471
3097,16058,-256
3117,16131,-355
2915,16083,-299
3141,16099,-359
2947,16013,-248
3105,16077,-206
3100,15994,-221
2940,16082,-340
3149,16048,-320
2956,16017,-264
3034,16128,-400
3006,15976,-302
3007,16173,-442
3040,16053,-306
3050,16160,-387
3052,16061,-271
3082,16052,-299
3016,16127,-346
3054,16046,-182
3064,16108,-411
3035,15912,-132
2954,16133,-425
3128,15944,-210
3039,16114,-313
2988,16066,-336
3127,16017,-211
2954,16167,-488
3144,16013,-275
2966,16257,-459
2995,16092,-255
3174,16136,-384
2930,16138,-313
3162,16058,-243
2975,16016,-307
3051,16028,-205
3049,16033,-323
3030,16058,-273
3045,16147,-368
3022,16005,-279
3044,16141,-379
2979,15982,-307
3090,16144,-408
3016,16028,-354
3011,16113,-398
3076,16021,-335
2984,16076,-228
3172,16142,-394
3012,16009,-173
3076,16112,-315
3072,15970,-194
2961,16141,-459
3089,16011,-293
3060,16071,-283
2960,16104,-371
3096,16006,-232
2966,16189,-441
3070,16032,-215
3026,16195,-521
3010,16011,-192
3089,16171,-391
2969,16076,-363
3095,16116,-287
2988,16072,-307
3056,15970,-116
3020,16110,-403
3013,16031,-232
3058,16149,-329
2995,16069,-325
3104,16072,-304
2894,16008,-300
3167,16112,-351
3027,16068,-373
2956,16075,-275
3078,15999,-257
2941,15978,-202
3089,16084,-434
2983,16010,-59
3065,16211,-411
3097,15964,-249
3003,16188,-369
3059,16073,-338
3013,15977,-273
2948,16138,-506
3036,15968,-194
3021,16149,-360
3037,16044,-121
3100,16172,-511
3005,15954,-268
3062,16204,-245
3106,16117,-543
3021,15954,-123
3022,16230,-439
3069,16034,-142
3008,16189,-460
3100,15950,-224
3127,16058,-327
2841,16056,-288
3167,16055,-270
2944,16075,-387
3029,16112,-307
3071,16109,-387
2959,16011,-221
3086,16161,-399
2974,15987,-305
3065,16104,-305
2976,16035,-269
3084,16060,-364
3060,16090,-272
3056,16094,-314
3067,16110,-331
2966,16068,-289
3103,16064,-354
2971,16037,-273
3017,16154,-486
3079,15973,-195
2967,16152,-394
3104,16013,-344
3040,16105,-324
3001,16151,-374
3118,15981,-216
2950,16152,-443
3070,16000,-164
3066,16105,-434
2952,16083,-253
3082,16097,-344
2956,16043,-385
3095,16065,-190
3028,16052,-416
3022,16058,-177
3057,16143,-445
3020,16008,-156
3072,16141,-329
2981,16027,-359
3127,16086,-332
2949,16075,-293
3153,16069,-290
3013,16125,-341
2972,16095,-345
3138,16067,-279
2939,16063,-252
3104,16098,-347
2997,16025,-268
3011,16186,-433
3118,16001,-207
3004,16133,-316
3096,16069,-343
3081,16072,-330
2590,16362,370
3441,15935,-500
2853,16109,-443
3071,16231,-133
3054,16411,-591
3017,15776,-218
3092,16232,-468
2947,15986,-205
3140,16015,-187
2973,15942,-460
3075,16090,-195
3145,16005,-355
2955,16130,-208
3128,16179,-423
2964,16036,-385
3081,16177,-371
2982,16005,-381
3014,16063,-421
3076,16017,-278
2980,16030,-176
3067,16087,-405
3035,16048,-269
3097,16114,-356
3017,16046,-220
3060,16099,-461
3031,16078,-268
3014,16190,-385
3122,16053,-335
2999,16093,-334
3062,16058,-362
3061,15988,-75
2945,16185,-430
3098,15949,-165
3005,16157,-429
3025,16022,-295
3116,16069,-306
2990,16090,-390
3127,16047,-272
2965,16094,-426
3039,15999,-139
3079,16106,-406
3004,16001,-250
3083,16109,-356
2990,15997,-330
3107,16092,-396
2967,16093,-401
3072,16035,-285
3048,16066,-402
3029,16087,-313
3104,16104,-301
2933,16045,-295
3128,16087,-379
2980,16033,-270
3078,16108,-335
3101,16016,-255
2952,16171,-360
3128,16022,-370
2974,16024,-239
3041,16127,-409
3079,15909,-179
2992,16157,-416
3046,16044,-177
3044,16137,-360
3033,16088,-254
3108,16110,-365
3056,16148,-416
3063,16045,-250
2989,16150,-539
3071,15998,-167
2969,16129,-394
3037,15962,-181
3013,16114,-332
2990,16023,-288
3149,16062,-183
2936,16085,-371
3136,16093,-208
2995,16266,-520
2966,16077,-264
3182,16139,-409
2954,16107,-325
3185,16127,-308
2998,16001,-283
3004,16064,-261
3037,16003,-293
2981,15951,-254
3105,16074,-271
2994,16013,-306
3060,16162,-395
3020,16069,-313
3086,16193,-438
3034,16066,-310
3023,16208,-438
3060,16025,-297
3043,16118,-280
3109,16072,-450
3000,15859,-49
3028,16134,-392
3078,15943,-117
2983,16128,-390
3010,15994,-326
3049,16050,-356
2866,16218,-383
3293,16006,-323
2889,16343,-400
3088,15994,-306
3108,16231,-363
3028,15904,-217
3028,16100,-257
2936,15835,-366
3152,16135,-260
2961,16113,-280
3051,16048,-81
3125,16018,-465
2957,16138,-385
3094,16113,-445
2987,15996,-317
3128,16071,-463
2856,16146,-200
3111,16161,-411
3130,15839,-233
2870,16155,-377
3143,15987,-335
3020,16079,-58
3069,16145,-458
3100,15996,-277
2964,16188,-509
3110,15979,-126
2971,16145,-436
3001,15997,-394
3096,16092,-257
3029,16119,-297
3074,15999,-316
3008,16145,-496
3079,16080,-169
3026,16133,-403
3082,15997,-309
3042,16116,-312
3003,16094,-356
3114,16016,-158
2958,16099,-403
3089,15980,-230
3026,16078,-363
2986,16084,-279
3157,16063,-402
2925,16079,-351
3153,16136,-326
2959,16064,-341
3036,16108,-362
3108,16012,-277
2923,16093,-240
3124,16088,-361
3008,16053,-301
3078,16156,-336
3030,16001,-234
3040,16123,-309
3049,16049,-302
3049,16089,-408
3048,16075,-339
2964,16055,-290
3071,16099,-442
3024,16013,-169
3011,16196,-449
3119,15996,-153
2987,16197,-420
3061,16065,-265
3032,16052,-329
3030,16133,-455
3115,16007,-221
2934,16078,-348
3084,15956,-170
3022,16092,-384
2961,16016,-273
3091,16056,-292
2949,16065,-418
3089,16129,-331
3068,16123,-435
3020,16111,-245
3052,16151,-382
2996,16072,-279
3104,16125,-302
2928,16068,-362
3102,16039,-295
3000,15997,-250
3031,16135,-263
3025,16014,-286
2960,16091,-353
3139,16040,-289
2949,16085,-265
3080,16163,-449
3044,16050,-290
3004,16205,-429
3151,16016,-294
2978,16129,-320
3082,16051,-332
3085,16041,-231
3003,16114,-369
3036,15991,-210
3014,16102,-425
3019,16004,-240
3063,16083,-374
3039,16022,-288
3040,16071,-297
3006,16086,-463
3083,16094,-273
3002,16128,-490
3086,16064,-225
3064,16157,-416
2980,16016,-308
3118,16102,-327
2943,16069,-385
3129,16052,-222
2973,16024,-285
3028,16049,-221
3093,16070,-367
2906,16073,-277
3164,16102,-341
3034,16004,-279
3056,16097,-358
2982,15992,-114
3008,16144,-458
3077,15998,-261
3024,16137,-427
3066,16068,-357
3028,16074,-315
2978,16124,-469
3143,15983,-260
2954,16187,-439
3083,15991,-234
3085,16096,-315
2952,16013,-292
3123,16014,-292
2897,16071,-397
3145,16022,-221
2946,16077,-365
3017,16049,-218
3110,16093,-397
2997,16067,-332
3117,16088,-327
2961,16020,-329
3094,16100,-337
2997,16093,-382
3057,16093,-330
3042,16063,-273
2974,16073,-304
3118,16034,-291
2983,16045,-252
3080,16075,-381
3052,15970,-225
3006,16175,-421
3141,15988,-277
2937,16170,-360
3077,16088,-353
3009,16042,-315
2971,16193,-434
3104,15979,-215
3000,16192,-421
3052,16073,-250
3095,16043,-364
2996,16051,-301
3149,16030,-243
3001,16135,-268
3143,15999,-167
2986,16145,-492
3028,15944,-209
3054,16117,-322
2997,16108,-329
3079,16112,-315
2942,16084,-368
3112,16119,-318
2989,16136,-388
3013,16017,-292
3138,16017,-258
2858,16093,-294
3179,16091,-336
2963,16026,-247
3112,16064,-288
3026,16049,-318
2979,16117,-371
3156,16017,-325
2899,16147,-189
3253,16062,-619
2947,16006,-316
3134,15863,-407
2969,16358,-138
3125,15902,-404
2993,16157,-232
3100,15928,-434
2995,16172,-173
3041,16061,-394
3092,16133,-377
3023,16015,-223
2977,16114,-419
3107,15964,-230
2943,16113,-324
2995,16053,-284
3070,16031,-340
2890,16159,-316
3181,15999,-322
2985,16073,-549
3067,16060,-180
3112,16199,-404
2997,15989,-319
3090,16195,-370
3010,15927,-436
3018,16118,-93
3047,16001,-410
3019,16055,-302
3027,16142,-367
3021,16028,-281
3102,16071,-237
2954,16050,-412
3077,16140,-284
3008,16052,-413
3007,16142,-256
3097,16080,-325
2914,16169,-301
3141,16053,-347
3044,16000,-225
2990,16107,-392
3115,15920,-201
2971,16174,-360
3091,16012,-295
3072,16124,-374
2968,16084,-289
3077,16013,-235
2999,16120,-423
3087,16058,-247
3054,16128,-435
3015,16061,-238
3078,16130,-404
3027,16047,-314
3086,16074,-255
2984,16070,-344
3116,16016,-268
2958,16100,-270
3158,15994,-215
3007,16165,-379
2939,15984,-415
3188,16134,-219
2967,16052,-343
3090,16094,-365
3019,16018,-350
3024,16111,-289
3124,16035,-310
2935,16031,-253
3103,16110,-310
3021,16016,-272
3053,16157,-361
3073,16016,-242
3043,16143,-383
3077,16026,-302
3035,16075,-367
3032,16072,-327
2995,16037,-285
3017,16105,-415
3079,16025,-158
2985,16142,-492
3059,15957,-239
3048,16113,-352
3001,16037,-340
3121,16057,-227
2931,16126,-435
3121,16015,-215
2988,16156,-420
3009,16041,-246
3116,16113,-355
2897,16087,-309
3166,16057,-306
2969,16047,-329
3045,16119,-334
3040,16046,-363
2974,16074,-275
3098,16065,-333
2963,16048,-325
3087,16092,-320
3043,16032,-272
3077,16091,-328
3020,16019,-250
3032,16146,-385
3072,16056,-279
2934,16028,-297
3040,16023,-321
2981,16064,-231
3004,16121,-414
3119,15983,-176
2961,16184,-418
3047,16002,-310
3041,16134,-273
3004,16105,-312
3110,15989,-235
2988,16114,-371
3098,15963,-213
3030,16131,-416
3011,16023,-255
3078,16113,-354
2963,16068,-336
3087,16042,-243
2998,16117,-377
3088,16041,-227
3009,16126,-391
3055,16008,-331
3070,16121,-264
2988,16081,-338
3131,16086,-305
2978,16102,-280
3111,16083,-294
3034,16007,-312
2962,16125,-365
3136,15998,-221
2916,16089,-358
3089,16072,-337
2949,16051,-304
3058,16147,-327
3078,16050,-318
2987,16129,-337
3062,16086,-277
3076,16049,-309
3020,16073,-318
3065,16006,-254
3020,16121,-361
3072,16005,-173
3023,16121,-439
3041,16055,-232
3021,16102,-375
3001,16030,-374
3053,16071,-208
2986,16153,-479
3119,16008,-256
3002,16170,-405
3039,16021,-277
3117,16090,-319
2964,16092,-324
3127,16082,-285
2996,16082,-374
3003,16132,-309
3008,16057,-366
3049,16078,-373
3054,16128,-276
3019,16064,-361
3105,16073,-381
2997,16074,-217
3046,16126,-389
3064,15980,-187
2976,16123,-401
3126,16020,-253
2993,16133,-249
3017,16113,-399
3101,16008,-195
2972,16207,-419
3108,15984,-206
3022,16163,-405
2985,16069,-251
3136,16070,-375
2956,16083,-282
3124,16055,-212
3001,16073,-376
3033,16039,-233
3038,16050,-350
2990,16047,-251
3060,16101,-364
2996,16036,-331
3092,16097,-289
2936,16132,-382
3116,16089,-316
3017,16108,-363
3024,16105,-279
3092,16065,-375
2961,16012,-228
3136,16061,-327
2968,16014,-234
3048,16126,-348
3135,15993,-249
2976,16174,-367
3120,16086,-324
2991,16074,-299
2997,16130,-371
3044,15992,-312
2983,16148,-383
3076,15993,-188
3019,16138,-388
2998,16012,-235
3075,16091,-266
3036,16069,-365
3097,16090,-198
2987,16139,-470
3079,16012,-199
3003,16150,-487
3043,16021,-177
3088,16140,-311
2949,16075,-391
3185,16019,-170
2901,16143,-373
3093,16003,-277
3083,16109,-367
2993,16072,-270
3150,16057,-307
2935,16068,-361
3097,16071,-275
3020,15999,-266
3015,16099,-319
3071,15979,-304
3002,16108,-360
3069,16089,-291
2981,16056,-309
3063,16105,-335
3007,16058,-292
3054,16108,-474
3026,16018,-207
2976,16116,-383
3060,15988,-273
3001,16122,-285
3062,16073,-323
3058,16032,-205
2951,16121,-444
3119,15973,-212
2969,16156,-384
3003,16030,-313
3113,16055,-300
2962,16116,-375
3144,16010,-256
2977,16109,-398
3034,16019,-193
3043,16131,-386
2994,16035,-290
3130,16081,-301
3001,16097,-381
3058,16125,-269
3018,16101,-383
3092,16068,-255
2985,16102,-337
3057,16072,-306
3118,16111,-296
2924,16043,-274
3151,16066,-385
2921,16082,-285
3073,16130,-367
3094,16014,-285
2950,16136,-303
3152,16037,-303
2995,16065,-338
3094,16065,-356
3096,16000,-185
2978,16154,-380
3115,15975,-200
3007,16097,-350
3025,16032,-239
3049,16049,-297
2987,16080,-369
3057,16016,-268
3018,16150,-499
3117,16041,-195
3047,16185,-416
3036,16010,-275
3108,16097,-296
2985,16101,-381
3128,16014,-210
2964,16115,-374
3117,15989,-188
3024,16093,-371
2966,16090,-325
3175,16070,-259
2926,16126,-368
3117,16079,-339
2981,16102,-369
2998,16117,-265
3126,16020,-334
2936,16105,-272
3098,16116,-295
3033,16065,-327
3027,16138,-344
3054,16001,-272
3056,16126,-318
3009,16054,-280
3015,16089,-371
3063,16070,-254
3002,16091,-264
3051,16085,-359
3035,16024,-229
3003,16167,-463
3127,15973,-246
2943,16154,-337
3088,16040,-322
3087,16063,-330
2982,16119,-389
3095,16011,-222
2949,16105,-411
3094,15988,-208
3060,16072,-380
2935,16092,-284
3133,16084,-314
2980,16075,-326
3095,16105,-284
2983,16110,-409
3073,16067,-230
3041,16144,-351
3025,16049,-292
3114,16076,-300
2961,16043,-344
3133,16049,-329
2948,16015,-305
3096,16025,-222
3082,16047,-267
2992,16106,-381
3108,16073,-324
2919,16108,-317
3068,16150,-429
2998,16037,-287
2955,16190,-399
3125,16061,-186
2969,16145,-358
3070,16081,-313
3070,16061,-265
3012,16127,-374
3072,15994,-189
3034,16085,-422
3022,16059,-195
3036,16080,-375
3023,16003,-257
3081,16082,-308
2998,16058,-380
3140,16089,-236
2965,16139,-485
3106,15984,-252
3041,16095,-396
3017,16065,-316
3139,16063,-323
2952,16047,-345
3118,16005,-253
2961,16047,-294
3029,16019,-216
3142,15995,-303
2946,16121,-333
3144,16097,-347
2985,16085,-319
3050,16180,-356
3026,16062,-356
3039,16130,-331
3058,16018,-262
3010,16039,-312
3043,16037,-275
3023,16031,-258
3073,16069,-319
3031,15999,-230
2991,16129,-424
3071,15982,-228
2930,16173,-398
3034,15994,-359
3006,16113,-271
2927,16122,-395
3107,16035,-233
2992,16049,-381
3026,16029,-220
3101,16065,-375
3002,16049,-278
3052,16197,-345
2935,16059,-368
3114,16094,-271
3005,16129,-373
3110,16050,-322
3069,16087,-312
3001,16049,-295
3142,16030,-322
2913,16057,-274
3192,16026,-302
2997,15989,-244
2997,16141,-384
3144,15992,-259
2928,16122,-379
3026,16034,-324
3039,16121,-328
2926,16218,-410
3118,16076,-288
2959,16202,-431
3038,16040,-193
3086,16055,-361
2994,16012,-220
3096,16028,-145
2995,16086,-373
3072,15991,-185
3013,16106,-472
3088,16042,-291
3056,16183,-426
3021,16089,-339
3104,16133,-296
2913,16131,-387
3153,16065,-302
2947,16079,-345
3075,16041,-247
3101,16004,-276
2930,16082,-268
3139,16068,-306
2943,16071,-332
3108,16121,-322
3062,16038,-338
2976,16160,-371
3075,16058,-299
3040,16083,-298
3016,16107,-355
3054,16060,-236
3038,16143,-371
3056,16043,-293
3058,16136,-388
3040,16023,-254
3004,16108,-353
3063,16041,-356
3031,16052,-228
3069,16106,-393
3055,15973,-130
2933,16140,-409
3136,15935,-182
3032,16142,-361
2975,16100,-301
3148,16086,-318
2906,16154,-424
3159,16088,-315
3008,16129,-392
3024,16079,-183
3061,16062,-388
2953,15991,-205
3118,16064,-273
2999,16003,-314
3043,16067,-226
3003,16049,-324
3073,16097,-348
3122,16104,-338
2995,16080,-409
3123,16117,-309
2922,16087,-345
3146,16117,-380
3027,16063,-287
3013,16095,-348
3114,15977,-193
2958,16095,-269
3107,16064,-352
3055,16009,-228
2992,16110,-462
3142,15975,-197
2961,16163,-467
3106,16018,-267
3061,16105,-337
2964,16063,-343
3084,16005,-199
3003,16113,-400
3092,16070,-208
3026,16181,-440
3030,16018,-226
3087,16159,-427
3002,16007,-309
3097,16085,-268
2945,16039,-375
3113,15977,-163
2924,16048,-311
3047,16030,-209
3111,16104,-338
2918,16140,-366
3144,16081,-308
2929,16158,-406
3086,16165,-375
3002,16057,-377
3013,16133,-304
3087,16011,-299
2924,16018,-243
3045,16059,-282
3084,15950,-211
2991,16145,-336
3035,16023,-286
3066,16141,-456
3018,16111,-347
3023,16093,-438
3003,16067,-362
3009,16050,-254
3034,16138,-420
3084,16047,-129
3021,16139,-361
3082,15953,-175
3058,16090,-342
3011,16051,-338
3117,16008,-270
2916,16105,-465
3117,15996,-241
2967,16143,-433
3022,16016,-190
3119,16119,-355
2879,16085,-273
3115,16077,-301
2990,16075,-317
3071,16149,-269
3018,16083,-422
2964,16084,-256
3078,16104,-304
2937,16046,-339
3119,16067,-304
2989,16024,-251
3130,16038,-276
2994,16075,-262
3032,16146,-421
3114,16073,-296
2961,16141,-333
3097,16093,-378
2988,16063,-288
2998,16172,-480
3128,15980,-220
2946,16132,-364
3151,15981,-222
3059,16065,-245
2983,16076,-295
3107,16029,-239
2964,16127,-427
3084,16034,-218
3075,16146,-508
2990,16104,-324
3121,16121,-394
2967,16038,-335
3079,16047,-233
3004,16080,-405
3144,16006,-150
2991,16147,-426
3045,15998,-273
3074,16101,-314
2952,16100,-364
3128,16075,-279
2951,16154,-401
3113,16074,-299
3039,16107,-364
2978,16131,-351
3174,16011,-278
2916,16107,-284
3090,16053,-383
2960,16017,-230
3020,16115,-355
3089,15957,-307
3050,16099,-421
2989,16103,-271
3142,16065,-331
3024,16082,-361
3051,16004,-217
2989,16141,-435
3073,15988,-135
3055,16147,-430
3087,16017,-285
3007,16155,-360
3014,16068,-390
3073,16072,-240
2951,16131,-442
3117,15980,-201
3008,16161,-381
3028,16069,-262
3107,16042,-312
2933,16078,-346
3171,16044,-276
2974,16099,-354
3079,16050,-228
3081,16045,-401
2993,16116,-308
3138,16089,-395
2998,16069,-331
3043,16149,-281
2949,16042,-301
3112,16075,-302
2992,16067,-398
3070,16068,-274
3120,16090,-289
3005,16102,-330
3092,16084,-373
3124,15995,-212
2959,16170,-449
3103,16013,-237
3022,16141,-472
2996,16073,-264
3146,16070,-385
2912,16084,-327
3118,16049,-231
2980,16053,-372
3054,16047,-173
2945,16110,-455
3079,16010,-275
3032,16150,-323
2961,16099,-342
3091,16070,-270
2953,16065,-403
3111,16049,-316
3043,16098,-367
3017,16027,-256
3144,16000,-316
2866,16093,-268
3146,16065,-388
3022,16015,-260
3049,16126,-311
3089,16034,-313
2967,16134,-401
3058,16050,-344
3041,16048,-316
2996,16132,-387
3088,15970,-230
3048,16114,-378
3078,16003,-144
3037,16082,-384
3030,16000,-188
3073,16135,-384
3026,16063,-447
3070,16093,-200
2972,16161,-460
3103,15996,-193
2971,16164,-438
3045,16018,-290
3108,16079,-319
2915,16070,-298
3231,16017,-196
2913,16083,-387
3113,16042,-232
3090,16072,-423
2990,16105,-249
3126,16100,-363
2918,16085,-277
3113,16148,-311
2997,15992,-353
3055,16115,-269
3047,16106,-307
3037,16088,-309
3051,16125,-340
3012,16046,-242
3092,16063,-394
2931,15986,-254
3100,16085,-377
3086,15991,-180
3013,16147,-399
3088,15992,-270
3014,16126,-302
3028,16096,-419
3098,16062,-231
2974,16187,-461
3124,15957,-217
3037,16161,-401
3020,16028,-255
3088,16048,-330
2914,16032,-310
3128,15978,-168
2952,16094,-418
3077,16052,-187
3021,16119,-479
2993,16032,-271
3086,16134,-393
3012,16040,-332
3126,16123,-253
2944,16110,-381
3118,15998,-230
2963,16097,-326
3027,16034,-271
3115,16064,-358
2945,16067,-246
3158,16108,-387
2919,16063,-291
3051,16119,-383
3121,16025,-213
2965,16168,-404
3089,16060,-377
3055,16065,-255
3052,16167,-411
3064,15985,-222
2983,16150,-311
3043,15992,-140
3032,16101,-375
3001,16065,-280
3070,16090,-297
3048,16093,-437
3019,16017,-216
3051,16123,-500
3073,16023,-175
3014,16140,-438
3075,15985,-257
3090,16101,-310
2982,16045,-331
3207,16006,-232
2903,16128,-389
3108,16005,-238
3040,16096,-413
2977,16107,-275
3149,16062,-363
2883,16067,-327
3088,16100,-335
2967,16047,-351
3022,16100,-336
3100,16008,-279
2980,16065,-294
3057,16089,-346
3005,16015,-232
3088,16144,-315
3029,16059,-236
3044,16089,-399
3025,16003,-161
3063,16118,-406
3047,16069,-315
2964,16087,-284
3073,16135,-393
3026,16032,-196
2961,16211,-459
3120,15963,-147
2977,16163,-379
3042,16008,-308
3120,16074,-283
2985,16135,-393
3142,15976,-212
2896,16076,-423
3060,16000,-208
3069,16068,-436
2962,16039,-212
3130,16104,-350
2949,16077,-365
3103,16098,-311
3010,16074,-393
3113,16083,-239
3014,16037,-416
3036,16001,-257
3118,16102,-317
2957,16065,-331
3151,16026,-358
2953,16021,-284
3029,16074,-299
3025,16046,-324
2983,16132,-288
3151,16011,-319
3009,16093,-230
3060,16200,-361
3070,16041,-196
2974,16231,-465
3105,15989,-286
3034,16097,-337
2988,16033,-307
3132,16036,-277
2974,16064,-381
3048,16000,-204
3000,16082,-497
3108,15991,-79
3093,16186,-396
3086,16035,-262
3024,16174,-445
3001,16108,-421
3142,16054,-172
2987,16147,-443
3099,16026,-230
3001,16092,-405
3008,15997,-217
3092,16050,-297
2938,16005,-298
3174,16052,-273
2990,16009,-334
3080,16139,-267
3079,16095,-414
3030,16128,-276
3150,16172,-452
2985,16092,-314
3025,16165,-402
2987,16062,-271
3048,16094,-350
3020,15949,-205
3069,16026,-261
3039,16047,-238
2983,16077,-283
3050,16051,-394
3044,16003,-237
2973,16199,-547
3085,16000,-237
3008,16210,-431
3068,16024,-305
3044,16054,-271
2919,16089,-353
3208,15952,-72
2902,16097,-436
3094,15975,-98
3082,16137,-414
2975,16025,-266
3195,16116,-402
2938,16098,-410
3075,16060,-321
3015,16077,-428
3027,16062,-210
3047,16133,-328
2962,16008,-263
3091,16141,-268
2995,16012,-275
3105,16114,-434
3058,15918,-149
2992,16184,-424
3125,15936,-178
2993,16121,-382
2996,16046,-333
3076,16051,-330
2993,16171,-443
3110,16026,-214
3019,16200,-452
3045,16028,-198
3075,16145,-392
3018,16001,-194
3062,16064,-284
3007,16042,-364
3095,16042,-136
2984,16159,-431
3141,15970,-154
3005,16174,-457
2979,16043,-288
3115,16114,-371
2900,16093,-346
3136,16125,-334
2899,16129,-386
3050,16087,-253
3149,15988,-272
2944,16055,-260
3109,16079,-364
3010,16013,-243
3054,16128,-377
3052,16013,-307
2996,16206,-335
3074,16065,-308
3006,16113,-399
3034,16103,-343
2981,16051,-324
3080,16077,-378
3018,15990,-192
3087,16136,-369
3055,15997,-178
2987,16121,-364
3061,16011,-277
3053,16071,-240
3007,16080,-478
3139,16024,-129
2929,16184,-455
3106,15939,-178
3019,16102,-397
2965,16059,-232
3151,16038,-326
2897,16089,-367
3117,16106,-302
2958,16127,-404
3021,16092,-264
3078,16052,-384
2988,16030,-246
3127,16165,-315
3025,15977,-346
3112,16129,-214
2986,16034,-294
3054,16121,-223
3033,16075,-364
3009,16055,-351
3078,16085,-364
2940,16077,-264
3110,16124,-448
2983,16040,-205
3068,16145,-417
3133,15974,-203
2962,16132,-309
3087,16064,-327
3050,16017,-278
3009,16152,-437
3142,15971,-141
2983,16163,-442
3055,16024,-262
3076,16082,-383
2989,16041,-240
3083,16057,-283
2957,16055,-391
3132,16077,-187
2992,16143,-495
3062,15991,-199
3011,16134,-374
3030,15977,-258
3108,16093,-367
2943,16074,-396
3197,16029,-221
2981,16113,-369
3036,15998,-253
3068,16080,-352
2924,16107,-323
3142,16035,-318
2944,16084,-321
3056,16121,-359
3000,16082,-327
3000,16148,-329
3079,16005,-312
2962,16090,-298
3080,16108,-327
3120,16021,-223
3057,16154,-418
3036,15979,-209
3024,16169,-468
3004,16000,-186
3047,16127,-399
2965,16055,-308
3057,16020,-266
3006,16131,-449
3125,15996,-211
2989,16211,-522
3114,15969,-159
3056,16103,-395
2994,16053,-298
3177,16069,-269
2900,16136,-429
3140,16009,-224
3006,16101,-397
3035,16009,-208
3127,16086,-426
3004,16071,-276
3121,16116,-382
2955,16046,-301
3068,16125,-299
2979,16073,-397
3075,16101,-285
3064,16030,-301
2981,16007,-224
3086,16140,-383
2994,16042,-233
3163,16113,-355
3005,16031,-165
3016,16192,-471
3095,15982,-248
2957,16140,-356
3061,16065,-344
2964,16030,-209
3003,16175,-453
3107,15960,-196
2969,16213,-439
3047,16026,-222
3073,16109,-318
2961,16092,-294
3167,16073,-275
2989,16151,-502
3096,16016,-181
3031,16088,-483
3061,16027,-154
3077,16140,-435
3043,15999,-220
3080,16114,-249
2934,16064,-431
3127,16057,-255
2943,16163,-433
3076,16038,-278
3093,16098,-353
2967,16085,-317
3204,16108,-365
2957,16070,-285
3099,16054,-311
3037,15949,-300
2999,16105,-337
3154,15998,-272
2959,16051,-262
3057,16093,-358
2981,15991,-262
3001,16191,-441
3103,16059,-282
2995,16144,-467
3042,16028,-171
3046,16091,-353
3048,16054,-306
3072,15995,-203
3048,16091,-427
3081,15991,-131
2998,16137,-483
3072,15979,-228
3009,16178,-431
3043,16051,-344
3108,16081,-221
2921,16150,-418
3123,16017,-224
2963,16162,-385
3053,16045,-214
3127,16095,-387
2933,16047,-285
3196,16062,-341
2977,16006,-308
3110,16058,-305
3019,16027,-319
3016,16105,-324
3086,16111,-372
3003,16061,-263
3070,16147,-335
2992,16032,-338
3069,16142,-398
3039,16037,-299
3050,16111,-396
3072,16000,-215
2986,16065,-311
3093,16066,-338
3032,16025,-194
3043,16123,-427
3110,16068,-113
2918,16169,-470
3020,16049,-89
2975,16227,-401
3170,15729,-355
2965,16118,-326
2965,16128,-206
3174,16031,-409
2950,15955,-553
3060,16171,-91
2984,16084,-350
3031,15940,-299
3028,16211,-420
2845,16062,-378
3150,16026,-291
2953,16075,-303
3035,16126,-285
3112,16056,-400
2964,16155,-261
3164,16136,-393
2991,16068,-287
3070,16145,-450
3067,15980,-213
2987,16177,-343
3078,15963,-218
3047,16042,-286
3049,16042,-306
3038,16041,-233
3014,16159,-486
3059,16053,-289
3011,16178,-452
3074,15973,-208
3027,16188,-448
3047,16035,-393
3080,16018,-151
2908,16076,-424
3138,15963,-122
2956,16109,-434
3073,16032,-195
3086,16094,-410
2930,16111,-368
3206,16055,-305
2951,16093,-343
3055,16099,-314
3052,16095,-417
3029,16104,-267
3104,16077,-344
2924,16047,-246
3106,16117,-346
3004,16000,-292
3073,16056,-403
3025,16036,-200
3169,16178,-459
3070,16019,-581
3100,15795,-314
2972,16460,-179
2979,15852,-170
3049,16257,-550
3165,15809,-76
2976,16287,-351
3084,15940,-355
3090,16099,-311
2953,16243,-269
3156,16056,-319
2949,16057,-451
3147,16002,-162
2979,16200,-440
3012,15902,-339
3060,16190,-159
2965,15986,-370
3044,16016,-261
3020,16036,-385
3041,16114,-245
3057,16109,-427
3028,16027,-252
3051,16181,-315
3016,16024,-375
3124,16080,-283
2950,16112,-249
3146,16051,-329
2937,16035,-289
3034,16095,-319
3076,16076,-327
2959,16042,-332
3119,16081,-352
2945,15999,-249
3015,16176,-455
3066,15969,-211
3017,16204,-326
3101,16034,-305
3041,16141,-321
3064,16170,-358
3116,16031,-279
2976,16146,-400
3068,16028,-186
2992,16117,-436
2998,15948,-198
3025,16075,-321
2989,16014,-298
3059,16022,-174
3029,16078,-409
3108,16032,-199
2978,16186,-512
3050,16027,-237
3090,16140,-380
2985,16093,-405
3154,16093,-356
2923,16095,-260
3094,16009,-239
2999,16079,-331
2956,16070,-222
3136,16037,-344
2969,16027,-260
3085,16097,-416
3011,16039,-329
3037,16147,-390
3010,16007,-403
3054,16080,-333
3077,16083,-330
3051,16028,-283
3051,16082,-346
3023,16042,-159
3039,16153,-384
3028,15964,-108
3020,16171,-486
3074,16024,-250
2989,16111,-322
3020,16044,-358
3024,16016,-274
2983,16164,-496
3150,15953,-142
3012,16181,-427
3023,15982,-277
3120,16083,-370
2970,16128,-312
3170,16062,-283
2920,16048,-412
3081,16039,-224
3057,16081,-378
2988,16065,-255
3065,16097,-335
2970,16024,-272
3091,16068,-319
2963,16034,-345
3077,16079,-286
2987,16070,-436
3025,16065,-383
3112,16058,-322
2961,16108,-306
3174,16121,-351
2981,16050,-249
3081,16106,-349
3075,15991,-201
2952,16131,-375
3112,15998,-318
2964,16056,-265
2994,16045,-326
3056,15994,-235
2972,16185,-463
3085,15991,-171
3039,16144,-415
3025,16068,-305
3064,16146,-364
3007,16078,-333
3101,16073,-235
2975,16136,-427
3052,16002,-120
3016,16122,-436
3022,16006,-215
3079,16074,-327
2942,16070,-331
3151,16124,-202
2925,16083,-398
3086,16007,-300
3038,16154,-384
3016,16082,-339
3129,16103,-341
2897,16111,-313
3147,16083,-376
2937,16038,-254
3080,16115,-241
3057,15990,-288
2974,16054,-285
3096,16029,-340
2995,16030,-268
3047,16142,-350
3018,16020,-252
3068,16132,-442
3026,16017,-199
3077,16138,-412
3020,16034,-247
3011,16114,-352
3044,16049,-365
2980,16029,-190
2968,16151,-449
3093,15945,-129
2981,16158,-387
3018,15993,-279
3042,16105,-297
2941,16105,-320
3142,16026,-270
2923,16135,-474
3126,16078,-272
3038,16129,-429
3021,16074,-231
3140,16098,-383
2945,16018,-336
3113,16054,-304
2967,15997,-325
3080,16020,-184
2973,16097,-359
3059,16042,-292
3062,16138,-351
2975,16071,-310
3122,16139,-358
2935,16073,-323
3099,16109,-406
3034,15991,-257
2985,16126,-351
3143,16009,-288
2976,16107,-319
3096,16093,-315
3074,16016,-236
2939,16128,-439
3151,15945,-203
2975,16106,-405
3049,16048,-244
3054,16119,-371
2993,16064,-304
3085,16081,-260
2973,16018,-354
3090,16041,-240
3019,16015,-307
3011,16130,-358
3118,16054,-326
2909,16098,-364
3168,16081,-390
2901,16067,-337
3074,16103,-319
3063,15964,-295
2975,16086,-295
3077,16052,-285
2992,16050,-275
3063,16133,-373
3056,16023,-210
3024,16175,-327
3040,15976,-264
3031,16182,-439
3063,16076,-282
3060,16105,-316
3036,16074,-373
3008,16030,-245
3020,16133,-428
3076,16006,-194
3003,16145,-417
3054,15987,-209
3079,16081,-266
3017,16079,-403
3152,16039,-215
2913,16134,-455
3106,15995,-218
3050,16165,-398
3005,16104,-248
3129,16110,-347
2896,16079,-332
3101,16076,-311
2976,16038,-342
3013,16065,-315
3086,16031,-318
3048,16043,-222
3057,16073,-310
2955,16020,-316
3116,16145,-273
2962,16055,-311
3095,16097,-301
2980,16074,-278
3016,16180,-346
3135,16070,-336
2984,16049,-227
3049,16040,-387
2956,16001,-210
2993,16171,-401
3108,15955,-205
2962,16152,-398
3086,16044,-295
3090,16116,-305
3034,16172,-365
3118,15982,-227
3001,16146,-444
3086,15978,-230
3076,16143,-388
2971,16062,-234
3098,16048,-294
2986,16044,-328
3049,16057,-226
3016,16116,-435
3105,16041,-198
3009,16102,-471
2997,16025,-261
3103,16135,-324
2938,16130,-384
3145,16093,-283
2984,16091,-280
3050,16049,-303
3083,16041,-295
2991,16114,-320
3195,16021,-346
2908,16019,-283
3077,16093,-389
3000,16025,-291
3013,16126,-383
3100,15975,-220
3006,16123,-362
3020,16133,-329
3073,16098,-374
3049,16121,-388
3048,16057,-226
3008,16107,-511
3072,15965,-185
3037,16149,-385
3014,15951,-240
2993,16070,-279
3012,16027,-347
3116,15990,-182
2958,16158,-474
3095,16011,-218
3013,16142,-405
3005,16103,-329
3162,16137,-338
2917,16116,-380
3157,16044,-318
2957,16073,-325
3062,16018,-211
3066,16038,-294
2947,16068,-239
3136,16079,-262
2961,16057,-317
3090,16142,-318
3030,16089,-350
3029,16140,-327
3040,16078,-340
3010,16079,-356
3095,16075,-328
2997,16083,-303
3079,16062,-328
2993,16000,-79
3013,16150,-446
3075,15936,-196
2935,16132,-369
3091,16023,-290
2997,16078,-280
3018,16124,-377
3155,16081,-206
2957,16214,-435
3051,16010,-224
3092,16131,-365
2972,16070,-278
3150,16046,-307
2985,16091,-346
3112,16032,-185
2977,16063,-418
3070,16011,-154
3071,16116,-378
3021,16028,-270
3068,16105,-359
2972,16098,-375
3130,16101,-303
2925,16127,-401
3135,16079,-253
3027,16080,-308
2978,16088,-333
3151,16063,-299
2967,16077,-264
3133,16089,-369
3024,16001,-237
3002,16169,-350
3069,16003,-276
2962,16065,-353
3053,16046,-323
3046,16059,-311
3030,16148,-429
3125,16034,-278
3008,16177,-428
3063,16021,-244
3028,16107,-394
3048,16029,-205
3042,16079,-347
3011,16051,-377
3064,16019,-147
2988,16156,-422
3083,15975,-186
2997,16177,-392
3047,16034,-318
3071,16072,-304
2937,16089,-388
3175,16050,-278
2899,16128,-445
3069,16080,-257
3059,16060,-354
2947,16100,-257
3175,16097,-356
2951,16076,-261
3109,16101,-320
3003,16021,-353
2981,16100,-252
3120,16030,-306
2992,16069,-320
3068,16067,-245
3002,16064,-279
3013,16107,-385
3008,16085,-308
3071,16146,-397
3126,16024,-203
2959,16163,-404
3105,16049,-330
3014,16104,-309
3063,16117,-392
3095,15960,-211
2947,16142,-398
3095,15981,-242
2985,16089,-331
3002,16055,-303
3092,16060,-297
2946,16102,-402
3143,16047,-256
3001,16138,-469
3034,16099,-197
3107,16123,-381
2923,16076,-263
3134,16054,-278
2975,16045,-319
3070,16027,-210
3011,16023,-322
3034,16077,-282
3011,16070,-317
3031,16026,-301
3126,16139,-364
2908,16076,-384
3127,16080,-350
2937,16112,-300
3052,16138,-358
3108,16045,-254
2937,16143,-313
3144,16059,-385
3021,16010,-213
3051,16064,-350
3053,16075,-217
3044,16180,-402
3061,16078,-253
3021,16179,-420
3009,16036,-286
3070,16071,-287
2922,16051,-428
3100,15971,-211
2944,16044,-340
3036,15990,-192
3048,16053,-308
2986,16082,-237
3143,16106,-373
2958,16101,-387
3107,16175,-380
3003,16160,-411
3055,16171,-347
3094,16076,-305
2994,16109,-284
3107,16071,-290
3022,15948,-227
3069,16039,-206
2993,15899,-193
2991,16049,-368
3070,15990,-245
2990,16148,-405
3072,16080,-376
3003,16165,-313
3064,16191,-483
3095,16075,-260
2991,16204,-461
3088,16000,-200
2996,16113,-290
3025,16029,-289
3121,15984,-190
2899,16072,-367
3071,15916,-141
2976,16075,-363
3043,16019,-266
3104,16119,-436
2986,16079,-316
3183,16097,-325
2964,16080,-378
3086,16146,-340
3021,16149,-448
3061,16071,-230
3037,16071,-274
2997,16016,-257
3090,16104,-287
2937,16034,-275
3106,15997,-245
2972,16033,-231
3046,16121,-408
3053,16081,-321
2957,16115,-366
3093,16064,-379
2975,16064,-324
3083,16163,-459
3100,16010,-280
2983,16221,-386
3099,16022,-215
3029,16088,-280
3050,16050,-280
3117,15994,-278
2982,16092,-330
3078,15968,-182
3032,16139,-445
3079,16042,-214
3094,16151,-440
2999,16045,-399
3046,16075,-314
2984,16127,-404
3105,16049,-265
2976,16138,-433
3073,16004,-199
3033,16105,-380
2979,16009,-286
3165,16064,-260
2882,16051,-274
3153,16072,-264
3018,16032,-299
3006,16134,-383
3129,16063,-378
2956,16089,-298
3114,16094,-266
2950,16032,-373
3064,16132,-354
3071,16022,-329
3023,16096,-349
3067,16057,-292
3069,16045,-302
3032,16073,-274
3026,16013,-256
3085,16092,-343
3059,16023,-148
3022,16174,-489
3088,16025,-236
2999,16148,-396
3039,16061,-377
3047,16085,-284
2989,16134,-412
3142,15996,-211
2938,16089,-382
3058,16004,-236
3083,16061,-310
2958,16066,-308
3139,16057,-283
2940,16087,-323
3095,16096,-243
3046,16072,-411
3033,16090,-302
3107,16119,-380
2952,16092,-365
3077,16125,-274
2987,16054,-332
3054,16087,-292
2978,16038,-356
3088,16043,-296
3046,16057,-294
2970,16110,-291
3131,16069,-325
2983,16103,-277
3143,16105,-385
3065,15985,-236
3022,16166,-349
3104,16021,-279
2980,16109,-317
3046,16073,-329
3052,16042,-277
2987,16111,-403
3105,16018,-230
3042,16155,-367
2981,16016,-241
3074,16090,-347
2986,16074,-307
3075,16094,-265
2989,16114,-400
3111,16055,-195
2996,16149,-493
3062,16073,-280
3032,16142,-375
2947,16061,-351
3096,16044,-230
2924,16039,-359
3151,16024,-267
2964,16080,-375
3045,16033,-265
3157,16049,-289
2937,16113,-366
3132,16066,-331
2963,16056,-272
3098,16149,-307
3072,16016,-315
2982,16138,-335
3102,16033,-318
3014,16052,-313
3086,16093,-278
3016,16000,-244
3006,16113,-381
3061,16024,-206
3075,16127,-402
3023,16021,-305
3021,16141,-392
3093,16076,-361
3065,16065,-262
2977,16156,-456
3116,16004,-211
2968,16148,-401
3059,15978,-257
3059,16053,-277
2914,16056,-335
3155,16000,-254
2947,16119,-409
3146,16089,-202
3020,16145,-416
3000,16074,-302
3111,16101,-339
2940,16093,-284
3117,16144,-327
3000,16009,-322
3084,16061,-216
2998,16061,-317
3033,16091,-264
3059,16068,-321
2943,16030,-308
3080,16029,-334
2931,16041,-355
3098,16091,-402
3046,16021,-266
2996,16154,-340
3100,16052,-284
3001,16122,-294
3114,16089,-385
3064,16032,-206
2983,16172,-413
3090,15948,-242
2979,16075,-362
3054,16063,-231
3036,16082,-340
2972,16074,-278
3053,16018,-229
2996,16092,-421
3026,16070,-204
3067,16128,-446
3011,16056,-285
3066,16174,-394
2990,16079,-345
3120,16089,-284
2925,16066,-395
3131,16005,-160
3006,16075,-320
3038,16055,-304
3099,16061,-251
2940,16109,-271
3150,16107,-283
3083,16005,-241
2997,16095,-280
3023,16015,-238
3018,16110,-417
3030,16101,-248
