2958,16073,-364
3094,16067,-367
3000,16043,-301
3104,16087,-303
3014,16067,-340
3104,16111,-286
2952,16020,-324
3086,16045,-246
3011,16060,-264
3042,16117,-389
3088,16049,-321
2966,16083,-283
3096,16124,-446
3005,16044,-259
2982,16168,-466
3114,15967,-258
3018,16172,-390
3059,16036,-244
3104,16069,-303
2978,16110,-354
3121,15973,-242
2972,16082,-420
3079,16007,-213
3049,16116,-454
2990,16077,-248
3101,16094,-309
2990,16049,-368
3098,16070,-210
2971,16104,-442
3099,16017,-197
3009,16080,-402
3040,16020,-296
3082,16105,-346
2948,16076,-351
3181,16027,-306
2928,16087,-331
3134,16026,-222
3064,16059,-301
2984,16149,-339
3096,16046,-393
2962,16098,-228
3081,16109,-341
2991,16037,-287
3037,16147,-368
3060,16009,-222
3020,16062,-323
3031,16054,-294
3044,16065,-308
3053,16091,-363
3053,16024,-246
3023,16147,-427
3027,16029,-208
3037,16151,-459
3064,16048,-264
3066,16163,-266
2986,16098,-407
3103,16032,-161
2952,16127,-387
3147,15999,-233
2988,16161,-388
3063,16005,-265
3145,16033,-320
2891,16092,-365
3189,16063,-258
2979,16049,-347
3064,16095,-235
3058,16103,-317
2992,16069,-279
3110,16120,-376
2984,16083,-363
3102,16133,-287
2964,16050,-379
3107,16082,-307
3041,16025,-249
3003,16050,-309
3078,16054,-297
2995,16065,-279
3127,16067,-345
2976,16059,-230
3029,16173,-435
3054,15990,-236
2988,16176,-389
3121,16037,-309
3015,16120,-217
3017,16121,-391
3156,16031,-263
2947,16117,-394
3049,15975,-212
3062,16087,-370
3018,16035,-290
3137,16037,-236
2984,16140,-412
3107,16064,-250
3001,16137,-482
3087,16045,-180
3010,16123,-471
3039,16075,-242
3048,16128,-269
2940,16070,-295
3137,16020,-256
2948,16078,-297
3101,16022,-289
3004,16010,-280
2962,16047,-330
3202,16071,-306
2908,16087,-317
3174,16142,-287
3002,16072,-332
3017,16192,-385
3097,15999,-277
2987,16126,-332
3033,16023,-433
2978,16048,-250
3075,16119,-327
3122,15966,-233
3005,16164,-418
3031,15997,-183
3039,16074,-363
3017,16111,-349
3044,16091,-277
3037,16136,-426
3048,16076,-210
2954,16139,-438
3138,16014,-196
2992,16127,-392
2996,16017,-336
3092,16035,-267
2897,16068,-362
3169,16014,-250
2949,16124,-363
3093,16037,-261
3078,16097,-397
2934,16098,-260
3146,16080,-345
2944,16085,-347
3117,16109,-291
3038,16073,-330
3038,16093,-247
3040,16049,-295
3031,16048,-276
3045,16114,-314
2994,16065,-324
3088,16086,-353
2960,16020,-277
3076,16138,-409
3056,15994,-215
2964,16154,-337
3095,16014,-329
2996,16105,-260
3087,16108,-401
3112,15973,-229
2958,16144,-490
3112,15955,-236
3021,16093,-377
3012,16070,-264
3107,16029,-264
2930,16072,-340
3154,16026,-213
2967,16098,-472
3061,16111,-209
3055,16130,-409
3000,16067,-297
3118,16117,-368
2990,16070,-369
3130,16058,-210
2951,16047,-302
3084,16009,-215
3023,16086,-320
3016,16052,-313
3106,16080,-268
2958,16084,-327
3144,16130,-409
2944,16095,-334
3038,16124,-385
3109,15979,-308
2951,16101,-289
3108,16064,-314
3048,16050,-242
3037,16095,-421
3099,15954,-225
2958,16130,-416
3088,15981,-248
3047,16089,-398
2973,16049,-277
3069,16005,-301
3024,16085,-368
3088,16093,-182
3022,16108,-466
3054,16009,-250
3013,16131,-404
3052,16080,-334
3093,16113,-288
2950,16078,-403
3083,16067,-297
2971,16065,-386
3042,16086,-280
3112,16037,-318
2958,16072,-269
3110,16074,-346
3046,16013,-309
3030,16101,-352
2986,16017,-286
3058,16138,-347
2963,16070,-312
3028,16092,-336
3068,16042,-265
2963,16065,-249
3020,16118,-433
3089,15997,-145
2971,16125,-453
3099,16004,-219
3005,16116,-315
3033,16067,-303
3120,16056,-246
2929,16149,-371
3149,16004,-191
2945,16140,-449
3061,16002,-223
3042,16078,-352
2958,16056,-285
3146,16079,-275
2978,16071,-330
3092,16118,-219
2990,16107,-472
3073,16054,-254
3015,16128,-387
3007,16046,-323
3108,16084,-284
2964,16052,-282
3176,16028,-304
2952,16079,-304
3054,16090,-368
3035,16012,-304
2918,16088,-377
3124,16041,-403
2956,16057,-245
3052,16133,-413
3109,15985,-285
3029,16127,-378
3065,16004,-245
3063,16100,-376
3010,16064,-259
3134,16128,-303
2992,16117,-414
3064,15999,-171
3013,16073,-509
3031,15998,-154
3056,16127,-385
2977,16009,-324
3039,16073,-263
2993,16085,-448
3106,16007,-158
2976,16185,-465
3086,16024,-258
3036,16113,-347
3004,16101,-296
3140,16078,-338
2916,16084,-329
3202,16048,-268
2979,16099,-331
2990,16112,-311
3080,16010,-300
2932,16062,-293
3104,16049,-296
2964,15998,-256
3026,16116,-325
3080,16020,-379
3061,16114,-306
3081,16082,-293
3064,16113,-353
3097,16119,-313
3015,16075,-256
3068,16126,-412
2979,16020,-158
3006,16106,-376
3095,16003,-209
2959,16153,-333
3049,15993,-271
3070,16060,-247
2940,16137,-448
3165,15980,-236
2950,16212,-396
3082,16049,-285
3079,16068,-416
2957,16079,-319
3138,16060,-275
2936,16109,-360
3084,16011,-136
3012,16054,-443
2994,16050,-173
3100,16093,-393
2971,16001,-243
3105,16106,-289
2947,16032,-350
3146,16080,-351
3013,16120,-380
3065,16077,-286
3078,16060,-302
2922,16101,-323
3158,16086,-327
2992,16026,-202
3125,16118,-360
3045,15976,-248
2939,16124,-391
3100,16022,-284
2993,16111,-308
2991,16090,-347
3063,16001,-240
2953,16154,-446
3095,16018,-217
3020,16129,-437
3016,16038,-226
3128,16113,-388
2998,16073,-362
3078,16084,-273
2974,16098,-407
3067,16033,-140
2978,16165,-454
3068,16033,-229
3032,16172,-350
3022,16031,-292
3105,16052,-243
2850,16090,-375
3165,16016,-270
2989,16101,-397
3050,16055,-327
3088,16048,-328
2922,16088,-322
3143,16144,-384
2979,16042,-303
3101,16088,-256
3084,16033,-305
3045,16108,-374
3109,16067,-332
3012,16016,-278
3029,16087,-312
3017,16010,-253
3036,16082,-417
3037,16008,-189
3052,16084,-439
3092,16010,-185
3046,16133,-378
3064,16061,-357
3049,16106,-233
2962,16185,-464
3074,15984,-195
2966,16154,-452
3057,15997,-249
3071,16107,-312
2899,16068,-279
3135,16015,-256
2895,16118,-447
3118,16081,-216
2991,16128,-435
3014,16074,-258
3116,16077,-430
2910,16045,-273
3119,16112,-289
2995,16010,-327
3075,16047,-249
3023,16055,-320
3070,16100,-317
3031,16093,-323
3000,16075,-322
3112,16065,-329
2964,16061,-306
3131,16143,-390
3038,16007,-218
3020,16133,-398
3100,15991,-285
2998,16131,-300
3067,16082,-391
3091,16030,-237
2958,16135,-429
3103,15950,-143
3018,16122,-423
3000,15988,-202
3084,16068,-304
2935,16097,-333
3171,16042,-261
2999,16159,-455
3105,16080,-243
3001,16152,-523
3005,15987,-218
3050,16110,-382
3011,15950,-283
3040,16016,-204
2932,15992,-281
3069,16001,-184
2995,16094,-384
3105,16147,-310
3049,16137,-426
2960,16160,-276
3168,16112,-410
2862,16116,-342
3072,16070,-392
3065,15980,-314
3013,16101,-247
3102,16004,-265
3025,15996,-227
3031,16114,-335
3034,16016,-240
3006,16144,-374
3033,16055,-324
3054,16170,-560
3035,16084,-327
3040,16110,-345
3008,16043,-338
3004,16047,-229
2925,16200,-498
3184,16040,-246
2967,16185,-501
3010,16048,-251
3130,16036,-344
2895,16039,-211
3117,16056,-249
2934,16002,-285
3079,16077,-241
3061,16026,-375
3034,16073,-309
3069,16129,-395
3014,16024,-384
3108,16099,-300
3001,16078,-287
3117,16103,-318
3014,16075,-215
3076,16129,-314
3060,16052,-307
2965,16096,-268
3066,16100,-437
2962,16014,-210
3023,16197,-490
3124,15955,-160
2978,16200,-418
3073,16018,-262
3088,16100,-317
2956,16125,-346
3141,15959,-249
2979,16117,-408
3070,16019,-200
3040,16109,-469
2970,16017,-214
3106,16113,-373
2938,16001,-327
3076,16077,-214
2990,16068,-405
3118,16036,-206
2973,16149,-436
3101,16042,-214
3085,16144,-382
2926,16076,-329
3186,16058,-294
2950,16090,-342
3164,16050,-320
3006,16063,-307
2972,16145,-263
3141,16020,-338
2953,16058,-297
3055,16118,-340
3022,16013,-266
2964,16185,-410
3070,16009,-243
3008,16167,-363
3073,16057,-248
3069,16057,-339
3066,16114,-344
3038,16021,-238
3028,16083,-470
3022,15951,-165
3014,16118,-436
3006,15978,-213
3083,16142,-282
2967,16062,-370
3170,15973,-239
2894,16161,-474
3168,16052,-218
3008,16224,-427
3027,16049,-248
3147,16064,-382
2848,16106,-343
3241,16007,-253
2945,15987,-247
3079,16028,-193
3058,16056,-400
3004,16057,-229
3149,16094,-397
2990,16076,-248
3111,16151,-449
2945,16107,-265
2997,16204,-424
3072,15916,-158
3166,16056,-347
3053,16184,-283
3011,16172,-268
3117,16078,-468
2987,15999,-137
2972,16153,-522
3085,15944,-76
2966,16199,-436
3037,15954,-342
3082,16149,-287
2995,16077,-360
3144,16011,-213
2966,16204,-548
3057,16036,-205
3063,16147,-453
2939,16073,-203
3151,16071,-306
2906,16094,-385
3117,16012,-264
2960,16030,-429
3106,15945,-158
3008,16129,-371
3051,16026,-200
3040,16181,-445
2996,16024,-319
3112,16156,-396
2918,16094,-346
3194,16142,-416
3039,16081,-309
3012,16116,-310
3157,16030,-352
2930,16062,-219
3161,16013,-251
2985,15976,-138
2985,16090,-379
3029,15956,-296
2990,16143,-351
3045,16105,-351
3102,16105,-305
3016,16164,-406
3078,16049,-283
3012,16164,-496
3081,16026,-89
3044,16090,-424
2976,15973,-155
3047,16079,-328
3049,16007,-324
3039,16019,-149
2928,16132,-409
3120,16026,-201
2948,16193,-489
3046,16029,-345
3132,16099,-337
2930,16119,-311
3173,16120,-296
2888,16145,-391
3134,16083,-208
3038,16030,-296
2967,16061,-200
3148,16040,-352
2995,16015,-277
3098,16142,-346
3037,15994,-308
3035,16083,-262
3077,16064,-325
3063,16066,-359
3030,16133,-411
3028,16056,-300
3064,16069,-429
2971,16062,-220
3087,16161,-434
3067,15948,-187
3015,16092,-315
3081,16016,-294
3026,16073,-271
3052,16036,-409
3081,15932,-172
2902,16140,-476
3109,15913,-167
3012,16147,-350
2973,16073,-220
3125,16106,-352
2929,16149,-342
3170,16125,-297
2996,16146,-442
3092,16116,-193
3046,16087,-449
2984,16029,-247
3077,16102,-333
2994,15998,-225
3067,16065,-209
2919,15959,-270
3079,16011,-161
3002,16099,-354
3053,16110,-364
3094,16141,-403
2934,16120,-369
3126,16176,-445
2960,16087,-296
3035,16131,-367
3064,15939,-241
2917,16067,-194
3087,16017,-197
3023,16025,-193
3031,16058,-373
3088,15966,-191
2990,16149,-505
3045,16033,-287
3042,16132,-480
2976,16116,-258
3098,16100,-319
2984,16103,-391
3090,16101,-141
3000,16145,-455
3058,15954,-107
3006,16137,-398
3035,15974,-208
3082,16077,-287
2951,16073,-382
3145,16034,-205
2873,16098,-421
3140,15982,-193
3035,16131,-456
2966,16102,-299
3146,16158,-421
2890,16116,-234
3131,16143,-379
3053,16037,-381
3000,16236,-220
3206,16017,-422
3059,16143,-426
2958,16174,-249
2622,16010,-234
3233,15691,-378
2944,16068,-232
2891,16069,-790
3116,15830,-77
3100,16058,188
2771,15886,20
2858,15759,-269
2847,15973,-7
3141,16112,-122
2898,16392,-712
3322,16409,-130
3605,16264,-114
3092,16468,-730
2944,16109,-852
2782,16013,-348
3110,15719,-178
2885,15953,-341
3027,15960,73
3018,15787,-38
3002,15895,-32
2933,16267,-212
2871,16098,-371
3190,16133,-403
3143,16289,-365
3259,16637,-654
3194,16284,-413
2863,16184,-547
2850,15959,-437
2982,15833,-400
3149,15820,-154
3116,15741,254
2813,16122,-256
2997,15825,-126
3037,15961,-148
3060,15975,-279
3223,16246,-377
3062,16367,-594
3097,16307,-455
2944,16401,-762
2962,16115,-354
3193,16099,-313
3073,15878,-44
3038,15925,-149
2803,16009,-305
3052,15880,28
2935,15938,-372
3153,15853,-89
3088,16130,-229
2997,16183,-330
3073,16259,-689
2864,16192,-534
3192,16219,-493
3091,16120,-318
3155,16258,-235
3104,15999,-193
2869,15917,-149
2957,15793,-86
2999,15835,3
3133,16076,-356
3075,16111,-283
3024,16239,-568
2966,16046,-491
3011,16063,-465
3107,16116,-295
3122,16235,-308
3092,16216,-422
2954,16034,-71
2919,16004,-372
3023,15805,-10
3009,16121,-260
3106,16075,-184
3106,16170,-326
2938,16197,-509
3149,16018,-338
2933,16146,-484
3093,15989,-294
3079,16091,-399
2976,16065,-272
3158,16017,-292
2882,16009,-181
3058,16033,-107
3014,16029,-392
3051,16132,-201
3043,16139,-419
3029,16132,-284
3051,16220,-381
3014,16041,-246
3133,16150,-386
2931,16074,-336
3043,16024,-318
3039,15934,-186
3009,16055,-306
3132,16060,-323
2997,16111,-217
3132,16162,-386
3009,15991,-227
2954,16177,-531
3151,15969,-208
3039,16181,-336
3015,16075,-278
3112,16062,-152
2902,16152,-440
3129,15953,-167
3022,16122,-432
3027,15950,-108
3045,16120,-495
2968,15998,-266
3119,16076,-315
2987,16011,-380
3121,16064,-171
2968,16157,-412
3104,16010,-233
3052,16220,-514
3047,16020,-246
3144,16169,-303
2865,16082,-315
3151,16071,-315
2943,16029,-303
3029,16010,-216
3071,15949,-262
2966,16053,-217
3113,16109,-392
2970,15975,-194
3096,16159,-397
3096,16014,-267
3043,16221,-467
3146,16129,-317
3042,16148,-386
2989,16090,-257
3010,16003,-181
3022,16095,-427
3089,15999,-114
3017,16072,-454
3066,15909,-110
2973,16113,-408
3041,16010,-263
3070,16080,-312
2936,16186,-499
3143,16071,-267
2941,16204,-458
3095,16000,-223
3024,16150,-386
2950,16061,-221
3157,16061,-235
2892,16077,-322
3135,16039,-229
2992,16004,-345
3005,16035,-210
3050,16023,-399
2974,16001,-246
3126,16199,-390
3006,16053,-274
3075,16165,-345
3009,16068,-322
3040,16195,-445
3019,16096,-314
3047,16106,-279
3069,16073,-273
2918,16005,-169
3101,16075,-363
3045,15936,-135
2987,16086,-386
3071,15893,-161
2959,16154,-310
3119,16079,-359
3100,16106,-265
2941,16198,-535
3134,16039,-271
2961,16210,-558
3091,16032,-194
3045,16107,-446
2927,16022,-233
3107,16040,-199
2975,16026,-321
3099,16006,-171
2971,16033,-418
3080,15965,-141
3001,16115,-414
3039,16002,-274
3081,16157,-366
2929,16085,-392
3158,16103,-304
2940,16162,-335
3077,16170,-347
3036,16089,-364
2959,16048,-212
3140,16035,-312
2932,15971,-176
3091,16085,-337
3039,15893,-238
2970,16102,-413
3102,15980,-286
3052,16116,-317
3052,16165,-382
3114,16100,-333
3035,16182,-483
3061,15988,-179
3022,16143,-490
3037,16000,-158
3046,16100,-287
3014,15994,-256
3027,16016,-216
2975,16019,-363
3113,15985,-128
2998,16148,-428
3090,15972,-228
3066,16167,-424
3001,16045,-334
3164,16075,-343
2889,16114,-359
3177,16056,-233
3020,16085,-367
3045,16038,-240
3081,16062,-353
2925,15988,-154
3100,16089,-283
2948,16035,-256
2998,16077,-286
3005,15993,-198
3016,16132,-421
3068,15985,-264
2958,16062,-260
3038,16039,-270
2995,15983,-135
2973,16129,-434
3150,15927,-123
2961,16223,-493
3073,15990,-213
3097,16149,-445
2953,16102,-323
3172,16079,-283
2951,16115,-345
3097,16034,-153
3016,16071,-453
3038,15993,-147
3087,16115,-394
2965,15984,-235
3096,16131,-255
2937,16070,-398
3142,16061,-236
2960,16098,-431
3113,16022,-207
3040,16130,-346
2922,16040,-273
3183,16090,-378
2946,16052,-198
3186,16111,-377
3007,15998,-233
3007,16177,-394
3056,16023,-288
2974,16096,-264
3029,16086,-292
3029,15966,-192
3033,16158,-434
3075,15974,-173
2985,16166,-409
3011,16014,-258
3037,16122,-389
2998,16057,-336
3081,16069,-308
2957,16065,-413
3069,15987,-58
3018,16173,-447
3054,15969,-140
3019,16150,-393
3027,16032,-216
3166,16037,-234
2920,16126,-388
3168,16062,-231
2906,16182,-486
3099,16007,-190
3139,16103,-365
2925,16043,-231
3165,16137,-347
2960,16013,-199
3110,16121,-268
3014,16045,-360
3010,16142,-343
3033,16081,-365
2991,16034,-273
3026,16103,-329
3016,16008,-232
3126,16145,-414
3026,15992,-188
3078,16073,-313
3070,16009,-204
2994,16144,-322
3116,16108,-315
3022,16029,-158
2989,16171,-491
3104,16002,-168
2992,16255,-477
3045,15961,-206
3023,16090,-340
2979,16048,-295
3107,16013,-255
2927,16112,-354
3125,16024,-147
2989,16109,-421
2974,16005,-202
3097,16110,-367
2936,16063,-318
3108,16124,-319
2961,16063,-390
3087,16067,-187
2978,16119,-413
3050,16034,-269
3027,16094,-348
2985,16015,-228
3104,16119,-355
2933,16071,-285
3162,16151,-366
3017,16048,-197
3034,16080,-353
3097,16000,-280
2972,16097,-261
3088,16089,-387
3039,16009,-194
3010,16158,-434
3077,15961,-195
3009,16177,-449
3030,16025,-254
3015,16088,-325
2958,16095,-326
3072,16006,-167
2983,16161,-450
3057,15999,-107
3058,16107,-458
3027,15979,-171
3051,16117,-397
3009,16029,-320
3071,16091,-249
2934,16097,-392
3116,15991,-244
2970,16139,-376
3061,16069,-282
3101,16084,-365
2953,16103,-291
3193,16132,-327
2905,16021,-299
3121,16111,-291
3015,15970,-287
2967,16086,-255
3105,16059,-316
3030,16046,-205
3090,16160,-399
3003,15975,-218
3033,16129,-354
2995,16022,-280
3036,16092,-414
3098,16049,-294
3014,16097,-303
3017,16079,-382
2981,16053,-170
3057,16150,-409
3034,15985,-144
3038,16162,-403
3109,15998,-194
2987,16163,-415
3035,16072,-378
3124,16068,-192
2940,16144,-438
3136,15960,-167
3002,16149,-421
3009,16056,-202
3124,16102,-401
2924,16045,-279
3178,16098,-238
2898,16067,-413
3067,16000,-236
3012,16028,-424
3010,16034,-205
3079,16152,-397
3018,16026,-255
3178,16141,-367
2959,16062,-317
3151,16055,-283
2953,16051,-259
3036,16048,-372
3088,16048,-288
2964,16069,-245
3102,16073,-358
2969,15990,-200
3036,16152,-447
3096,15980,-231
2977,16177,-358
3075,15985,-221
3075,16133,-338
3020,16110,-417
3165,15956,-192
2940,16119,-399
3066,16004,-246
3083,16134,-502
3019,15979,-113
3095,16136,-371
2999,16062,-395
3113,16056,-202
2964,16137,-453
3053,16080,-298
2967,16150,-443
3131,15969,-118
3071,16136,-391
2957,16069,-369
3187,16053,-196
2932,16027,-284
3156,16011,-285
3019,16055,-363
3037,16110,-286
3144,16129,-416
2852,16052,-268
3090,16126,-326
3002,16009,-261
3026,16156,-392
3057,15987,-203
2999,16128,-343
3007,16024,-299
3054,16077,-351
3071,16163,-336
3057,16029,-186
3052,16129,-421
3023,16029,-230
2995,16127,-435
3070,15970,-231
3038,16111,-294
3050,16072,-363
3103,16063,-132
2946,16139,-472
3110,15963,-211
2966,16188,-452
3073,16048,-187
3125,16151,-379
2928,16120,-410
3146,16020,-280
3012,16066,-327
3112,16149,-353
2984,16095,-300
3027,16059,-276
3012,16043,-303
2966,16051,-309
3132,16077,-318
2994,16033,-192
3025,16135,-439
2990,15963,-224
2961,16156,-388
3073,16005,-342
3047,16070,-239
3033,16119,-344
3146,16005,-214
2961,16190,-468
3136,15994,-191
2997,16144,-403
3043,16049,-223
3126,16091,-346
2987,16064,-404
3061,16015,-219
2973,16037,-400
3061,15955,-146
3047,16148,-455
3043,16000,-199
3020,16130,-356
2971,16048,-333
3113,16095,-338
2972,16138,-401
3127,16048,-306
2970,16068,-352
3061,16064,-240
3121,16049,-326
2922,16041,-257
3186,16053,-296
2970,16009,-232
3041,16191,-319
3052,16003,-304
3008,16157,-353
3034,16095,-363
2977,16049,-310
3048,16145,-375
3097,16018,-266
3011,16148,-418
2990,15972,-139
3024,16114,-368
3032,16007,-249
3059,16141,-319
3068,16031,-379
3037,16016,-168
2977,16102,-465
3073,15962,-126
3006,16173,-500
3047,16023,-241
3068,16113,-325
2966,16099,-341
3187,16031,-294
2921,16087,-430
3147,16027,-187
3022,16111,-370
2950,16047,-230
3137,16133,-347
2900,16037,-343
3126,16076,-280
3025,16047,-273
3095,16168,-215
3049,16085,-380
3030,16020,-279
3059,16072,-361
3020,16028,-300
3090,16083,-369
2956,16059,-288
3085,16143,-464
3041,15987,-159
3009,16078,-376
3103,16036,-250
3034,16099,-375
3084,16076,-386
3061,16036,-155
2961,16189,-473
3089,15956,-194
3017,16137,-388
3044,16044,-227
3067,16064,-301
2926,16086,-321
3124,16089,-238
2982,16146,-446
3059,16054,-196
3069,16104,-446
2990,16010,-210
3071,16079,-387
2980,16016,-317
3120,16094,-239
2966,16055,-392
3059,16010,-205
3008,16134,-375
3055,16040,-249
3116,16073,-314
2955,16069,-300
3155,16100,-346
2911,16121,-325
3073,16159,-380
3068,16016,-262
2943,16107,-344
3134,16048,-310
3002,16072,-253
3035,16112,-363
3057,15903,-226
2975,16099,-348
3050,15964,-191
3037,16103,-426
3045,16047,-248
3072,16064,-374
3056,16108,-410
3126,16087,-202
3063,16152,-502
3034,16018,-158
2987,16117,-413
3080,16002,-141
3035,16119,-310
2994,16098,-336
3143,16045,-167
2907,16104,-396
3066,16007,-190
3012,16099,-394
3020,16095,-309
3139,16142,-332
2936,16081,-313
3170,16100,-328
2954,16063,-372
3043,16066,-294
3066,16064,-310
2982,16035,-237
3086,16065,-298
2991,15970,-205
3107,16067,-313
3017,16011,-232
3015,16134,-423
3005,16087,-313
3053,16124,-409
3091,16044,-197
2982,16101,-332
3051,16076,-448
3072,16007,-225
3007,16147,-427
3104,15944,-189
2999,16152,-386
3110,16018,-299
3100,16062,-218
2988,16104,-374
3151,15999,-161
2971,16171,-410
3079,16009,-216
3088,16115,-426
2970,16044,-203
3093,16076,-319
2947,16072,-337
3158,16103,-236
3018,16147,-438
3063,16055,-229
3034,16085,-298
3023,16027,-232
3084,16104,-304
2948,16057,-276
3146,16079,-272
2943,16061,-349
3054,16107,-377
3050,16081,-335
3002,16124,-297
3122,16051,-344
2977,16064,-252
3108,16149,-372
3012,16014,-257
2991,16102,-389
3103,15980,-203
2990,16127,-350
3065,16061,-295
3104,16063,-267
3063,16147,-357
3042,15986,-233
3021,16104,-437
3017,15984,-223
3058,16087,-387
2987,15999,-213
3081,16100,-331
3025,16080,-415
3145,16064,-181
2942,16197,-474
3120,16016,-232
2981,16120,-379
3084,15993,-196
3125,16129,-340
2905,16082,-315
3146,16035,-204
2951,16075,-336
3027,16119,-327
3077,16099,-362
2945,16081,-275
3118,16094,-355
2924,16033,-272
3073,16149,-371
3015,16022,-331
3034,16093,-353
3035,16025,-214
3052,16079,-285
3052,16086,-284
3024,16033,-291
3081,16120,-375
3007,16008,-202
3026,16152,-459
3124,15985,-154
3023,16193,-387
3064,16027,-316
3012,16097,-249
3015,16147,-456
3121,16026,-246
2976,16069,-393
3054,16123,-297
3087,16128,-470
3029,16106,-291
3088,16115,-316
2964,16049,-350
3106,16070,-239
2985,16088,-331
3037,16062,-277
3038,16056,-299
3040,16042,-253
3142,16056,-338
2944,16030,-250
3121,16091,-336
2985,16031,-239
3014,16153,-452
3113,16010,-246
2939,16114,-327
3056,16025,-367
3011,16025,-246
3042,16142,-359
3078,15968,-205
3031,16129,-390
3030,15998,-170
3035,16092,-369
2985,16008,-275
3043,16072,-274
3025,16027,-380
3100,16057,-189
3010,16124,-454
3094,16031,-141
3004,16152,-476
2984,16061,-291
3074,16102,-220
2977,16106,-343
3160,16093,-304
2956,16099,-401
3078,16028,-226
3070,16044,-328
2937,15982,-231
3150,16033,-296
2960,16006,-259
3139,16115,-362
3019,16035,-310
3033,16192,-355
3068,16071,-382
2982,16146,-317
3047,16122,-346
2995,16037,-304
3038,16124,-394
3042,15997,-155
3035,16127,-344
3058,15956,-124
3026,16098,-351
3042,16018,-306
3027,16054,-283
2994,16127,-438
3089,16047,-231
2972,16206,-515
3121,16004,-204
3022,16178,-374
2991,16090,-269
3109,16057,-262
2948,16072,-321
3161,16034,-221
2958,16122,-400
3031,16026,-201
3093,16027,-369
2982,16043,-247
3095,16137,-323
2985,16057,-331
3075,16089,-276
2992,16081,-368
3059,16100,-367
3048,16127,-395
2971,16081,-304
3127,16096,-347
2928,16050,-288
3090,16076,-336
3012,16006,-176
3052,16088,-359
3083,15955,-213
2955,16132,-272
3131,16032,-329
3004,16026,-281
3017,16133,-364
3095,15973,-223
2956,16197,-486
3088,16011,-285
3023,16123,-369
2978,16076,-317
3117,16061,-257
2980,16142,-338
3091,16041,-147
3028,16123,-427
3055,16021,-110
3055,16140,-353
3048,15995,-272
3071,16105,-298
2947,16092,-405
3147,16069,-203
2967,16150,-439
3083,16087,-317
3042,16121,-322
2946,16045,-291
3170,16028,-275
2891,16041,-289
3109,16078,-279
2985,15977,-309
2980,16064,-288
3092,16004,-307
2962,16085,-272
3124,16116,-347
3054,16069,-313
3068,16152,-326
3033,16020,-218
3037,16148,-398
3034,16044,-242
3039,16096,-357
3046,16047,-273
3016,16081,-264
3025,16133,-440
3077,15983,-124
3017,16129,-418
3088,15961,-197
3039,16147,-338
3065,16041,-319
3111,16078,-260
2926,16119,-420
3104,15954,-200
2943,16172,-420
3033,16090,-287
3064,16125,-377
2949,16077,-266
3160,16091,-344
2958,16050,-332
3117,16064,-220
3048,15998,-352
3010,16019,-267
3036,16087,-361
3005,16026,-274
3094,16098,-304
2996,16017,-335
3125,16061,-264
2976,16051,-334
3042,16112,-389
3043,16084,-338
2959,16120,-349
3118,16026,-302
2963,16034,-248
3050,16115,-401
3038,15966,-157
2969,16135,-319
3092,15975,-259
2983,16095,-336
3027,16054,-354
3092,15991,-276
2934,16126,-448
3108,15998,-188
3037,16106,-449
3012,16028,-186
3054,16102,-431
2974,16007,-251
3092,16097,-248
2978,16083,-432
3126,16050,-143
2958,16138,-478
3059,16002,-235
3063,16084,-340
3039,15979,-312
3115,16067,-267
2917,16051,-347
3171,16034,-198
3034,16065,-330
2976,16148,-348
3111,16093,-334
2923,16092,-282
3116,16105,-356
3006,16064,-294
3048,16154,-347
3075,15962,-214
3022,16107,-320
3075,16001,-274
3053,16070,-320
3033,16066,-314
3087,15998,-247
3031,16112,-463
3007,16007,-252
3052,16148,-400
3088,16041,-243
3015,16128,-335
3007,16046,-352
3103,16075,-182
2980,16120,-437
3157,16012,-183
2951,16124,-410
3032,15971,-191
3067,16066,-321
2957,16076,-284
3188,16027,-271
2930,16071,-356
3138,16044,-264
3026,16098,-426
3014,16106,-270
3099,16123,-418
2963,16097,-261
3083,16140,-329
2994,16046,-339
3086,16122,-233
2995,16025,-295
2997,16036,-256
3065,15983,-269
3033,16063,-340
3096,16069,-328
3020,16009,-186
2960,16166,-361
3110,16000,-157
2979,16111,-310
3031,16019,-233
3088,16091,-398
2955,16103,-328
3154,16050,-230
2989,16136,-424
3079,16041,-208
3008,16090,-426
3068,16031,-260
3043,16143,-320
2984,16016,-324
3123,16104,-228
2904,16079,-389
3141,16030,-230
2973,16097,-232
3022,16016,-243
3115,16071,-297
2955,16071,-308
3165,16044,-304
2922,16051,-272
3024,16097,-296
3056,16026,-318
2995,16165,-379
3103,16066,-344
3043,16082,-237
3019,16114,-339
3007,15963,-258
3032,16147,-375
3079,16031,-169
3016,16095,-370
3020,16051,-200
3022,16105,-325
3024,16044,-397
3066,16019,-208
3023,16119,-494
3077,16033,-205
2996,16156,-442
3082,15975,-235
3088,16126,-300
2958,16072,-392
3194,16039,-279
2922,16198,-386
3108,16066,-275
2975,16109,-402
3000,16069,-245
3094,16101,-358
2952,16049,-278
3151,16079,-261
2978,16019,-298
3020,16050,-225
3050,15999,-312
2905,15940,-279
2998,16127,-431
3294,16022,-328
3143,16409,-328
2432,15790,-318
3735,15837,-268
2817,16281,-44
2586,16280,-71
3344,15957,-736
2966,16056,242
3199,16409,-261
3164,16438,-765
2739,16294,-712
3151,15753,100
2953,16353,-410
2902,15930,35
3152,16081,-341
2998,16129,-13
3132,16174,-414
2878,16122,-164
3206,16028,-334
2813,16226,-932
3140,16214,-588
3324,16224,-46
3050,16072,9
2823,15985,-425
2813,15800,-530
3113,15745,50
3155,15824,-138
2991,16148,-357
3187,16224,-234
2829,16345,-747
3120,16132,-638
2943,16141,-367
3154,16013,-40
3115,15922,-86
2945,16134,-381
3101,16062,-241
2983,16015,-158
3033,16066,-306
3073,15999,-291
2960,16235,-492
3124,16013,-313
2985,16196,-499
3027,16083,-269
3112,16047,-230
3071,16017,-298
3076,16006,-143
2951,16095,-440
2986,16054,-160
3033,16183,-452
3096,16107,-289
3144,16149,-314
3017,16028,-421
3099,15884,-164
2920,16007,-352
3128,15944,-156
3004,16225,-309
2999,16123,-268
3082,16148,-416
2903,16049,-342
3118,16036,-311
2984,16109,-336
3086,16170,-342
3120,16139,-407
2978,16121,-234
3058,16042,-315
2968,15908,-187
3058,16041,-242
3024,16004,-261
3124,16128,-341
3054,16085,-269
3026,16094,-362
3012,16033,-401
2997,16030,-360
3077,16089,-414
3019,16097,-266
2993,16162,-360
3064,15999,-174
3007,16090,-275
3086,15985,-210
3056,16023,-178
3021,16127,-404
3152,16041,-257
2916,16142,-414
3081,16018,-154
3028,16127,-407
2955,16049,-220
3119,16097,-333
2939,16054,-335
3140,16030,-282
2986,16078,-410
3060,16085,-111
2998,16072,-398
3043,15985,-253
3039,16085,-302
2976,16036,-284
3175,16050,-247
2959,16043,-293
3108,16120,-382
3054,16118,-321
3035,16130,-275
3093,16080,-333
2907,16095,-244
3098,16139,-451
3069,16013,-254
3012,16120,-375
3114,15942,-184
3006,16082,-250
3059,16005,-278
3069,16008,-248
2994,16117,-330
3107,16038,-150
2965,16142,-441
3042,16095,-231
3053,16170,-465
3040,16092,-235
3093,16160,-402
2964,16084,-314
3117,16084,-310
2938,16058,-395
3123,15990,-132
2987,16004,-337
3076,15943,-190
3063,16044,-289
2951,16065,-260
3147,16113,-296
2968,16120,-328
3087,16219,-302
3068,16167,-419
2981,16161,-288
3122,16086,-354
2904,16035,-269
3092,16043,-317
3031,15987,-263
3043,16055,-232
3085,15988,-193
3054,16060,-314
3036,16090,-318
3034,16064,-410
3053,16148,-357
3069,16086,-252
3049,16199,-447
3029,16074,-250
3052,16172,-367
3049,16001,-248
2991,16083,-196
3004,16071,-405
3144,15982,-145
2986,16138,-422
3106,15944,-174
3013,16070,-350
2987,16056,-304
3169,16063,-335
2921,16121,-399
3153,16078,-231
2957,16121,-445
3062,16094,-195
3040,16111,-455
2988,16035,-218
3089,16074,-244
2941,16085,-352
3146,16104,-397
2993,16055,-205
3016,16160,-437
3093,16057,-309
2986,16157,-310
3043,16012,-307
2997,16023,-247
2993,16100,-352
3166,15940,-122
2958,16136,-387
3031,15984,-189
3009,16082,-425
2995,16118,-326
3105,16124,-354
2978,16118,-473
3066,16064,-186
2971,16104,-507
3064,15983,-110
3020,16089,-357
3021,16003,-218
3044,16099,-261
2917,16070,-339
3173,16020,-232
2930,16122,-450
3117,16021,-289
3035,16054,-351
2978,16091,-274
3168,16081,-328
2912,16070,-251
3156,16090,-307
2998,16000,-300
3034,16157,-307
3053,16044,-310
3004,16090,-268
3049,16064,-310
3043,16024,-235
3047,16123,-347
3059,15989,-220
3036,16131,-379
3039,16008,-157
3054,16115,-312
3087,16064,-299
3047,16100,-261
2979,16075,-446
3036,15996,-130
2980,16143,-467
3098,15964,-142
2996,16154,-331
3028,16062,-280
3146,16044,-275
2916,16120,-398
3154,15999,-172
2929,16153,-450
3057,16013,-200
3102,16083,-355
2929,16061,-239
3099,16148,-324
2985,16072,-362
3113,16105,-245
3009,16073,-437
3094,16106,-266
3092,16096,-347
3003,16051,-248
3039,16070,-323
2947,16022,-236
3134,16027,-341
2988,15990,-291
3073,16070,-371
3048,16016,-267
3007,16109,-338
3139,16058,-348
3056,16091,-203
2929,16146,-413
3124,15964,-199
2964,16210,-425
3090,15973,-248
3060,16113,-355
2956,16103,-240
3127,16007,-247
2940,16134,-395
3146,15961,-126
2992,16086,-459
3032,16013,-178
3060,16119,-434
3041,16055,-299
3130,16128,-320
2944,16111,-361
3113,16071,-198
2950,16097,-440
3105,16034,-276
3012,16094,-364
2980,16015,-264
3148,16041,-226
2911,16041,-259
3019,15953,-330
3020,16072,-260
3092,16071,-313
3099,16131,-380
3059,16200,-399
3041,16164,-403
3045,16070,-339
3036,16016,-213
3051,16006,-147
3087,15973,-172
3030,16035,-287
2929,16135,-432
2921,16154,-375
3068,16132,-364
3142,16085,-267
3133,16082,-211
3002,16073,-233
3007,16070,-245
2993,16016,-238
2910,16073,-283
3042,16038,-250
3090,16076,-339
3027,16104,-400
3001,16155,-414
3029,16141,-377
3123,16007,-198
3126,16012,-122
3039,16010,-181
2963,16050,-208
2985,16091,-409
2948,16188,-467
3013,16077,-338
3112,16114,-377
3200,16049,-234
3017,16104,-337
2912,16095,-227
2931,16042,-220
3103,15954,-201
3049,16044,-257
3012,16137,-352
3002,16134,-391
2994,16144,-462
3004,16162,-363
3089,16018,-199
3134,15967,-159
3115,15934,-167
2954,16032,-236
2921,16109,-346
2988,16120,-444
3101,16109,-386
3072,16072,-331
3113,16035,-227
3093,16034,-331
3032,16124,-367
2997,16082,-297
3021,16030,-262
3107,15987,-212
3036,16017,-308
2949,16148,-426
2980,16142,-497
3158,16118,-425
2972,15961,-266
2952,16075,-354
3023,16115,-293
3067,16074,-352
3169,16098,-396
3057,16126,-304
2996,16120,-383
3030,16071,-250
3038,15977,-187
3055,16006,-179
3003,16017,-197
3051,16106,-367
2937,16096,-474
2961,16186,-439
3000,16124,-331
3179,16037,-286
3207,16056,-253
3063,16133,-314
2957,16065,-287
2978,15990,-249
3005,16003,-310
3079,16080,-295
3097,16107,-378
3125,16157,-479
3042,16135,-396
2990,16138,-295
3041,15992,-139
3135,15989,-141
3059,15994,-248
2932,16083,-328
2961,16119,-386
3032,16072,-430
3072,16119,-384
3086,16088,-327
3117,16027,-157
3061,16079,-258
2947,16004,-248
2892,16041,-280
3091,15993,-223
3155,16037,-327
3058,16142,-420
2940,16150,-472
2998,16134,-417
3055,16066,-293
3069,16035,-218
3139,16006,-117
3085,16001,-128
2984,16043,-360
2916,16116,-340
2952,16138,-415
3110,16077,-340
3120,16059,-324
3084,16090,-327
3004,16151,-236
3070,16089,-340
3013,16009,-233
2992,15950,-142
3063,15949,-214
3065,16068,-316
3004,16186,-539
2982,16213,-421
3123,16112,-326
3134,15970,-275
3142,15926,-84
2974,16036,-197
2960,16018,-310
3011,16116,-375
2975,16110,-428
3056,16133,-357
3142,16088,-339
3130,16080,-396
3025,16078,-273
2966,16061,-277
3070,16035,-255
3080,16028,-205
3032,16069,-288
2996,16085,-354
2969,16075,-480
3081,16139,-449
3045,16116,-304
3125,16126,-327
3163,16020,-186
3080,16023,-210
2936,16038,-231
2918,15996,-236
3016,16035,-394
3114,16092,-403
3087,16198,-436
3037,16173,-424
3060,16078,-342
3043,16087,-304
2991,15996,-117
3045,15917,-145
3082,15962,-250
3003,16082,-391
2928,16222,-547
3020,16170,-455
3143,16104,-400
3164,15990,-198
3061,16008,-176
3033,16046,-261
2954,16001,-282
2935,16095,-375
2978,16039,-255
3102,16036,-323
3088,16066,-386
2961,16167,-444
3018,16173,-380
3054,16075,-282
2988,16065,-215
3008,16037,-316
2947,16088,-435
2972,16157,-421
3067,16140,-350
3239,16129,-341
3117,16090,-294
2979,16050,-191
2963,15994,-181
3020,15947,-195
3059,16054,-271
2985,16062,-314
3044,16165,-398
3050,16165,-465
2986,16147,-396
2999,16108,-251
3116,16000,-150
3131,15949,-164
3030,16044,-215
2918,16107,-305
2922,16124,-413
3058,16048,-348
3082,16081,-375
3098,16070,-248
3107,16108,-319
3026,16068,-309
2950,16077,-271
2993,16066,-242
3087,15945,-206
3079,15999,-254
2997,16142,-423
2937,16200,-463
3063,16166,-432
3075,16093,-323
3087,16114,-169
3083,16013,-117
3076,16022,-142
2859,15960,-253
3015,16656,-428
2667,15661,-1101
3528,16564,195
3727,16011,-316
3223,15489,-82
2912,15506,376
3150,16026,25
3154,15503,731
3037,15896,-715
3509,16414,-108
2907,16277,-518
2809,15753,-483
3353,15789,216
3193,16279,-588
3173,16056,-179
2971,16171,-243
3031,16069,-46
2960,16001,-223
3056,16095,-291
3031,16149,-433
3073,16084,-492
3183,15955,-57
3023,16122,-593
3069,16355,-406
3014,16113,-260
3015,15795,-118
3189,15983,-4
3024,16100,-310
2799,16096,-491
3113,16190,-531
3152,16272,-515
3005,16081,-192
3164,15987,-239
3206,16128,-182
2962,15960,-159
2979,15925,-249
2939,16198,-395
3063,16083,-440
3114,15999,-222
3047,16156,-414
2946,16091,-335
3123,16115,-343
3053,16123,-366
3057,16037,-71
3120,16017,-147
2954,15995,-284
2932,16076,-282
2935,16257,-484
3074,16027,-403
3199,16078,-313
3113,16196,-358
3025,16124,-320
3010,15927,-173
3019,16021,-245
2984,15988,-140
2989,16087,-263
3120,16094,-305
3022,16135,-440
2992,16193,-492
2973,16171,-383
3076,16051,-231
3158,15983,-153
3018,15922,-106
2978,16075,-281
2980,16057,-298
2968,16077,-378
2974,16172,-464
3076,16098,-283
3151,16096,-385
3025,16091,-258
2961,16057,-222
2973,16130,63
2807,16076,90
3030,15913,-284
3514,15983,-1033
3531,16149,-909
2952,15811,-34
3067,15677,55
3092,15922,360
2840,16012,-549
2818,16301,-97
2908,16143,-592
3033,16275,-162
3051,16247,-381
3075,16138,-301
3058,16128,-411
3025,16076,-300
2984,15989,-352
3048,15977,3
3122,15969,-184
3070,16077,-210
2910,16141,-445
2975,16224,-460
3054,16133,-438
3158,16096,-228
3111,16044,-224
3036,16006,-175
3009,16025,-250
2982,16070,-288
2940,16077,-319
3067,16087,-352
3078,16066,-356
3100,16108,-439
3035,16186,-370
3044,16137,-433
3126,15995,-188
3040,15945,-117
3000,15998,-190
2978,16014,-271
3043,16155,-413
2993,16111,-477
3010,16145,-441
3153,16114,-346
3216,15998,-249
3083,16040,-239
2957,16034,-194
2921,15992,-250
3035,15956,-193
3037,16051,-314
3082,16157,-376
3065,16121,-432
3096,16199,-465
3051,16193,-358
3124,15995,-174
3161,15909,-150
3118,15970,-108
2973,16121,-353
2904,16087,-361
2988,16111,-423
3085,16134,-411
3104,16113,-281
3157,16093,-294
3088,16030,-228
3009,16091,-310
2941,16029,-165
3069,15999,-192
3035,15993,-278
3046,16073,-351
2992,16184,-482
3046,16213,-470
3095,16120,-443
3080,16065,-252
3042,16049,-188
3057,15987,-149
2964,16045,-266
2911,16091,-371
2920,16090,-319
3059,16076,-325
3194,16116,-384
3072,16152,-286
2988,16161,-372
2995,16036,-248
2973,15932,-186
3009,15956,-128
3020,16000,-214
3081,16138,-394
2967,16126,-470
2951,16222,-485
3015,16156,-367
3196,16062,-268
3134,16009,-232
3020,16025,-206
2902,16049,-286
2937,16008,-303
3008,16047,-376
3053,16150,-368
3126,16073,-334
3146,16093,-404
3016,16141,-365
2970,16090,-344
3067,15958,-142
3079,15934,-149
3027,15961,-213
2982,16097,-293
2974,16187,-417
3041,16134,-494
3085,16128,-375
3117,16082,-284
3157,16000,-161
3098,16019,-255
3032,16024,-251
3100,16025,-341
3122,16088,-293
3009,16149,-435
3062,16106,-393
3051,16068,-289
3094,16071,-202
3076,15968,-94
3072,15968,-164
3033,16052,-315
2854,16111,-432
2956,16184,-456
3113,16116,-416
3163,16116,-320
3078,16093,-242
2996,16022,-210
3013,15970,-245
2982,16008,-224
2957,16103,-300
3066,16033,-323
3081,16083,-348
3053,16150,-424
2951,16155,-351
3066,16111,-336
3091,15972,-192
3057,16007,-185
3009,16033,-186
2998,16043,-273
3007,16065,-421
3007,16102,-350
3081,16093,-340
3187,16107,-384
3181,16117,-249
2992,16113,-296
2917,16020,-160
3070,16007,-205
3115,15946,-232
3094,16065,-226
3043,16119,-359
3050,16135,-492
3017,16138,-457
3059,16117,-358
3119,16011,-175
3146,15928,-166
3082,16016,-221
2945,16073,-274
2910,16072,-360
3020,16106,-400
3077,16119,-367
3110,16187,-362
3055,16115,-286
2993,16032,-307
3021,16089,-254
2998,16063,-167
3020,16009,-234
3062,16005,-229
3007,16100,-435
2968,16148,-439
3029,16154,-416
3089,16088,-375
3116,16050,-214
3061,16033,-124
3026,16064,-249
2953,16005,-292
2906,16116,-409
3031,16021,-301
3141,16078,-345
3161,16118,-433
3050,16152,-440
2951,16125,-304
2977,16055,-212
3069,15999,-194
3047,16037,-194
3022,16009,-235
2967,16002,-335
2960,16120,-440
2971,16192,-483
3059,16198,-380
3226,16065,-290
3122,16022,-221
2971,16024,-144
2941,15992,-186
3000,15991,-312
3036,16070,-391
3041,16091,-297
3099,16106,-281
3074,16076,-369
2963,16101,-391
3032,16085,-317
3089,16002,-304
3162,16010,-209
3049,16032,-252
3007,16099,-307
2973,16050,-292
3097,15973,-329
3129,16083,-294
3150,16080,-207
3140,16080,-328
3044,16034,-305
2927,16082,-294
2983,16023,-237
3057,15956,-196
3122,16045,-350
3112,16144,-361
2989,16217,-474
3065,16142,-385
3054,16063,-233
3112,16013,-197
3033,15930,-99
2923,16152,-395
3031,16159,-420
3206,16066,-305
3138,16073,-278
3041,16063,-246
2976,16054,-237
3029,16030,-246
3000,16088,-283
3031,16088,-306
3087,15981,-256
3068,16053,-359
3032,16115,-435
3036,16149,-419
3138,16071,-318
3175,16018,-244
3070,16046,-137
2921,16014,-181
2962,16029,-285
3006,16079,-436
3017,16077,-386
3100,16147,-340
3139,16110,-287
3108,16088,-400
3014,16144,-349
2927,16009,-244
3096,15962,-173
3070,15987,-229
3006,16105,-367
2966,16090,-340
3033,16189,-503
3054,16208,-400
3067,16096,-282
3129,16004,-186
3124,15950,-173
3038,16039,-265
2912,16149,-326
2949,16100,-328
3083,16073,-348
3100,16124,-303
3073,16081,-334
3061,16085,-311
3070,16033,-370
3037,16084,-280
3037,16053,-197
3081,16038,-212
3013,15979,-296
2955,16111,-392
2929,16139,-478
3059,16095,-423
3127,16069,-368
3092,16043,-245
3059,16055,-190
2949,15990,-216
2936,16017,-264
2969,16020,-249
3007,16028,-315
3152,16099,-375
3078,16139,-405
3015,16157,-400
2963,16081,-258
3028,15979,-206
3112,15971,-131
3028,15977,-144
2984,16044,-313
2980,16037,-359
2940,16138,-468
3033,16169,-405
3109,16041,-234
3167,16002,-252
3128,16035,-200
2954,16121,-299
2975,16091,-222
3017,16015,-286
3109,16013,-298
3024,16056,-232
3088,16065,-324
3089,16120,-381
3027,16181,-435
3035,16098,-244
3105,16029,-154
3087,15962,-151
2935,15996,-266
2936,16121,-358
3016,16087,-419
3139,16128,-367
3115,16098,-310
3081,16073,-212
3069,16036,-278
3003,16044,-287
2922,16059,-238
3017,16033,-199
3105,16035,-281
3142,16082,-377
2953,16166,-438
3004,16126,-385
3031,16055,-313
3150,16045,-228
3096,16030,-192
3030,16028,-193
2992,16057,-331
2914,16056,-326
2912,16120,-368
3063,16101,-356
3154,16066,-365
3152,16157,-397
3010,16086,-266
2996,16073,-326
3051,16014,-175
3074,15975,-242
3030,16122,-431
2999,16180,-484
3039,16121,-355
3126,16022,-250
3194,15952,-112
3052,16019,-213
2923,16066,-273
2935,16108,-372
2996,16061,-357
3063,16105,-323
3141,16104,-298
3095,16080,-273
3060,16120,-373
2982,16113,-291
3064,16035,-255
3145,15959,-125
3079,16007,-261
3026,16076,-320
2922,16099,-381
3060,16116,-469
3088,16109,-369
3174,16145,-291
3110,16010,-169
3079,15972,-234
2956,16068,-203
2905,16058,-291
2976,16077,-250
3095,16057,-367
3119,16069,-322
3076,16163,-375
3055,16131,-315
3053,16058,-325
3054,15988,-144
3011,16002,-138
3041,15985,-138
3022,16076,-325
2971,16167,-414
2974,16144,-340
3076,16088,-387
3134,16069,-280
3064,16044,-241
2940,16069,-235
3006,16049,-293
2945,16055,-272
2973,16055,-241
3068,16058,-229
3123,16069,-358
3028,16153,-452
2962,16188,-392
2971,16124,-287
3169,16029,-186
3092,15971,-118
3033,16059,-194
2888,16013,-277
2977,16099,-388
3033,16121,-486
3029,16147,-342
3149,16120,-341
3181,16068,-233
3002,16020,-223
2955,16062,-264
3013,16008,-225
3072,16007,-283
3090,16068,-288
2993,16128,-362
3060,16108,-427
3027,16144,-358
3044,16089,-330
3092,16037,-211
3126,15974,-117
3088,16012,-228
2910,16071,-290
2905,16122,-399
3021,16050,-362
3116,16080,-320
3129,16114,-303
3056,16132,-333
3019,16077,-363
2989,16063,-270
2992,16037,-251
3051,16007,-136
3099,16004,-314
3088,16092,-346
2950,16194,-491
3041,16157,-440
3105,16077,-356
3179,16093,-244
3096,16042,-156
3021,15988,-204
2992,16041,-254
2995,16127,-406
2984,16129,-400
3104,16048,-345
3183,16080,-344
3082,16140,-325
2984,16067,-266
3045,16030,-292
3049,15966,-182
3028,16031,-239
2975,16074,-249
3018,16099,-394
3051,16160,-518
2994,16155,-430
3085,16055,-304
3177,16017,-175
3145,16050,-203
3018,16070,-282
2904,16088,-272
2986,16058,-337
3090,16108,-338
3049,16183,-414
3069,16165,-376
2989,16092,-240
3107,15984,-117
3095,15897,-164
3041,16041,-265
2901,16110,-360
2926,16164,-453
3027,16113,-467
3105,16103,-318
3105,16126,-194
3102,15997,-221
2981,15979,-258
2928,16061,-279
2909,16095,-288
3015,16039,-317
3091,16043,-332
3044,16159,-404
2985,16199,-381
3054,16144,-404
3064,16072,-306
3065,16034,-150
3003,15976,-156
3028,15966,-161
2953,16076,-422
2973,16163,-420
2999,16100,-381
3153,16080,-356
3156,16028,-253
3060,16098,-292
2976,16072,-206
2979,16014,-242
2989,16040,-195
3012,16027,-246
3086,16052,-250
3031,16090,-373
2982,16172,-445
2989,16181,-415
3050,16078,-240
3181,16043,-190
3097,15999,-152
3003,16055,-192
2922,16013,-271
2925,16074,-396
3048,16095,-397
3058,16134,-373
3155,16137,-338
3126,16048,-286
3012,16028,-264
2985,16000,-190
3070,15983,-137
3089,15981,-275
3002,16079,-320
3000,16171,-445
3055,16136,-418
3085,16104,-392
3120,16053,-301
3132,16055,-62
3126,16016,-236
3041,16008,-207
2938,16094,-330
2948,16042,-401
3058,16035,-323
3145,16110,-384
3125,16166,-354
3055,16132,-424
3060,16048,-298
2996,16018,-239
3038,15976,-166
3071,16010,-135
3042,16052,-309
2966,16132,-413
2941,16162,-468
3063,16137,-431
3170,16037,-263
3171,16067,-213
3075,16032,-154
3007,15979,-176
2966,16000,-302
2931,16079,-345
3020,16107,-379
3082,16039,-385
3126,16148,-421
3065,16162,-354
2997,16146,-375
3117,16008,-213
3100,15961,-161
3049,16012,-207
2981,16017,-228
2965,16075,-421
2960,16184,-454
3019,16164,-432
3105,16118,-278
3206,16003,-202
3105,16076,-227
2950,16040,-199
2905,16003,-234
3052,16001,-217
3050,16040,-283
3043,16146,-400
3020,16154,-357
3041,16144,-479
3070,16115,-367
3102,16020,-207
3126,15957,-156
3080,15939,-122
2967,16063,-287
2906,16084,-279
3131,16145,-405
3065,16007,-311
3012,16073,-338
3123,16147,-364
3127,16142,-300
3064,16172,-413
2985,16058,-280
3008,16006,-166
3146,15958,-82
3093,15993,-195
2986,16137,-353
2915,16119,-417
3058,16117,-476
3042,16111,-433
3082,16087,-290
3176,16075,-242
3119,16032,-179
2980,16029,-282
2911,16038,-214
2959,15980,-249
3057,16037,-368
3062,16118,-384
3021,16158,-425
3019,16109,-422
3089,16101,-344
3079,16063,-201
3061,15965,-104
3076,15874,-151
3007,16006,-297
2913,16146,-386
2945,16152,-483
3105,16136,-438
3145,16133,-303
3061,16028,-171
3041,16062,-167
2951,15960,-214
2958,16024,-275
2980,16031,-195
3126,16113,-323
3028,16076,-306
3004,16015,-191
3077,15929,-66
3087,15917,-149
3003,16095,-331
2953,16185,-428
2992,16212,-537
3118,16153,-424
3094,16048,-277
3090,15974,-73
3121,15976,-177
2969,16019,-240
2891,16132,-302
3006,16015,-270
3075,16125,-349
3114,16092,-349
2996,16163,-421
3076,16116,-435
3048,16040,-290
3121,16048,-209
3075,16022,-89
3030,16009,-195
3049,16055,-335
2901,16103,-407
2970,16118,-469
3083,16106,-388
3194,16129,-333
3096,16157,-303
3042,16082,-185
3020,16015,-184
2970,15978,-158
3063,16104,-380
3065,16074,-281
3007,16040,-300
3073,16105,-418
3094,16192,-547
3077,16008,-164
3061,16009,-221
3047,16127,-346
3098,15948,-98
2928,16136,-424
3056,16164,-469
3019,16072,-149
2930,16088,-272
3145,16136,-402
3140,16051,-110
3010,16140,-461
3069,16153,-404
3025,15975,-170
3166,16042,-280
3134,16041,-182
2951,16094,-407
3042,16083,-280
2928,16084,-250
3132,16168,-423
3084,16182,-439
2973,16091,-291
3078,16019,-262
2974,16079,-380
3077,15914,-90
2976,16142,-465
3032,15968,-113
3055,16190,-451
3023,16015,-188
3081,16133,-390
3051,16072,-332
2956,16118,-515
3111,15972,-114
2963,16145,-432
3039,15970,-144
3096,16137,-363
2915,16064,-300
2895,16066,-318
3110,15964,-148
3018,16144,-354
3032,16096,-250
2926,16028,-248
3114,16138,-426
2936,16052,-307
3068,16142,-262
3033,16001,-246
3027,16069,-221
3061,16070,-321
3013,16035,-249
3065,16082,-402
3091,16191,-492
2999,16018,-173
3044,16159,-425
3071,15968,-178
2974,16120,-283
3025,16073,-378
3163,16016,-160
3143,15991,-104
3026,16140,-472
3032,16025,-148
3091,16165,-446
2994,16023,-251
3128,16136,-341
2954,16057,-380
3127,16044,-214
2964,16065,-355
3082,16005,-181
3086,16077,-290
3005,16035,-253
3163,16073,-347
2930,16035,-215
3095,16197,-448
3048,16042,-274
2997,16169,-366
3082,16021,-263
3036,16054,-216
3060,16134,-427
3114,15963,-124
3015,16224,-437
3059,15963,-131
3014,16134,-391
3016,16011,-203
3083,16081,-346
2946,16103,-370
3113,16035,-143
2994,16119,-456
3079,15992,-103
3040,16208,-522
3037,15987,-123
3087,16173,-376
2982,16064,-294
3169,16096,-245
2905,16140,-463
3144,16001,-186
2970,16094,-334
3001,15961,-193
3110,16062,-396
2922,15982,-172
3204,16106,-361
2923,16011,-266
3055,16148,-334
3070,16093,-320
3007,16121,-279
3075,16098,-329
2998,16005,-245
3054,16184,-438
3010,15993,-231
3118,16132,-422
3011,15960,-117
3019,16068,-311
3079,15992,-219
3047,16035,-293
3082,16096,-394
3002,15980,-101
3008,16171,-505
3100,15998,-170
3035,16241,-467
3062,16008,-173
3071,16110,-325
2951,16052,-382
3196,16027,-209
2917,16147,-449
3053,15965,-100
3017,16065,-397
3007,15983,-121
3127,16128,-466
2933,15978,-180
3168,16079,-289
2914,16051,-424
3072,16127,-330
2986,16148,-454
3110,16065,-226
3039,16137,-365
2970,16013,-167
3191,16132,-351
2996,16029,-263
3164,16080,-342
3029,15919,-174
3003,16043,-273
3079,16035,-315
2975,16033,-198
3100,16157,-454
3091,15995,-131
2967,16239,-454
3127,16002,-195
3034,16200,-447
2983,16056,-220
3071,16077,-230
2968,16128,-344
3157,15985,-177
3015,16125,-398
3074,15959,-85
3009,16129,-473
3056,15956,-133
3124,16155,-367
2994,16042,-342
3134,16068,-194
2944,16140,-447
3140,16056,-270
2991,16179,-466
3028,16030,-184
3100,16109,-350
2917,16061,-219
3199,16135,-305
2986,16063,-292
3118,16097,-274
3053,15964,-232
2990,16069,-168
3089,16102,-414
2970,16008,-242
3102,16141,-423
3010,15980,-213
3079,16198,-478
3029,16063,-262
3098,16130,-346
3001,16054,-246
3038,16034,-251
3055,16111,-434
3046,15989,-100
3019,16128,-450
3104,15942,-69
3048,16212,-490
3044,15987,-255
3073,16122,-348
2930,16077,-369
3137,16009,-194
2857,16191,-474
3170,16062,-107
3014,16169,-453
2962,15982,-142
3161,16112,-345
2916,16012,-277
3099,16078,-269
2974,16083,-383
3070,16067,-190
3058,16116,-395
3023,16033,-122
3087,16163,-430
3008,16032,-255
3151,16149,-350
2995,16021,-243
3128,16135,-402
2987,16056,-302
2999,16069,-304
3084,16001,-276
2973,15984,-182
3087,16104,-430
3073,15932,-119
3020,16190,-518
3091,15951,-172
3016,16188,-488
3082,15998,-281
3112,16091,-245
2956,16111,-450
3145,15937,-165
2976,16160,-443
3066,15953,-101
3083,16174,-466
3004,16011,-186
3160,16097,-303
2991,16058,-358
3149,16070,-191
2981,16137,-500
3126,15954,-102
2978,16167,-444
3036,15965,-180
3067,16140,-403
2954,16069,-225
3189,16084,-340
2900,16086,-250
3140,16150,-362
3025,16111,-377
3006,16056,-254
3145,16064,-378
2980,15983,-213
3079,16134,-424
3070,15943,-147
3016,16182,-366
3064,15984,-246
3076,16135,-215
3065,16147,-322
3041,16037,-299
2999,16159,-451
3038,16007,-204
3030,16154,-469
3074,15997,-113
3028,16187,-413
3025,15993,-167
3035,16039,-277
3008,16075,-403
3127,16001,-185
2949,16201,-525
3111,15986,-129
3020,16165,-421
3013,16033,-247
3180,16086,-348
2926,16063,-244
3173,16003,-238
2908,16086,-430
3096,16087,-239
3060,16106,-425
2997,15978,-201
3120,16143,-405
2967,16001,-205
3100,16147,-366
2972,15977,-230
3088,16075,-258
3023,16079,-295
3057,16111,-246
3119,16140,-340
2987,16074,-219
3005,16135,-465
2954,16215,-544
3085,15946,-142
3053,16183,-476
3008,16070,-266
3141,16106,-365
2944,16061,-268
3099,16021,-102
2983,16112,-452
3061,15973,-140
3034,16147,-478
3021,15986,-181
3137,16135,-407
2928,16055,-271
3184,16108,-353
2937,16071,-446
3172,16034,-259
3045,16060,-327
3021,16009,-261
3148,16109,-375
2954,16011,-182
3171,16113,-397
2997,15984,-192
3029,16179,-393
3073,16039,-361
2984,16049,-304
3002,16035,-324
3020,16036,-247
3013,16194,-499
3124,15985,-156
3087,16163,-447
3021,15988,-152
3059,16138,-462
3008,16042,-232
3094,16086,-297
2979,16056,-402
3103,15968,-107
2944,16187,-548
3129,15986,-123
3006,16185,-410
3004,15978,-223
3132,16109,-312
2935,16080,-396
3221,16034,-219
2908,16155,-478
3099,15996,-148
3069,16071,-394
2982,16017,-159
3179,16126,-431
2980,16015,-199
3146,16127,-314
2993,16065,-335
3051,16105,-375
3013,16079,-371
3039,16027,-275
3056,16109,-296
2962,16015,-230
3114,16158,-396
3013,15988,-135
3073,16133,-450
3050,15941,-171
3016,16160,-446
3062,16048,-322
3071,16074,-189
2950,16149,-451
3099,15893,-99
2983,16194,-556
3090,15935,-178
3041,16142,-420
2962,15988,-230
3181,16075,-271
2926,16119,-401
3130,16032,-168
2988,16171,-517
3068,16028,-146
3093,16160,-472
2963,16002,-244
3134,16113,-395
2967,16000,-320
3130,16071,-167
2923,16079,-347
3123,16023,-279
3000,16115,-399
3002,16020,-225
3105,16105,-454
2940,16054,-237
3159,16133,-412
2996,15983,-268
3066,16144,-338
3077,16005,-214
3026,16148,-365
3120,16068,-382
3023,15958,-164
3020,16152,-380
3062,15935,-201
3006,16124,-492
3065,15977,-203
3047,16105,-371
3001,16021,-224
3090,16055,-237
3007,16092,-428
3068,15992,-169
3052,16176,-502
3093,15995,-106
3012,16227,-475
3061,15988,-268
3094,16112,-299
2921,16065,-323
3162,15985,-159
2911,16132,-412
3147,16018,-185
3047,16134,-425
2968,16008,-177
3189,16121,-415
2873,16082,-232
3147,16142,-410
3013,15997,-260
3040,16091,-310
3094,16092,-348
3027,16053,-253
3105,16103,-418
2986,15946,-244
3032,16128,-326
3002,15959,-218
3100,16147,-453
3031,16050,-262
3011,16147,-328
3048,16067,-380
3021,16047,-200
3084,16175,-520
3128,15948,-102
2984,16202,-499
3076,15922,-126
3043,16127,-447
3032,16017,-299
3103,16034,-242
2885,16099,-351
3148,15925,-123
2970,16178,-499
3051,16012,-127
3119,16162,-508
2933,16013,-266
3132,16178,-407
2923,16070,-366
3125,16058,-270
2944,16021,-332
3071,16053,-146
3020,16091,-342
3052,16039,-236
3151,16103,-397
2930,16024,-262
3094,16032,-298
2920,16032,-240
3100,16114,-375
3076,16122,-371
2994,16086,-275
3083,16091,-435
2943,15984,-198
3062,16181,-519
3113,15918,-186
3030,16214,-444
3058,16016,-219
3064,16128,-397
3009,16082,-327
3066,15990,-224
2953,16118,-401
3082,15950,-139
3019,16170,-550
3042,15952,-108
3086,16191,-444
3010,16025,-237
3154,16174,-340
2966,16132,-440
3141,16037,-210
2934,16121,-521
3151,15977,-121
3052,16135,-386
2958,16002,-188
3173,16065,-333
2869,16002,-272
3125,16047,-262
2982,16022,-344
3004,16116,-338
3089,16087,-468
2976,16061,-261
3147,16125,-377
2928,16026,-261
3079,16149,-389
3026,15962,-177
3042,16093,-381
2997,16007,-245
3062,16060,-379
3068,16099,-337
3000,16027,-231
3040,16185,-492
3038,15992,-126
2996,16204,-570
3088,15942,-178
3012,16133,-379
3043,16080,-323
3094,16104,-232
2953,16151,-449
3134,15956,-143
2977,16121,-471
3026,15979,-154
3066,16105,-412
2919,16049,-254
3165,16068,-307
2938,16075,-317
3153,16061,-213
3024,16103,-477
3078,16078,-196
3066,16169,-456
3004,16002,-215
3064,16100,-414
2922,16030,-208
3083,16197,-518
3030,15977,-207
3002,16240,-467
3098,15989,-225
2998,16112,-284
2985,16085,-353
3132,16018,-214
2946,16163,-474
3089,15964,-104
3023,16178,-489
3002,15971,-168
3064,16108,-422
3008,16082,-285
3121,16114,-264
2972,16095,-428
3112,15993,-123
2966,16203,-501
3076,15986,-161
3062,16177,-373
2970,16028,-254
3161,16103,-353
2875,16075,-340
3175,16064,-313
2961,16048,-333
3053,16024,-225
3134,16076,-382
2952,16053,-227
3147,16111,-353
2977,15975,-193
3079,16184,-445
3018,15989,-253
3048,16136,-348
3066,16054,-366
3031,16063,-293
3041,16112,-402
3078,16016,-231
3055,16206,-499
3024,15963,-130
3025,16130,-431
3039,15965,-195
3045,16118,-331
3080,16049,-341
3063,16019,-207
2969,16143,-481
3113,15955,-154
2979,16235,-499
3101,16011,-175
3075,16143,-448
2960,16063,-289
3202,16065,-311
2891,16132,-412
3132,16042,-226
2979,16028,-410
3017,15999,-99
3075,16121,-448
3035,16022,-189
3144,16134,-425
2985,16004,-296
3070,16163,-311
2976,16077,-362
3077,16043,-340
3009,16079,-378
2994,16051,-273
3111,16069,-385
2977,16015,-215
3128,16133,-484
3006,15963,-164
3039,16118,-310
3066,16022,-247
3021,16133,-377
3069,16099,-399
3060,16022,-178
2947,16192,-503
3119,15960,-225
2993,16167,-456
3030,15999,-176
3029,16105,-403
2942,16064,-264
3175,16093,-231
2984,16102,-482
3066,15999,-186
3009,16110,-518
3067,15963,-122
3072,16161,-424
2974,16015,-255
3127,16110,-317
2903,16107,-339
3161,16053,-184
2988,16102,-410
3039,16068,-317
3139,16132,-380
2933,16084,-278
3149,16104,-435
2933,16005,-257
3114,16065,-292
3062,15978,-197
2978,16116,-255
3061,16026,-343
3002,16113,-320
3038,16163,-441
3087,16011,-246
3005,16202,-487
3016,15995,-260
3064,16215,-477
2991,16018,-191
3080,16038,-301
3025,16063,-335
3095,16019,-138
3015,16152,-452
3066,15919,-117
3004,16179,-503
3136,15988,-210
3098,16139,-428
2929,16086,-422
3146,16038,-296
2901,16097,-368
3153,15956,-136
3008,16106,-416
3022,16032,-158
3119,16130,-405
2894,15993,-202
3146,16112,-372
2953,16048,-410
3094,16149,-346
3037,16086,-320
3057,16089,-274
3062,16127,-367
3021,16029,-293
3124,16146,-368
2959,15990,-214
3065,16082,-418
2932,16045,-249
3014,16074,-370
3090,15952,-243
2974,16132,-310
3110,16135,-444
3114,16013,-255
2964,16217,-503
3101,15940,-176
2997,16208,-419
3075,15972,-208
3149,16105,-339
2870,16073,-347
3132,16000,-230
2975,16101,-425
3032,15960,-173
3037,16124,-502
3016,16036,-160
3065,16154,-388
2979,16058,-313
3108,16102,-294
2953,16138,-470
3117,16023,-225
2979,16111,-337
3069,15973,-219
3071,16097,-348
2960,16006,-274
3222,16063,-314
2899,16062,-243
3081,16104,-434
2998,16040,-326
2981,16069,-357
3096,15986,-366
2956,16098,-291
3056,16142,-409
3103,15991,-299
3056,16181,-444
3047,15982,-189
3053,16175,-378
3020,16049,-292
3076,16052,-353
2971,16103,-390
3069,16008,-179
2970,16122,-452
3046,15960,-119
3008,16219,-506
3054,15948,-189
3058,16132,-366
3009,16075,-324
3154,16052,-282
2987,16210,-483
3127,15998,-163
3007,16176,-455
3040,15947,-180
3140,16080,-416
2911,16001,-220
3194,16060,-324
2976,16043,-335
3042,16153,-331
3044,16060,-412
2979,16075,-231
3045,16143,-354
3026,16020,-288
3128,16173,-368
3017,16015,-323
3096,16112,-374
2996,16042,-196
3015,16044,-299
3061,16029,-275
2974,16089,-238
3123,16098,-393
2974,15983,-203
3001,16190,-498
3078,15959,-180
3007,16224,-469
3110,16039,-272
3094,16114,-316
2950,16153,-396
3175,16008,-228
2918,16197,-466
3106,16005,-126
3022,16137,-474
2997,16004,-147
3131,16133,-412
2939,15998,-267
3191,16092,-390
2928,16127,-374
3173,16056,-328
3012,16040,-314
2985,16055,-251
3117,16019,-324
2967,16063,-219
3164,16126,-358
3047,15950,-192
3008,16173,-457
3043,15960,-245
3036,16137,-407
3035,16100,-287
3068,16074,-368
3043,16149,-391
3067,16023,-242
3048,16144,-486
3037,15943,-82
3032,16123,-450
3027,15929,-278
3032,16080,-363
2980,16012,-338
3094,16023,-165
2926,16198,-528
3151,16006,-155
2943,16237,-488
3022,16040,-258
3149,16119,-368
2887,16091,-349
3174,16013,-307
2950,16090,-356
3116,16030,-203
3079,16015,-378
2942,16033,-167
3162,16070,-373
2991,16002,-317
3106,16117,-330
3040,15941,-326
3065,16138,-374
3002,16129,-373
3060,16084,-321
3024,16094,-343
2963,16044,-261
3105,16143,-455
3029,16020,-163
3094,16116,-499
3077,15952,-179
3000,16178,-436
3085,15975,-247
2967,16125,-281
2975,16095,-410
3084,15988,-205
2924,16186,-573
3133,15972,-222
3044,16170,-492
2985,16067,-207
3154,16099,-344
2920,16075,-317
3127,16036,-253
2975,16078,-418
3034,15987,-144
3034,16093,-393
2986,16017,-250
3108,16133,-413
2967,16073,-356
3107,16106,-385
2942,16073,-388
3155,16113,-357
2985,16137,-424
3000,16089,-308
3140,16029,-299
2933,16069,-244
3114,16086,-431
3042,15969,-171
3086,16188,-346
3065,15926,-224
3000,16144,-407
3074,16081,-354
3026,16030,-331
2974,16174,-426
3069,16003,-197
3040,16151,-485
3040,16018,-205
3087,16107,-429
3016,16042,-194
3112,16061,-286
3005,16113,-427
3067,16060,-178
2994,16179,-550
3098,15981,-167
2969,16160,-446
3071,15979,-295
3085,16097,-403
2947,16046,-286
3192,15969,-243
2920,16099,-404
3103,16100,-245
3033,16120,-416
2981,16121,-320
3178,16079,-450
2956,16072,-300
3146,16126,-369
2992,16027,-336
3070,16079,-251
3073,16031,-309
3029,16072,-237
3067,16111,-347
3013,16010,-235
3083,16117,-422
2969,16025,-225
3080,16139,-506
3040,16083,-246
2986,16155,-442
3095,16042,-273
2958,16087,-242
3039,16098,-409
3054,15970,-195
2961,16162,-509
3076,15902,-171
3013,16096,-429
3021,16055,-298
3153,16053,-304
2940,16111,-441
3107,16009,-163
3006,16142,-476
3053,16084,-243
3092,16111,-395
2948,16100,-273
3095,16105,-369
2982,16064,-365
3128,16038,-258
2986,16068,-417
3083,16013,-207
2991,16088,-355
3020,16075,-273
3111,16113,-385
2975,16104,-276
3164,16112,-392
2948,16057,-263
3049,16149,-441
3076,16047,-333
2960,16083,-335
3071,16030,-356
2956,15999,-217
3036,16141,-387
3060,15944,-172
3028,16191,-393
3031,15999,-232
3089,16138,-478
3021,16069,-305
3088,16051,-309
3026,16077,-400
3069,16044,-201
3013,16159,-500
3047,15999,-173
3021,16146,-429
3031,15958,-195
3122,16073,-322
2968,16070,-413
3132,16016,-235
2923,16080,-452
3099,15985,-223
2998,16071,-364
2925,16049,-290
3178,16102,-388
2877,16065,-340
3180,16073,-263
2960,16027,-345
3029,16113,-342
3079,16094,-397
2979,16110,-260
3097,16150,-404
2970,16014,-242
3085,16162,-384
3035,15985,-221
3047,16087,-417
3026,15999,-205
3026,16142,-443
3050,16088,-377
2981,16052,-308
3040,16092,-465
3031,16006,-181
2990,16193,-550
3105,15928,-178
3001,16163,-407
3012,16029,-288
3153,16076,-263
2932,16153,-388
3143,15967,-183
2962,16173,-492
3089,16020,-174
3080,16125,-466
2975,16059,-313
3168,16100,-368
2970,16063,-329
3108,16077,-199
3001,16064,-399
3052,16031,-245
3041,16140,-403
2989,15991,-231
3090,16113,-367
2946,16080,-379
3153,16125,-373
2951,16032,-267
3110,16080,-327
3027,16015,-307
2983,16120,-351
3135,16060,-372
3009,16016,-214
3030,16167,-428
3018,16022,-169
3007,16185,-434
3088,15985,-187
3014,16123,-376
2977,16063,-355
3108,16021,-262
2953,16089,-461
3087,16000,-147
2965,16159,-430
3163,16000,-189
3009,16185,-416
3031,16048,-245
3159,16092,-347
2869,16083,-351
3165,16056,-322
2975,15999,-296
3013,16050,-277
3116,16076,-335
2964,16094,-275
3159,16093,-385
3007,15988,-286
3057,16170,-459
3052,16018,-276
3034,16149,-372
3061,16042,-339
3030,16061,-322
3016,16075,-308
3003,16007,-247
3052,16111,-390
3060,16033,-169
3078,16193,-464
3045,16000,-186
3052,16148,-427
3055,16027,-404
3041,16001,-258
2899,16117,-412
3122,15955,-185
2932,16214,-453
3105,16018,-201
3047,16146,-419
2988,16077,-285
3210,16084,-360
2898,16078,-389
3146,16081,-283
3004,16061,-368
3065,16008,-185
3078,16092,-406
2991,16000,-290
3107,16124,-306
2960,16051,-300
3104,16095,-262
2967,16114,-406
3127,16091,-338
3027,16097,-391
3020,16082,-284
3091,16061,-394
2962,16078,-299
3110,16142,-419
3068,15995,-184
3021,16173,-458
3096,16021,-239
2999,16129,-373
3089,16114,-365
3075,16004,-254
2952,16099,-456
3097,15961,-256
2998,16178,-481
3020,16024,-229
3087,16112,-413
2963,16047,-339
3113,16057,-293
2982,16085,-407
3064,16000,-136
2951,16114,-478
3057,15969,-179
3030,16184,-448
3020,16043,-307
3151,16083,-345
2913,16084,-395
3121,16006,-228
2930,16105,-423
3037,16032,-286
3071,16103,-352
2910,16085,-287
3162,16098,-356
2954,16080,-333
3084,16128,-386
3048,16008,-279
3011,16095,-295
3089,16057,-342
3001,16071,-310
3077,16110,-355
3057,16039,-258
2960,16168,-443
3019,15976,-189
3036,16140,-496
3036,15989,-218
3066,16124,-345
3061,16081,-357
3075,16084,-247
3029,16175,-496
3097,15950,-127
2917,16164,-515
3061,15931,-238
3083,16116,-389
2944,16072,-359
3207,16011,-248
2886,16118,-360
3140,15969,-211
2954,16124,-477
2969,16054,-215
3160,16112,-440
2959,16070,-306
3105,16136,-409
2952,16061,-359
3092,16106,-291
3012,16014,-331
3015,16026,-223
3025,16102,-313
3013,16037,-345
3060,16074,-385
2990,16027,-273
3092,16157,-442
2983,16032,-271
3045,16152,-430
3071,16020,-256
2991,16111,-319
3047,16079,-405
3134,16002,-183
2991,16162,-497
3164,15944,-132
2985,16164,-426
3067,15977,-262
3076,16099,-349
2945,16084,-358
3108,16030,-261
2975,16129,-455
3093,15996,-190
3005,16147,-522
3060,16022,-188
3071,16117,-400
3011,16011,-251
3122,16100,-336
2937,16092,-420
3116,15992,-202
2956,16115,-369
3064,16018,-241
3066,16100,-397
2960,16100,-289
3167,16126,-386
2903,16070,-282
3081,16142,-423
3008,16070,-332
2977,16121,-341
3086,16014,-268
3002,16050,-284
3015,16120,-370
3092,15985,-233
3034,16135,-365
3021,15954,-253
3021,16100,-395
3025,16048,-279
3100,16131,-396
3028,16124,-387
3031,16057,-178
2986,16152,-459
3044,16009,-153
2994,16176,-508
3041,15950,-175
3005,16135,-368
2982,16031,-343
3164,16011,-256
2889,16155,-434
3158,15970,-251
3000,16105,-417
3040,16039,-289
3091,16083,-402
2925,16032,-275
3177,16105,-316
2954,16033,-332
3098,16103,-324
3036,16086,-395
2983,16046,-267
3031,16108,-400
3007,16043,-282
3107,16115,-415
3005,16040,-317
3105,16126,-357
3008,16078,-230
3048,16057,-338
3054,16019,-292
2977,16112,-321
3138,16107,-397
2993,16019,-199
2989,16206,-496
3044,15943,-213
3017,16229,-430
3027,16009,-228
3056,16133,-329
2962,16087,-407
3142,16030,-263
2936,16177,-505
3111,15996,-181
3032,16140,-473
3004,16066,-213
3101,16102,-421
2904,16019,-279
3118,16032,-233
2944,16069,-442
3121,16027,-249
2975,16136,-446
3073,16014,-230
3066,16107,-415
2956,16033,-275
3172,16131,-389
2948,16112,-391
3181,16088,-331
3019,16015,-250
3032,16106,-244
3070,16075,-345
2992,16066,-246
3123,16121,-406
3043,15989,-266
3020,16157,-464
3044,16022,-114
3033,16170,-486
3041,15998,-196
3052,16152,-367
2986,16040,-361
3103,16041,-176
2927,16123,-465
3152,15991,-178
2959,16156,-434
3045,15988,-256
3087,16081,-393
2919,16062,-332
3207,16075,-320
2935,16093,-419
3087,16033,-225
3045,16079,-369
3002,16055,-197
3091,16117,-438
2996,16026,-243
3107,16122,-339
3000,16000,-312
3025,16127,-409
2978,16041,-292
3041,16122,-331
3021,16029,-291
3001,16053,-266
3086,16072,-437
3017,15998,-214
3095,16174,-430
3062,15998,-173
2984,16204,-472
3103,16012,-363
3040,16102,-307
2984,16105,-456
3141,15999,-163
2898,16138,-469
3137,15910,-169
2985,16130,-470
2964,16018,-197
3146,16053,-383
2905,16081,-345
3144,16073,-309
2975,16143,-513
3096,16043,-220
2995,16111,-491
3015,15983,-174
3126,16168,-372
2947,15992,-292
3136,16030,-229
2938,16042,-284
3110,16044,-316
2965,16091,-426
3052,16073,-338
3074,16070,-343
2925,16092,-273
3108,16144,-458
3019,16029,-173
3099,16125,-417
3052,15985,-294
2993,16122,-313
3037,16014,-334
3055,16012,-252
2977,16122,-385
3088,15960,-186
2987,16124,-471
3076,16014,-190
3033,16152,-529
3021,16034,-253
3062,16109,-348
2964,16106,-407
3114,16058,-245
2994,16166,-487
3094,15987,-151
2970,16155,-517
3086,15949,-260
3074,16072,-335
2909,16077,-300
3162,15990,-242
2903,16047,-377
3138,16062,-226
3042,16133,-463
2998,16071,-252
3142,16108,-401
2859,16077,-284
3130,16134,-433
3021,16000,-237
3078,16136,-286
3003,16037,-234
3038,16006,-273
3030,16128,-342
3047,16011,-239
3048,16128,-382
2961,16012,-250
3040,16163,-495
3005,16056,-260
3036,16148,-397
3069,16014,-257
3018,16072,-237
3037,16156,-488
3126,16031,-143
3044,16251,-538
3077,15931,-230
3007,16146,-501
3048,16009,-250
3093,16060,-317
2882,16005,-317
3152,15986,-180
2916,16142,-448
3088,16030,-182
3068,16148,-495
3012,16045,-253
3110,16136,-449
2989,16086,-363
3140,16141,-322
2953,16061,-445
3085,16006,-178
2964,16017,-331
2979,15972,-157
3098,16062,-313
2965,16055,-219
3174,16091,-380
2930,16035,-190
3068,16166,-492
3018,16073,-398
3017,16127,-358
3071,16088,-414
2996,16065,-265
2998,16181,-438
3129,15942,-141
3019,16162,-424
3052,15932,-140
3005,16082,-429
2982,16016,-250
3090,16023,-380
2930,16084,-402
3123,15980,-309
2950,16185,-486
3105,16054,-239
3019,16191,-501
3064,16073,-335
3055,16146,-359
2997,16054,-332
3129,16061,-301
2953,16059,-302
3146,16014,-262
2985,16070,-246
2986,16076,-263
3123,16038,-311
2910,16080,-325
3144,16089,-340
2949,16095,-329
3009,16145,-365
3068,16054,-423
2978,16141,-325
3059,16094,-362
2990,16032,-261
3024,16104,-429
3035,16025,-205
3092,16082,-384
2987,15950,-144
3063,16072,-375
3062,16016,-312
3055,16095,-286
3016,16100,-461
3062,16039,-204
2977,16263,-559
3118,16023,-252
2985,16225,-464
3050,15995,-206
3094,16109,-286
2919,16062,-357
3162,15996,-197
2925,16160,-448
3040,15971,-172
3094,16084,-439
2962,16058,-215
3120,16128,-361
2954,16044,-387
3123,16084,-290
2942,16114,-474
3058,16090,-271
3061,16133,-469
3015,16025,-288
3051,16123,-401
2971,15998,-246
3151,16092,-358
2961,16004,-218
3078,16028,-325
3027,15992,-277
2971,16121,-383
3110,16073,-406
3011,16020,-245
3065,16184,-491
3031,16016,-231
3002,16239,-486
3100,15979,-221
2992,16140,-359
2981,16007,-312
3154,16037,-197
2921,16134,-431
3117,15946,-170
3007,16153,-518
2982,15955,-172
3043,16160,-542
3026,16014,-247
3085,16092,-362
2944,16075,-404
3121,16029,-190
2954,16192,-485
3152,16053,-232
2991,16214,-475
2984,16009,-243
3166,16062,-412
2844,16049,-308
3108,16172,-383
3025,15998,-237
3023,16167,-478
3006,16039,-298
3029,16036,-320
2968,16023,-322
3064,15999,-207
3011,16163,-437
3035,16000,-141
3025,16140,-528
3113,15987,-172
3017,16181,-481
3040,16045,-329
3054,16083,-289
2915,16130,-387
3143,15927,-189
2914,16194,-486
3134,15984,-169
3025,16139,-515
2942,16015,-243
3145,16073,-362
2874,16126,-341
3132,16106,-289
2993,16001,-357
3022,16017,-169
3041,16094,-423
3041,16006,-181
3097,16163,-391
2956,16011,-239
3086,16149,-331
2956,16017,-297
3059,16136,-405
2981,16093,-385
2994,16048,-340
3090,16076,-378
2941,16042,-244
3129,16161,-452
3060,15930,-158
3027,16149,-424
3075,15957,-207
3024,16145,-411
3028,16079,-410
3091,15997,-269
2947,16133,-407
3118,15972,-144
2930,16180,-520
3050,16001,-145
3054,16135,-456
2970,16030,-290
3182,16107,-400
2992,16084,-423
3120,16046,-189
2969,16093,-485
3077,15943,-139
3016,16208,-501
3021,15950,-246
3154,16114,-354
2919,16013,-255
3150,16010,-259
2886,16093,-372
3139,16093,-335
3081,16118,-422
2965,16068,-282
3142,16084,-422
2912,16057,-270
3044,16144,-467
3072,15945,-175
3000,16132,-347
3062,16005,-273
3001,16048,-351
3046,16126,-363
3084,16013,-243
3027,16175,-520
3045,15995,-188
3036,16182,-508
3010,16003,-128
3053,16148,-378
3050,15998,-292
3072,16068,-256
2991,16111,-425
3102,15963,-128
2894,16208,-530
3102,15952,-157
3022,16191,-464
2991,16063,-333
3164,16066,-327
2860,16128,-370
3204,15994,-182
2944,16094,-471
3009,16034,-171
3086,16138,-458
2969,16003,-200
3109,16106,-420
2961,16003,-295
3106,16147,-377
2994,16027,-324
3079,16082,-284
3028,16112,-329
3019,16094,-387
3038,16112,-411
2991,16022,-179
3088,16166,-487
2950,15996,-213
3066,16187,-396
3058,15935,-196
2985,16128,-325
3063,16014,-350
3126,16015,-193
2986,16185,-509
3134,15924,-140
2990,16269,-475
3061,15968,-193
3098,16138,-450
2947,16077,-312
3169,16045,-312
2887,16089,-424
3074,16014,-94
2991,16103,-502
3040,15982,-200
3064,16192,-470
2958,16003,-289
3120,16106,-371
2937,16062,-404
3158,16081,-277
2947,16115,-349
3098,15981,-173
3037,16104,-401
2959,16064,-256
3159,16068,-383
2934,16039,-206
3065,16156,-466
2983,16014,-327
2990,16173,-382
3097,16000,-274
2969,16088,-268
3055,16086,-443
3088,15979,-214
3031,16197,-467
3025,15956,-202
3038,16102,-426
3019,15984,-193
3099,16101,-392
2977,16097,-354
3091,16078,-212
2937,16122,-526
3034,15978,-106
2978,16214,-569
3087,15909,-155
3019,16186,-425
2994,15996,-239
3131,16068,-347
2897,16144,-446
3170,16003,-219
2980,16130,-426
3007,15988,-203
3153,16088,-452
2909,16077,-181
3210,16138,-360
2891,16013,-311
3117,16139,-341
2993,16008,-369
3040,16056,-319
3008,16056,-450
3011,15957,-215
3057,16173,-421
3038,16025,-244
3100,16157,-448
2993,15960,-153
3109,16068,-412
3086,16007,-305
2963,16153,-326
3098,16051,-409
3009,16019,-183
2954,16167,-499
3089,15914,-105
2942,16227,-486
3079,15983,-149
3041,16143,-389
2951,16104,-340
3186,16064,-326
2959,16151,-465
3106,15968,-187
3016,16080,-483
3015,15938,-129
3112,16189,-472
2956,15986,-248
3117,16083,-331
2972,16031,-394
3133,16096,-195
2953,16164,-420
3117,16021,-223
3059,16175,-434
2972,16018,-259
3141,16084,-389
2974,16065,-314
3180,16078,-354
2980,15983,-242
3063,16094,-301
3085,16045,-350
3014,16079,-291
3134,16143,-453
3041,15984,-177
2938,16235,-513
3070,15954,-212
3018,16192,-443
3015,16015,-156
3066,16028,-284
2936,16101,-368
3113,15975,-218
2997,16137,-458
3055,15943,-147
2960,16173,-578
3047,15968,-129
3069,16208,-458
2994,16005,-360
3133,16080,-236
2916,16117,-386
3140,16115,-305
3012,16011,-329
3029,16026,-119
3087,16088,-387
3052,15980,-240
3050,16168,-421
3016,15957,-208
3044,16214,-510
2986,16044,-254
3105,16121,-452
2990,16016,-224
3001,16049,-261
3081,16073,-371
3045,16045,-166
3064,16139,-503
3040,15933,-100
2952,16201,-544
3054,15958,-228
3048,16154,-417
2940,16086,-379
3138,16004,-238
2860,16165,-475
3156,15948,-132
2980,16159,-535
2980,15988,-154
3130,16143,-407
2944,16044,-274
3153,16133,-337
2967,16059,-407
3110,16036,-224
2983,16107,-414
3051,16001,-153
3051,16175,-394
2993,16021,-223
3113,16122,-368
2941,16018,-303
3147,16135,-440
2934,16084,-296
3051,16127,-363
3077,16010,-299
2942,16046,-225
3105,16101,-431
3058,15974,-163
3014,16191,-464
3096,15922,-212
2970,16203,-349
3051,16012,-314
3070,16065,-325
2916,16123,-446
3125,15955,-191
2964,16162,-533
3043,15933,-180
3048,16169,-549
3023,15967,-158
3060,16126,-379
2958,16012,-293
3105,16062,-254
2964,16158,-527
3160,15953,-127
2904,16241,-456
3065,15959,-219
3045,16147,-459
2904,16014,-179
3188,16095,-342
2905,16086,-317
3140,16103,-345
2989,16098,-423
3001,16097,-209
3122,16072,-354
2970,16019,-206
3089,16162,-452
3028,15950,-269
3055,16167,-402
3029,15970,-229
3043,16142,-267
3024,16064,-349
3052,16039,-320
3022,16205,-455
3024,16023,-164
3035,16209,-522
2970,15942,-151
3010,16178,-505
3044,15938,-177
2998,16091,-350
3002,16041,-345
3136,16016,-232
2941,16201,-529
3139,15940,-115
2971,16173,-505
3046,15981,-187
3117,16136,-464
2852,16068,-264
3166,16081,-300
2887,16080,-445
3101,16079,-231
2997,16124,-465
3009,16027,-195
3053,16116,-401
2978,15956,-220
3146,16167,-405
2959,15993,-399
3182,16106,-303
2983,16083,-290
3072,16013,-281
3056,16069,-320
2977,16067,-260
3136,16104,-466
2955,15969,-133
3034,16225,-473
3078,15960,-223
2961,16166,-398
3063,15971,-246
3039,16058,-249
2963,16150,-441
3152,15958,-128
2998,16217,-480
3071,15929,-154
3025,16145,-552
2997,16016,-173
3129,16120,-383
2950,16035,-338
3074,16030,-196
2971,16127,-467
3094,16030,-235
3009,16189,-519
3089,15988,-175
3086,16181,-424
2959,16028,-272
3159,16089,-316
2888,16146,-446
3140,15992,-260
2973,16105,-392
3006,16014,-166
3086,16074,-431
2902,16020,-204
3174,16119,-424
2999,15985,-202
3027,16171,-444
3014,16032,-320
3028,16066,-306
3024,16086,-286
3012,15966,-214
3026,16187,-439
3064,16009,-151
3084,16184,-433
3006,16013,-188
3011,16136,-517
3018,15996,-239
3032,16107,-368
2991,16084,-389
3058,15987,-90
2970,16161,-473
3139,16010,-107
2968,16209,-518
3042,15956,-159
3128,16158,-367
2929,16094,-350
3179,16079,-269
2937,16127,-451
3093,15962,-150
3054,16073,-447
3006,15969,-92
3082,16120,-411
2907,15983,-236
3122,16111,-312
2937,16031,-344
3103,16107,-367
3007,16120,-436
3076,16053,-234
3005,16114,-385
2975,16019,-216
3110,16139,-373
3006,15965,-154
3127,16079,-434
3060,15948,-183
2946,16209,-427
3109,15999,-372
2978,16074,-247
2976,16110,-405
3050,15944,-166
2953,16202,-529
3110,15995,-165
3036,16186,-492
2959,16022,-216
3148,16073,-322
2958,16134,-376
3101,16032,-225
2965,16150,-460
3049,15956,-174
3018,16153,-464
3083,15996,-188
3025,16139,-366
2986,16022,-338
3082,16070,-229
2927,16089,-369
3149,16041,-357
2984,16145,-425
3015,16070,-266
3143,16085,-382
2874,16084,-239
3194,16107,-360
2945,15951,-139
3113,16097,-361
3025,15988,-325
3022,16074,-364
3139,16189,-398
2969,16017,-303
2921,16195,-476
3123,15914,-161
2945,16243,-524
3105,15948,-294
3105,16101,-387
2953,16077,-157
3070,16094,-269
3078,16067,-329
3100,15965,-181
2906,16133,-436
3102,16026,-248
3071,16120,-490
2926,16007,-210
3166,16110,-365
2928,16101,-331
3124,16064,-273
2952,16049,-344
3099,16069,-244
3040,16115,-394
3084,16151,-119
3066,16199,-437
3018,16023,-201
3098,16143,-425
2933,15965,-192
3045,16134,-453
2988,16053,-317
3013,16122,-417
3102,15992,-374
2920,16039,-171
3060,16102,-424
3069,15931,-87
3023,16221,-551
3104,15959,-169
3046,16223,-407
3019,16066,-247
3064,16086,-369
2889,16105,-445
3177,15949,-122
2990,16161,-439
3065,15983,-47
3001,16158,-565
2967,15944,-219
3091,16122,-451
3034,16009,-212
3094,16157,-233
2903,16126,-595
3093,16029,-240
2995,16176,-439
3046,16025,-140
3080,16169,-386
2892,16028,-227
3152,16070,-377
2904,16022,-233
3074,16075,-326
3018,16016,-338
2957,16101,-333
3072,16085,-440
2969,15985,-166
3013,16203,-430
3075,15988,-103
3052,16192,-551
3030,16017,-209
3064,16171,-466
3022,16099,-230
3041,16103,-268
2955,16086,-411
3038,16009,-130
3054,16146,-493
3058,15929,-24
3020,16164,-461
3048,15899,-221
3110,16113,-366
2952,16096,-374
3229,16031,-211
2860,16210,-602
3132,15958,-184
3047,16174,-495
3009,15997,-164
3161,16130,-332
2905,16041,-228
3157,16035,-275
2921,15964,-314
3074,16090,-226
3097,16083,-391
2973,16044,-259
3060,16128,-424
2988,15985,-244
3099,16171,-411
3014,15989,-230
3087,16128,-372
2972,16065,-283
3081,16114,-385
3072,16100,-281
2974,16062,-192
3079,16073,-423
3031,15936,-85
2969,16197,-470
3040,15907,-139
3013,16147,-375
3040,16008,-330
3150,16057,-248
2992,16186,-438
3173,16020,-139
2936,16293,-546
3032,15989,-115
3082,16146,-479
2969,15990,-161
3103,16130,-354
2912,15977,-249
3091,16004,-181
2959,16071,-441
3074,16025,-145
2974,16166,-499
2997,15951,-254
3089,16142,-489
2950,16037,-297
3215,16121,-359
2934,16061,-258
3163,16053,-257
3006,16053,-314
2964,16112,-330
3123,16088,-368
2942,15993,-139
3028,16141,-433
3031,15914,-162
2983,16202,-414
3094,15952,-177
3033,16097,-355
3002,16099,-321
3080,16085,-261
2993,16183,-475
3056,16042,-146
2986,16137,-483
3031,15966,-76
3008,16128,-460
2989,15952,-200
3017,16074,-291
2933,16020,-383
3100,15992,-96
2933,16234,-551
3141,16006,-161
2974,16226,-489
2977,16023,-218
3167,16128,-439
2866,16093,-355
3221,16105,-291
2982,16076,-326
3088,16065,-203
3084,16078,-363
2932,16048,-178
3107,16124,-379
2970,15969,-200
3056,16162,-377
2943,15984,-292
3038,16149,-391
2992,16048,-345
3065,16056,-315
3031,16119,-374
3029,16060,-237
3111,16162,-504
3010,15995,-170
3056,16180,-474
3062,15943,-160
2986,16164,-403
3069,15993,-307
3061,16006,-185
2964,16107,-348
3134,15957,-182
2944,16242,-486
3067,15997,-172
3052,16210,-498
2932,16056,-284
3163,16132,-364
2943,16105,-373
3115,16049,-201
3007,16053,-397
3071,15992,-110
3035,16094,-427
3017,15975,-185
3073,16112,-349
2946,16000,-270
3131,16157,-232
2927,16103,-366
3122,16096,-339
3037,16174,-414
2994,16134,-318
3135,16088,-447
2921,15993,-191
3134,16126,-426
3038,15931,-164
3017,16089,-339
3112,15910,-174
3013,16138,-373
3087,16068,-384
3011,16021,-197
2980,16195,-449
3095,16006,-252
3025,16207,-457
3021,15993,-112
3058,16148,-412
2980,16047,-276
3112,16146,-277
2974,16085,-414
3088,16015,-136
2930,16119,-441
3075,15918,-64
2973,16183,-451
3030,16007,-247
3079,16132,-286
2915,16119,-371
3158,16104,-269
2952,16177,-438
3047,16142,-324
3122,16079,-411
2931,16130,-239
3140,16078,-337
2900,15979,-251
3083,16085,-280
3021,15859,-178
3058,16077,-224
3019,16033,-268
3072,16094,-288
3022,16218,-437
3016,16059,-214
3035,16084,-396
3127,15929,-123
2941,16220,-503
3104,15948,-130
3049,16155,-482
2951,16051,-352
3179,16108,-330
2893,16138,-372
3134,16021,-147
2996,16143,-479
3014,16005,-179
3055,16117,-483
2985,15955,-192
3104,16121,-341
2949,15987,-303
3081,16086,-267
2929,16026,-331
3098,16037,-245
2990,16144,-371
2977,16105,-306
3143,16200,-367
2926,16101,-260
3114,16157,-463
2933,16030,-227
3034,16134,-343
3091,15940,-186
2991,16082,-258
3034,16012,-346
3075,15978,-221
2970,16146,-444
3113,15962,-177
2987,16215,-436
3008,16026,-212
3078,16104,-448
2954,16106,-384
3089,16076,-271
2981,16096,-396
3046,16006,-110
3005,16126,-553
3091,15949,-43
3048,16196,-416
2997,15972,-231
3076,16099,-317
2930,16072,-387
3116,16027,-247
2915,16156,-404
3090,16008,-161
3057,16165,-417
2958,16030,-259
3210,16082,-382
2934,16013,-242
3076,16140,-435
2975,16035,-346
3037,16113,-259
3046,16005,-230
2997,16033,-221
3044,16140,-377
3032,15974,-251
3093,16152,-427
3024,15995,-188
3051,16144,-339
3011,16048,-242
3024,16129,-391
3060,16084,-343
3005,15994,-185
3020,16119,-455
3041,15971,-88
3012,16247,-484
3057,15943,-98
3032,16160,-391
2971,16035,-294
3149,16035,-288
2934,16167,-427
3203,16018,-156
2922,16133,-447
3054,15956,-136
3097,16080,-401
2942,16019,-179
3141,16115,-378
2931,16038,-282
3103,16162,-250
3040,16125,-397
3059,16084,-246
3048,16091,-354
2979,16024,-280
3079,16111,-405
2972,16056,-281
3146,16069,-316
2938,16014,-173
3049,16040,-310
3059,16008,-309
2994,16121,-325
3140,16085,-430
2967,16031,-240
2986,16211,-533
3074,15982,-210
2978,16214,-437
3093,15959,-126
2959,16080,-276
2996,16057,-275
3141,16027,-261
2965,16171,-371
3131,15985,-200
3004,16149,-425
3030,16001,-190
3054,16140,-426
2998,16032,-262
3106,16124,-265
2940,16073,-349
3137,16062,-260
2938,16150,-460
3100,16010,-195
3038,16085,-400
2970,16043,-199
3191,16106,-370
2902,16086,-373
3145,16059,-323
2937,16041,-300
3012,16039,-201
3112,16095,-367
2920,16087,-274
3140,16140,-403
3018,16020,-195
3019,16170,-403
2996,15950,-240
3032,16105,-362
3066,15955,-213
3042,16043,-279
3062,16098,-306
3081,16067,-206
3084,16154,-440
3059,15943,-80
2967,16208,-531
3062,15997,-212
2997,16156,-395
2983,16035,-262
3098,16022,-182
2924,16144,-418
3155,15978,-72
2955,16123,-417
3055,15938,-140
3096,16103,-416
2929,16016,-256
3163,16141,-384
2918,16109,-348
3100,16082,-228
3025,16059,-394
3042,16075,-187
3086,16136,-419
2986,15995,-213
3113,16130,-361
2967,16001,-218
3098,16127,-323
2940,16056,-280
3078,16048,-305
3065,16012,-215
2955,16082,-271
3126,16085,-414
3020,16038,-202
3068,16194,-470
3053,15966,-184
2977,16244,-453
3090,15992,-203
3017,16094,-375
2947,16046,-315
3087,15954,-150
2939,16135,-485
3117,15932,-96
3023,16142,-486
2978,16008,-158
3109,16101,-369
2937,16043,-309
3153,16098,-264
2961,16156,-467
3083,16024,-158
3005,16177,-453
3059,16032,-190
3022,16175,-359
2992,16013,-218
3129,16069,-297
2882,16061,-338
3162,16059,-287
2951,16061,-335
2993,16074,-270
3104,16040,-332
2943,16121,-252
3157,16169,-436
2998,16005,-180
3099,16202,-408
3034,16032,-249
3027,16146,-411
3046,16050,-274
3084,16053,-301
2975,16091,-367
3069,15979,-149
3036,16115,-445
3050,15916,-171
3017,16137,-487
3064,16030,-181
3073,16162,-344
3053,16091,-349
3048,16105,-248
3010,16204,-520
3150,15959,-124
2973,16175,-420
3064,15928,-128
3067,16117,-396
2907,15997,-186
3167,16030,-237
2900,16071,-320
3086,16052,-279
3010,16092,-418
3026,16098,-268
3082,16090,-373
2919,16011,-239
3140,16140,-396
2959,15999,-237
3030,16118,-486
3076,16018,-166
2994,16172,-435
3054,15980,-204
2966,16111,-288
3034,16096,-429
3133,16016,-179
2998,16235,-489
3108,15979,-121
2991,16177,-455
3029,15981,-170
3103,16072,-346
2891,16010,-230
3145,16008,-200
2930,16114,-399
3102,16042,-194
3010,16169,-462
3035,16002,-153
3090,16157,-462
2975,15992,-275
3125,16136,-317
2936,16112,-479
3135,16070,-234
2991,16075,-346
3029,16075,-212
3052,16100,-391
2927,16001,-195
3125,16089,-347
2934,16042,-219
3080,16170,-417
3060,16025,-294
2966,16178,-382
3031,16064,-327
3005,16100,-211
3031,16198,-419
3068,16028,-210
3053,16210,-442
3023,15944,-152
3043,16146,-481
3011,15998,-192
3083,16134,-351
2965,16040,-305
3028,16013,-146
2989,16129,-454
3097,15993,-151
2988,16219,-527
3063,15987,-212
3065,16181,-468
2995,16030,-359
3197,16096,-242
2929,16085,-419
3132,15988,-195
2967,16026,-296
2963,15973,-148
3112,16080,-380
2892,16027,-207
3192,16142,-352
2940,16070,-329
3069,16168,-351
3010,16083,-407
3024,16071,-270
3036,16075,-322
2948,16016,-229
3114,16117,-366
2951,15984,-201
3142,16069,-347
3037,15974,-128
3005,16168,-443
3057,16002,-273
2988,16077,-312
3014,16073,-394
3010,15990,-179
2945,16194,-496
3116,15969,-130
3001,16233,-482
3031,16032,-151
3086,16127,-271
2948,16121,-299
3190,16038,-206
2942,16072,-433
3077,15980,-156
3001,16111,-415
2985,16012,-166
3095,16150,-373
2925,15989,-282
3093,16045,-186
2931,16102,-394
3090,16069,-286
2988,16127,-492
3059,15987,-205
3122,16105,-363
2894,16038,-235
3167,16097,-264
2937,16035,-210
3062,16095,-305
3007,15989,-254
3020,16150,-329
3107,16054,-354
3003,16101,-243
3011,16145,-405
3053,15983,-222
2986,16201,-444
3086,15957,-171
2977,16122,-357
2996,16056,-218
3092,16106,-248
2999,16099,-395
3053,16037,-191
2977,16154,-466
3015,16020,-141
3014,16164,-455
3014,16027,-241
3060,16125,-300
2948,16050,-309
3138,15985,-165
2912,16124,-462
3139,15989,-184
3001,16183,-437
3037,16017,-222
3136,16105,-418
2868,16103,-266
3172,16084,-339
2937,16022,-280
3064,16083,-242
3080,16008,-297
2999,16092,-239
3084,16127,-374
2971,15992,-272
3043,16122,-362
2956,16049,-281
3073,16142,-373
3008,16013,-286
3061,16095,-356
3039,16032,-243
3074,16053,-258
3067,16112,-379
3001,15959,-167
3054,16190,-434
3116,15980,-130
2964,16213,-406
3102,16026,-273
3019,16076,-279
2954,16089,-375
3081,15940,-186
2914,16175,-474
3075,16012,-143
3033,16153,-418
2991,16062,-173
3107,16125,-364
2976,16067,-319
3090,16060,-288
2945,16039,-327
3069,16050,-178
3020,16095,-414
3018,16019,-265
3114,16129,-316
2951,16036,-282
3121,16113,-214
2922,16085,-302
3095,16092,-345
2985,16115,-383
3024,16111,-278
3121,16071,-325
3000,16047,-242
3116,16133,-409
3054,16021,-155
3030,16113,-350
3124,15924,-216
3021,16115,-350
3092,16047,-281
3061,15978,-247
2948,16119,-365
3060,15985,-172
2991,16143,-431
3027,15981,-115
3055,16157,-420
2991,16006,-209
3079,16130,-357
2980,16118,-368
3125,16050,-202
2916,16145,-406
3114,16002,-106
2962,16151,-420
3025,16002,-253
3064,16080,-295
2888,16052,-252
3156,16096,-236
2921,16082,-317
3105,16101,-279
3051,16145,-392
2962,16099,-271
3120,16102,-369
2859,16055,-307
3120,16133,-399
3004,15952,-225
3047,16133,-288
3027,16011,-245
3071,16064,-323
3081,16115,-331
3021,16014,-268
2988,16099,-360
2996,15996,-184
3019,16170,-466
3079,16009,-118
2977,16179,-399
3045,16014,-289
3067,16076,-277
3060,16116,-365
3149,16008,-156
2903,16197,-464
3090,15928,-111
2992,16141,-415
2949,16040,-229
3126,16048,-315
2908,16054,-311
3110,16135,-260
2980,16024,-292
3088,16053,-235
3026,16080,-319
2985,16088,-288
3117,16114,-344
2928,16047,-199
3114,16125,-403
2957,16062,-174
3009,16199,-432
3041,15965,-223
2998,16115,-315
3103,16069,-306
3077,16043,-322
3031,16164,-375
3132,15979,-151
2979,16130,-430
3044,15959,-131
3059,16152,-403
3016,16072,-315
3093,16091,-313
2990,16077,-313
3110,16053,-186
3008,16150,-477
3104,16022,-116
2990,16196,-465
3017,15940,-281
3142,16077,-341
2939,16069,-345
3148,16036,-239
2950,16108,-328
3119,16005,-174
3042,16094,-326
2966,16095,-244
3153,16109,-377
2909,16000,-314
3068,16151,-338
2991,16017,-248
3053,16166,-320
3051,16017,-284
2992,16022,-285
3058,16074,-324
3096,16017,-251
3026,16106,-387
3029,16002,-158
3035,16134,-350
3031,16083,-225
3004,16140,-434
3041,16075,-280
3029,16106,-224
2971,16117,-476
3033,15977,-93
2985,16183,-485
3101,15975,-157
3017,16162,-398
2942,16009,-253
3117,16038,-279
2928,16078,-416
3231,16000,-143
2920,16079,-398
3062,15989,-177
3058,16157,-445
2956,16040,-214
3119,16114,-364
2924,16032,-255
3102,16151,-312
2996,16104,-388
3069,16057,-252
3003,16029,-290
2997,16000,-212
3121,16093,-298
2995,16041,-241
3138,16142,-380
2956,16012,-223
3019,16134,-334
3055,16025,-250
2993,16144,-367
3107,16097,-319
3009,16041,-208
2995,16129,-405
3086,15947,-125
2980,16157,-414
3053,15933,-138
3000,16098,-301
3007,16075,-258
3129,16059,-324
2981,16157,-398
3089,15995,-155
2986,16203,-457
3022,15995,-145
3036,16135,-441
2953,16059,-199
3097,16091,-320
2922,16038,-351
3126,16022,-188
2960,16103,-413
3104,15994,-173
3000,16103,-366
2990,16068,-271
3142,16090,-365
2938,16083,-306
3191,16086,-346
2997,16012,-261
3033,16104,-280
3094,16065,-317
2995,16127,-266
3101,16115,-331
3008,16004,-214
2979,16138,-409
3004,15959,-235
3042,16083,-364
3017,15962,-150
3035,16051,-322
3031,16062,-279
3074,16087,-244
3057,16149,-495
3034,16023,-123
3014,16239,-486
3088,16049,-209
3040,16162,-377
3000,16024,-274
3065,16068,-187
2896,16106,-389
3159,15985,-120
2931,16143,-417
3002,16021,-160
3089,16098,-419
2961,16063,-242
3155,16130,-378
2947,16105,-402
3113,16085,-269
3016,16090,-378
3013,16054,-208
3069,16089,-388
2992,16058,-196
3114,16112,-294
2956,15954,-231
3070,16073,-300
2940,16036,-302
3062,16062,-346
3000,15992,-253
2988,16087,-337
3078,16096,-375
3044,16047,-233
3098,16185,-473
3044,15970,-166
2949,16213,-444
3078,15980,-243
3051,16109,-349
2964,16047,-269
3117,16015,-163
2911,16143,-395
3158,15963,-139
2971,16176,-445
3036,15977,-152
3118,16148,-379
2958,16006,-216
3131,16094,-335
2974,16149,-442
3126,16068,-189
2941,16154,-403
3098,15949,-91
3032,16173,-407
2972,16024,-235
3124,16093,-303
2914,16068,-258
3130,16069,-325
2960,16075,-318
3047,16094,-342
3095,16031,-268
2953,16085,-286
3116,16133,-410
3037,16043,-239
3076,16201,-353
3093,15957,-194
2982,16125,-381
3033,16032,-243
3009,16084,-301
2968,16071,-368
3053,15985,-186
3007,16101,-388
3059,16004,-192
3033,16130,-486
3041,16015,-127
3027,16179,-355
3012,16106,-348
3109,16108,-233
3034,16149,-478
3092,15958,-130
2917,16141,-444
3099,15971,-138
3049,16157,-359
2956,16046,-198
3152,16055,-250
2891,16049,-301
3133,16120,-260
2979,16140,-409
3047,16127,-235
3078,16079,-435
2931,16026,-232
3111,16139,-357
2996,15993,-256
3080,16085,-248
2992,15978,-225
3068,16100,-213
3027,16078,-322
3052,16033,-276
3064,16072,-355
2960,16058,-255
3097,16143,-403
3056,16022,-197
3023,16160,-458
3087,15965,-199
2964,16114,-256
3048,16079,-363
3096,16040,-225
2933,16107,-408
3121,16061,-149
3030,16149,-510
3042,16004,-157
3063,16187,-429
3026,16027,-304
3142,16090,-331
2925,16052,-256
3143,16047,-229
2975,16044,-274
3029,16075,-166
3062,16056,-321
2868,16050,-207
3104,16105,-328
2891,16043,-244
3133,16169,-455
3039,16021,-287
2997,16168,-371
3088,15998,-351
2980,16089,-225
3055,16167,-369
3077,15965,-204
2974,16138,-412
3047,15934,-100
2999,16140,-431
3035,16005,-179
3043,16115,-320
2987,16078,-276
3038,16050,-204
3020,16173,-475
3117,16027,-133
2998,16219,-486
3063,15944,-194
3079,16141,-368
2925,16054,-307
3153,16057,-220
2882,16028,-399
3131,15932,-180
2992,16044,-385
3020,16008,-145
3146,16109,-415
2929,16048,-230
3158,16097,-289
2992,16015,-268
3098,16148,-317
3029,16056,-385
3010,16099,-251
3047,16082,-327
3013,15986,-243
3091,16111,-332
3010,15971,-158
3109,16088,-345
3001,16011,-176
3021,16185,-428
3065,16070,-276
2975,16101,-312
3013,16106,-339
3012,16054,-185
2963,16218,-515
3140,15969,-116
2967,16171,-398
3035,15958,-171
3100,16095,-259
2964,16064,-265
3128,16013,-205
2889,16048,-459
3101,15989,-138
3025,16193,-467
2999,16026,-163
3107,16135,-396
2951,16035,-322
3115,16087,-230
2935,16097,-361
3134,16088,-214
2937,16153,-416
3102,16011,-185
3056,16093,-325
2968,16023,-276
3146,16086,-340
2932,16057,-176
3156,16072,-383
3030,16026,-275
2967,16170,-306
3121,16017,-341
2965,16062,-223
2994,16130,-393
3035,16016,-189
3019,16214,-463
3103,15983,-148
3002,16138,-386
3032,16043,-254
3084,16091,-315
2995,16055,-300
3114,15996,-126
2957,16155,-471
3065,15962,-95
3036,16169,-444
3025,15991,-190
3051,16130,-319
2975,16066,-323
3132,16069,-204
2899,16157,-479
3172,15999,-207
2966,16186,-457
3021,16015,-190
3161,16064,-361
2929,16041,-208
3138,16035,-321
2961,15989,-211
3111,16086,-250
3052,16027,-359
2996,16119,-287
3103,16133,-402
2991,16065,-280
3086,16175,-392
2961,16019,-249
3032,16149,-374
2982,16012,-311
3019,16098,-323
3037,16035,-249
3060,16081,-247
3074,16081,-409
3072,16003,-89
3051,16175,-484
3072,15926,-72
2968,16189,-461
3045,16022,-242
3067,16138,-363
2946,16089,-364
3124,16005,-157
2938,16183,-485
3129,15977,-147
3035,16162,-398
3007,16007,-143
3140,16087,-392
2891,16029,-317
3135,16090,-259
2930,16025,-336
3104,16054,-128
2997,16141,-422
3034,16045,-281
3107,16194,-407
2982,16032,-241
3076,16147,-312
2890,16033,-272
3118,16088,-292
2985,16079,-304
3050,16078,-284
3063,16058,-293
3017,16041,-197
3107,16161,-439
3020,15960,-135
3016,16194,-434
3038,15927,-165
2988,16135,-462
3074,16038,-296
3087,16044,-253
2931,16122,-340
3069,15960,-123
3000,16152,-471
3047,15962,-115
3018,16173,-440
3010,16035,-127
3094,16140,-324
2987,16071,-379
3114,16040,-188
2926,16122,-357
3087,15944,-124
2966,16119,-446
3046,16044,-230
3080,16153,-373
2900,16030,-234
3161,16124,-288
2880,16123,-326
3144,16093,-283
3045,16106,-400
2997,16050,-226
3146,16057,-382
2930,16036,-216
3119,16160,-319
3029,15981,-177
3071,16114,-264
2992,16011,-323
3062,16133,-404
3032,16107,-397
3053,16055,-292
3030,16098,-411
2988,16076,-143
3028,16182,-518
3100,15965,-57
3019,16153,-399
3077,15944,-210
3040,16108,-305
2996,16140,-407
3121,15954,-157
2917,16160,-444
3133,15966,-115
3021,16182,-447
3034,16066,-202
3134,16140,-387
2867,16073,-316
3163,16037,-204
2904,16106,-421
3065,16035,-181
3048,16159,-488
2994,15986,-115
3063,16064,-370
2911,15987,-246
3101,16082,-276
2964,16049,-256
3094,16070,-267
3012,16122,-333
3040,16169,-346
3085,16141,-380
2969,16063,-208
3129,16154,-450
3107,15993,-189
2968,16216,-497
3084,16047,-174
3051,16179,-448
2970,16073,-287
3115,16049,-301
2902,16072,-333
3105,16012,-57
2993,16131,-453
3077,15972,-109
3006,16167,-467
3018,15932,-171
3125,16149,-386
2978,16090,-348
3162,16045,-280
2881,16089,-327
3132,16001,-203
3004,16095,-389
2972,16074,-198
3173,16093,-417
2946,16022,-177
3117,16184,-412
2960,16011,-291
3033,16112,-364
3020,16000,-227
2997,16053,-272
3035,16104,-363
3060,15994,-150
3093,16171,-391
3055,15986,-167
3020,16206,-456
3055,16004,-108
3025,16191,-468
3028,16043,-314
3034,16081,-245
3045,16082,-378
3039,16002,-141
2972,16093,-473
3117,15916,-58
3020,16204,-402
3007,16013,-203
3175,16107,-347
2889,16115,-395
3238,16047,-261
2898,16146,-423
3101,16028,-141
3035,16138,-498
3014,16042,-128
3141,16133,-372
2918,15977,-236
3103,16126,-311
2951,16007,-313
3102,16062,-226
3010,16050,-246
3056,16054,-211
3050,16169,-352
2991,16081,-297
3112,16117,-428
2968,16014,-143
3031,16112,-401
3026,16003,-235
3018,16150,-335
3115,16063,-349
3000,16050,-195
2968,16121,-426
3071,15889,-125
2963,16200,-503
3117,15915,-101
3058,16177,-370
3008,16075,-261
3139,16125,-350
2923,16188,-431
3141,16048,-174
2971,16113,-516
3026,15974,-113
3040,16124,-491
3009,15998,-188
3118,16090,-273
2948,16021,-290
3120,16046,-286
2926,16128,-420
3152,16031,-219
2970,16133,-435
3018,16023,-204
3088,16125,-404
2942,16089,-260
3151,16179,-437
2977,16007,-181
3068,16116,-252
3037,16004,-297
2988,16076,-259
3109,16128,-375
3031,15974,-200
3008,16162,-443
2997,15949,-111
3013,16161,-476
3005,15995,-158
3091,16148,-387
3017,16076,-249
3079,16125,-378
3045,16148,-477
3079,16010,-97
2970,16169,-509
3048,15898,-111
2983,16197,-430
2998,15989,-199
3065,16095,-274
2930,16058,-363
3185,16076,-250
2880,16166,-527
3112,15983,-162
3050,16176,-473
2969,16054,-145
3150,16181,-434
2953,16111,-296
3150,16136,-285
2967,16060,-377
3061,16010,-179
3009,16095,-427
3007,15986,-257
3072,16102,-339
2973,16006,-195
3066,16152,-443
2913,15998,-265
3083,16168,-407
3039,16009,-194
3034,16120,-310
3058,16093,-367
3018,16042,-236
3056,16190,-494
3074,15921,-79
2922,16196,-472
3094,15935,-153
3014,16133,-387
3008,16023,-194
3062,16039,-250
2933,16150,-392
3145,16019,-125
2943,16210,-541
3012,16013,-177
3070,16185,-443
2948,16008,-173
3096,16179,-377
2959,16112,-385
3161,16056,-172
2933,16098,-418
3101,15907,-99
2984,16117,-421
3013,16005,-219
3119,16119,-374
2926,16043,-251
3179,16145,-392
2900,16072,-333
3064,16127,-357
3092,16037,-298
2942,16090,-292
3122,16099,-402
2989,16017,-131
3088,16189,-375
3022,15928,-179
3027,16199,-399
3038,16012,-242
3074,16100,-331
2975,16046,-386
3052,16028,-184
2960,16174,-470
3098,15993,-143
2991,16209,-514
3077,15969,-108
3009,16195,-404
3009,16001,-282
3081,16100,-326
2994,16151,-440
3116,15948,-74
2925,16145,-426
3088,15893,-104
3020,16101,-371
2967,16025,-209
3184,16031,-310
2870,16126,-306
3163,16144,-338
2956,16145,-431
3038,16114,-200
3087,16071,-301
2987,16022,-167
3059,16157,-388
3007,15949,-187
3095,16113,-318
2976,15972,-204
3053,16165,-247
3035,16072,-301
3018,16112,-343
3044,16098,-379
2935,16045,-171
3058,16159,-511
3078,15996,-153
3010,16221,-515
3098,15944,-112
3017,16150,-377
3045,16057,-306
3133,16015,-235
2948,16153,-434
3132,15942,-99
2892,16153,-466
3057,15919,-137
3063,16152,-429
2957,16045,-164
3178,16107,-313
2931,16056,-381
3109,16094,-298
2987,16194,-524
3076,16008,-151
2989,16104,-409
3023,15969,-160
3099,16154,-365
2949,15995,-169
3078,16181,-472
3011,15944,-236
2974,16168,-351
3004,15970,-166
2969,16057,-208
2984,16067,-381
3140,16023,-213
3032,16191,-454
3111,15935,-70
2990,16199,-586
2972,16001,-121
3091,16217,-500
3001,15993,-214
3068,16092,-240
2994,16104,-447
3102,15982,-142
3000,16163,-487
3055,15955,-145
3020,16133,-410
3002,16014,-246
3188,16073,-311
2857,16057,-451
3169,16010,-203
2978,16054,-350
3069,16006,-120
3132,16079,-426
2959,16015,-167
3181,16145,-421
2933,16012,-250
3070,16179,-396
2985,16057,-307
3008,16129,-376
2996,16087,-273
3005,16032,-217
3025,16132,-377
3012,16004,-125
3083,16144,-412
3032,15966,-86
3021,16180,-518
3023,15994,-165
3010,16165,-332
3008,16045,-320
3015,16016,-196
2964,16203,-474
3161,15963,-153
2989,16193,-497
3071,15945,-122
3071,16158,-410
2946,16025,-252
3189,16045,-261
2966,16053,-366
3137,16051,-194
3011,16093,-434
3064,15972,-76
3051,16168,-466
2980,16016,-223
3116,16142,-305
2961,16011,-371
3138,16108,-333
2965,16131,-378
3078,16038,-319
3007,16070,-397
2979,16027,-215
3182,16094,-392
2936,15990,-135
3142,16138,-395
3028,15987,-151
3007,16209,-433
3071,16036,-303
3003,16132,-267
2997,16165,-404
3057,16016,-185
2978,16197,-486
3116,15938,-97
3015,16175,-495
2992,15968,-113
3087,16126,-327
2920,16034,-290
3112,16084,-278
2944,16181,-479
3066,15968,-106
2960,16202,-519
3092,15960,-88
3039,16218,-438
2991,16024,-221
3147,16068,-240
2886,16076,-363
3164,16079,-286
2925,16165,-474
3059,16026,-201
3083,16079,-451
2925,15971,-152
3182,16121,-385
2934,15978,-161
3086,16148,-324
3012,15972,-227
3010,16129,-320
3105,16101,-372
3008,16076,-227
3027,16160,-366
2994,15992,-186
3053,16198,-504
3002,15977,-171
3081,16158,-427
2996,16038,-163
3042,16067,-251
3081,16090,-337
3060,16026,-149
2930,16148,-528
3084,15932,-85
2924,16247,-542
3086,15958,-160
3085,16211,-419
2957,16077,-279
3131,16072,-240
2891,16169,-382
3125,16008,-204
2995,16158,-442
3006,15979,-96
3107,16114,-435
2930,15973,-163
3088,16111,-323
2955,15964,-209
3087,16084,-265
2989,16102,-392
3062,16091,-279
3034,16184,-441
3016,16028,-281
3128,16137,-335
2884,16056,-219
3077,16127,-441
3024,15935,-253
3015,16086,-314
3054,15936,-271
2965,16013,-246
3090,16082,-392
3031,15982,-124
3058,16205,-462
3034,15898,-122
3001,16226,-496
3101,16047,-258
3040,16149,-408
2956,16071,-266
3078,15992,-147
2937,16108,-446
3099,15931,-97
2995,16129,-473
3019,15943,-27
3084,16146,-426
2990,16021,-324
3132,16137,-286
2959,16113,-355
3170,16033,-168
2939,16213,-440
3077,16028,-277
3045,16150,-363
2894,16001,-151
3148,16099,-319
2850,16007,-212
3137,16135,-340
3071,16066,-436
2964,16073,-186
3110,16032,-329
2938,16025,-237
3073,16178,-406
3009,15985,-193
3078,16165,-372
2959,15993,-247
3074,16113,-409
3028,16113,-237
3042,16114,-351
3005,16081,-392
3079,15958,-91
2992,16162,-515
3079,15888,-17
3006,16193,-506
3067,15890,-113
3022,16148,-410
3033,16102,-279
3166,16092,-233
2893,16164,-417
3098,15962,-177
3015,16176,-576
3001,16044,-150
3131,16098,-396
2917,16028,-139
3097,16079,-236
2925,15995,-295
3077,16071,-245
3024,16075,-435
3054,15999,-193
3005,16144,-388
2946,16014,-222
3088,16192,-436
2994,15988,-175
3173,16126,-369
2998,16071,-197
3017,16157,-376
3091,16054,-323
2940,16029,-189
3066,16064,-396
2957,15957,-52
3037,16240,-529
3076,15904,-97
2968,16162,-421
3133,16011,-221
3087,16152,-407
2986,16158,-389
3169,16039,-183
2939,16190,-525
3074,15963,-82
3048,16166,-493
3011,15992,-106
3053,16121,-424
2976,15934,-216
3097,16016,-154
2903,16172,-362
3155,16080,-248
3001,16097,-301
2987,16133,-316
3122,16013,-344
2938,16031,-140
3056,16091,-390
2980,15918,-162
2988,16205,-407
