-4293,15880,820
-4321,15875,868
-4258,15818,789
-4285,15729,684
-4251,15700,687
-4240,15737,633
-4225,15811,577
-4220,15918,480
-4209,15969,412
-4145,16033,392
-4168,16075,510
-4152,16093,613
-4132,16143,746
-4145,16075,820
-4188,15988,844
-4209,15861,911
-4180,15771,945
-4267,15936,477
-4282,15873,345
-4263,15841,354
-4312,15855,397
-4334,15869,472
-4297,15828,527
-4348,15798,588
-4356,15756,633
-4334,15804,691
-4314,15829,736
-4373,15845,765
-4390,15796,861
-4318,15762,885
-4340,15814,900
-4357,15830,905
-4372,15883,872
-4382,15869,940
-4399,15809,824
-4383,15720,826
-4425,15643,827
-4467,15552,879
-4414,15567,856
-4450,15629,730
-4463,15680,778
-4437,15745,818
-4446,15761,828
-4459,15774,812
-4470,15813,850
-4477,15807,860
-4467,15776,833
-4483,15733,799
-4488,15720,830
-4496,15655,851
-4524,15632,828
-4496,15625,818
-4517,15630,680
-4496,15677,630
-4444,15668,524
-4490,15713,493
-4483,15760,504
-4441,15774,557
-4427,15788,603
-4399,15762,681
-4421,15740,748
-4401,15637,686
-4362,15570,707
-4349,15707,715
-4289,15775,655
-4266,15900,615
-4245,15996,605
-4245,16059,593
-4202,16056,610
-4223,15983,534
-4202,15874,593
-4254,15807,533
-4313,15783,488
-4306,15754,477
-4304,15739,520
-4330,15736,430
-4313,15746,447
-4291,15760,427
-4304,15879,441
-4274,15892,463
-4342,15879,527
-4309,15769,649
-4301,15724,742
-4293,15697,784
-4238,15751,959
-4181,15934,1054
-4144,16150,1078
-4111,16297,979
-4130,16333,848
-4115,16255,719
-4116,16150,561
-4179,16018,532
-4152,16016,588
-4203,15978,742
-4234,15916,787
-4206,15808,978
-4217,15801,1269
-4195,15788,1368
-4232,15837,1389
-4220,15889,1319
-4240,15820,1217
-4213,15855,1163
-4234,15914,1033
-4317,15920,812
-4287,15900,711
-4370,15801,594
-4367,15753,527
-4354,15733,550
-4351,15776,714
-4371,15793,759
-4373,15801,785
-4385,15802,807
-4353,15786,944
-4344,15753,1008
-4385,15737,943
-4415,15765,820
-4414,15741,761
-4407,15668,683
-4384,15573,652
-4380,15595,559
-4404,15634,608
-4384,15718,526
-4354,15847,505
-4310,15877,500
-4359,15911,541
-4361,15860,519
-4399,15826,537
-4347,15701,465
-4417,15666,445
-4442,15597,431
-4479,15550,399
-4452,15555,430
-4463,15587,440
-4440,15601,310
-4502,15640,299
-4464,15624,297
-4492,15652,335
-4470,15670,405
-4464,15696,416
-4429,15752,517
-4445,15686,563
-4483,15650,636
-4478,15562,682
-4496,15574,790
-4444,15541,787
-4447,15568,776
-4422,15614,768
-4383,15637,734
-4315,15787,781
-4312,15905,814
-4291,15973,808
-4262,15855,824
-4266,15769,862
-4240,15726,938
-4221,15755,983
-4228,15851,985
-4161,16019,929
-4121,16078,839
-4150,16112,782
-4096,16097,715
-4062,16046,703
-4062,16041,689
-4058,16142,581
-4057,16117,605
-4004,16137,706
-4034,16142,876
-4004,16148,963
-4015,16201,1024
-4010,16176,973
-4030,16136,959
-4037,15956,842
-4074,15843,813
-4062,15749,785
-4040,15769,797
-4032,15925,743
-4023,16050,771
-4069,16095,763
-4052,15967,826
-4055,15893,917
-4121,15781,1023
-4104,15797,1086
-4128,15818,1142
-4147,15841,1158
-4130,15806,1116
-4137,15786,1137
-4169,15686,1109
-4239,15695,986
-4228,15708,786
-4223,15800,676
-4283,15751,577
-4290,15696,594
-4291,15580,549
-4302,15501,562
-4346,15526,590
-4326,15601,614
-4299,15591,599
-4345,15565,610
-4332,15498,607
-4300,15421,515
-4348,15350,458
-4310,15371,443
-4250,15485,388
-4202,15745,425
-4209,15948,451
-4213,16009,455
-4184,15764,417
-4089,15663,575
-4115,15770,731
-4071,15957,976
-4075,16079,883
-4100,16173,841
-4077,16010,880
-4096,15884,939
-4148,15763,809
-4079,15852,623
-4103,15924,522
-4080,16076,572
-4065,16128,439
-4065,16142,526
-4039,16032,778
-3995,16039,1204
-3978,16109,1340
-3945,16209,1349
-3942,16195,1362
-3925,16039,1348
-3906,15941,1363
-3934,15873,1248
-3925,15951,1049
-3884,16007,857
-3903,16056,779
-3901,16028,721
-3911,16007,801
-3880,15998,926
-3790,15920,1176
-3811,16035,1089
-3801,16117,970
-3798,16192,879
-3796,16199,875
-3790,16213,823
-3768,16152,750
-3792,16078,834
-3827,15964,863
-3830,15827,942
-3881,15744,1010
-3856,15784,1086
-3845,15797,1149
-3800,15870,1089
-3849,15918,1047
-3852,15967,998
-3802,16012,923
-3817,15983,902
-3827,16051,907
-3843,15986,857
-3863,15983,828
-3897,15892,773
-3885,15877,806
-3912,15853,799
-3950,15895,799
-3972,15878,738
-4045,15871,772
-4016,15774,735
-4047,15722,746
-4059,15659,800
-4073,15637,816
-4070,15664,814
-4062,15653,785
-4098,15640,784
-4096,15555,692
-4075,15563,646
-3996,15660,659
-3989,15818,779
-3969,16130,905
-3878,16338,953
-3886,16377,1004
-3861,16198,1131
-3897,15996,1260
-3905,15839,1386
-3926,15761,1445
-3967,15738,1344
-3937,15871,1268
-3943,15939,1074
-3942,15882,977
-3940,15897,982
-3936,15816,860
-3940,15834,800
-3901,15920,713
-3895,16042,755
-3916,16087,825
-3854,16076,1016
-3852,16030,1084
-3866,15936,1074
-3903,15829,1045
-3876,15779,957
-3838,15798,865
-3791,15832,816
-3821,16017,740
-3780,16120,765
-3716,16224,714
-3734,16265,731
-3677,16255,824
-3720,16119,981
-3687,15991,1056
-3688,15957,1155
-3707,16000,1198
-3721,16024,1208
-3706,16012,1187
-3705,16036,1237
-3719,15936,1197
-3726,15858,1116
-3758,15749,1026
-3750,15735,996
-3780,15726,1013
-3777,15801,1057
-3773,15887,1031
-3710,15983,1017
-3719,16049,1047
-3689,16072,1094
-3710,16027,1121
-3684,16022,1097
-3691,16095,1062
-3699,16118,1066
-3685,16155,1105
-3696,16186,1087
-3689,16167,1134
-3737,16177,1124
-3724,16136,1054
-3785,16062,1049
-3775,16010,1054
-3834,15963,1036
-3834,16000,961
-3856,15935,913
-3861,15884,866
-3954,15846,898
-3893,15729,851
-3907,15678,884
-3952,15661,837
-3968,15655,849
-3936,15691,852
-3904,15806,859
-3900,15838,843
-3871,15926,881
-3853,15993,901
-3865,15998,819
-3832,15982,772
-3865,15940,636
-3879,15903,657
-3845,15927,727
-3830,15996,694
-3845,16071,685
-3840,16115,707
-3863,16113,751
-3887,16013,874
-3917,15905,914
-3952,15748,988
-3920,15681,964
-3885,15738,1006
-3907,15792,949
-3875,15854,963
-3874,15895,890
-3888,15979,816
-3852,15972,735
-3866,16002,683
-3843,16001,648
-3878,15952,674
-3879,15958,847
-3852,15912,902
-3873,15898,1029
-3868,15815,1087
-3906,15806,1066
-3895,15745,987
-3930,15595,914
-3864,15605,866
-3867,15678,852
-3835,15951,772
-3806,16135,797
-3753,16226,876
-3740,16274,934
-3746,16271,960
-3750,16127,1068
-3752,15894,1150
-3755,15825,1252
-3751,15819,1234
-3755,15930,1253
-3749,15983,1222
-3728,16058,1168
-3664,16055,1027
-3726,16091,891
-3739,16096,804
-3729,16145,762
-3774,16091,746
-3760,16027,769
-3747,15942,853
-3789,15872,928
-3797,15883,1021
-3818,15885,1101
-3822,15914,1069
-3805,15861,1077
-3857,15844,1038
-3891,15793,933
-3891,15760,861
-3877,15795,804
-3902,15819,774
-3886,15852,704
-3886,15888,761
-3839,15925,793
-3848,15988,904
-3841,16025,1040
-3855,16063,1039
-3817,16045,1137
-3860,16023,1156
-3863,15923,1150
-3919,15839,1111
-3876,15767,1102
-3910,15710,1019
-3922,15720,953
-3909,15799,873
-3894,15905,807
-3903,16014,824
-3875,16015,754
-3936,15995,841
-3940,15898,874
-3954,15816,873
-3995,15645,932
-3982,15599,1045
-3930,15585,1136
-3918,15778,1107
-3861,15946,1081
-3848,16038,1041
-3835,16107,977
-3834,16074,919
-3802,15995,934
-3810,15939,917
-3843,15886,833
-3888,15811,738
-3920,15812,707
-3903,15795,752
-3841,15896,854
-3822,16063,806
-3829,16143,802
-3808,16139,850
-3758,16064,949
-3796,15995,1081
-3826,15927,1182
-3832,15883,1327
-3806,15871,1392
-3799,15928,1380
-3782,15915,1372
-3832,15863,1266
-3859,15735,1145
-3733,16217,964
-3713,16143,991
-3727,16074,1052
-3674,16019,1105
-3740,16047,1097
-3732,16005,1121
-3736,15983,1040
-3777,15962,977
-3797,15907,973
-3809,15936,960
-3763,15966,854
-3775,15978,744
-3804,16032,605
-3787,16029,610
-3729,15979,670
-3724,15939,759
-3792,15914,822
-3832,15844,812
-3818,15827,879
-3828,15810,917
-3775,15838,871
-3791,15878,844
-3827,15964,813
-3817,16031,758
-3734,16055,712
-3764,16050,790
-3799,16017,763
-3762,16008,776
-3735,15996,804
-3727,15940,870
-3711,15950,932
-3777,16016,966
-3790,16053,955
-3821,16016,1003
-3809,15994,962
-3813,15975,990
-3832,15946,934
-3841,15907,939
-3836,15876,892
-3793,15818,880
-3835,15885,936
-3876,15923,958
-3857,15955,942
-3824,15980,912
-3819,15974,897
-3809,15999,908
-3818,15977,870
-3860,15959,930
-3860,15927,953
-3888,15897,948
-3891,15859,1006
-3905,15764,1062
-3952,15712,1127
-3933,15667,1178
-3985,15681,1161
-3946,15716,1042
-3919,15791,1026
-3928,15861,902
-3888,15829,871
-3915,15823,825
-3896,15800,819
-3914,15816,792
-3853,15864,872
-3801,16027,945
-3847,16010,1083
-3788,16006,1162
-3777,16005,1246
-3798,15983,1224
-3777,15993,1266
-3769,15950,1157
-3752,15957,1153
-3752,15929,1020
-3785,15992,1009
-3747,16017,980
-3788,16069,939
-3763,16113,902
-3788,16130,922
-3769,16048,903
-3789,15949,876
-3815,15852,879
-3852,15790,886
-3839,15778,844
-3842,15736,889
-3799,15832,907
-3769,15859,861
-3781,15864,807
-3760,15871,758
-3722,15908,722
-3698,15996,709
-3684,16077,698
-3681,16150,800
-3693,16261,788
-3583,16316,866
-3630,16285,862
-3674,16264,946
-3676,16153,1018
-3733,16072,1017
-3769,15949,1007
-3826,15766,1024
-3814,15711,985
-3834,15709,953
-3852,15719,925
-3854,15759,855
-3852,15860,815
-3848,15898,794
-3869,15906,797
-3857,15878,907
-3893,15814,923
-3839,15811,1026
-3871,15780,1062
-3876,15812,1107
-3907,15855,1189
-3829,15887,1203
-3837,15924,1072
-3766,15923,1028
-3782,15952,938
-3754,16004,823
-3782,16026,720
-3748,16091,718
-3714,16093,718
-3679,16150,800
-3712,16158,838
-3691,16126,921
-3655,16120,974
-3700,16146,1053
-3711,16129,1050
-3733,16041,1056
-3757,15954,1073
-3804,15900,1114
-3803,15823,1042
-3783,15794,1079
-3793,15817,1095
-3773,15859,1119
-3805,15946,1076
-3809,15921,1005
-3867,15834,958
-3894,15750,957
-3875,15682,861
-3876,15683,797
-3903,15695,793
-3866,15755,708
-3856,15823,821
-3884,15863,893
-3866,15939,1003
-3864,15977,965
-3809,15993,997
-3831,15980,1021
-3803,15964,992
-3819,15959,966
-3814,15866,961
-3812,15874,893
-3814,15819,855
-3828,15842,820
-3832,15878,799
-3804,15861,789
-3807,15854,710
-3767,15912,778
-3766,15986,837
-3720,16084,900
-3681,16115,957
-3663,16172,1045
-3633,16159,1197
-3646,16110,1233
-3621,16099,1222
-3658,16031,1225
-3649,16026,1240
-3683,16042,1226
-3661,16085,1145
-3671,16135,1055
-3709,16159,1015
-3683,16134,968
-3734,16109,921
-3714,15998,910
-3726,15945,958
-3766,15870,989
-3735,15826,970
-3774,15795,982
-3759,15800,1006
-3774,15878,1016
-3755,15954,960
-3727,16049,945
-3693,16021,831
-3749,15957,829
-3710,15893,871
-3747,15826,993
-3765,15937,1036
-3744,16074,1135
-3719,16101,1199
-3729,16121,1238
-3743,16043,1214
-3758,15923,1278
-3813,15846,1325
-3833,15760,1165
-3878,15681,1076
-3865,15688,990
-3870,15704,991
-3828,15745,1013
-3822,15843,933
-3807,15900,920
-3833,15954,916
-3824,15972,998
-3775,15979,1059
-3796,15949,1146
-3777,15873,1149
-3761,15865,1188
-3747,15910,1158
-3755,15956,1047
-3717,16025,1066
-3686,16077,1007
-3672,16122,899
-3684,16154,855
-3656,16072,805
-3720,16085,810
-3678,16048,829
-3696,16031,902
-3694,16074,913
-3739,15916,961
-3776,15847,945
-3768,15794,970
-3788,15750,955
-3782,15770,956
-3804,15869,913
-3812,15898,840
-3798,15949,830
-3787,15856,818
-3829,15833,850
-3819,15801,840
-3817,15793,881
-3770,15818,879
-3795,15878,981
-3726,16082,1118
-3683,16125,1255
-3678,16155,1293
-3700,16111,1294
-3615,16059,1208
-3651,16027,1191
-3656,16014,1158
-3663,16060,1128
-3642,16009,1049
-3697,15963,992
-3697,15970,980
-3684,15952,1019
-3654,16074,1067
-3650,16158,1101
-3640,16254,1061
-3693,16305,1061
-3726,16214,1096
-3737,15985,1110
-3802,15763,1172
-3831,15684,1098
-3808,15719,1096
-3817,15825,1002
-3797,15871,905
-3860,15898,734
-3855,15902,635
-3886,15849,568
-3890,15785,483
-3895,15818,445
-3921,15781,481
-3883,15849,753
-3842,15842,891
-3853,15898,1135
-3770,15937,1298
-3750,15966,1441
-3715,16002,1436
-3721,15942,1410
-3688,15885,1452
-3760,15796,1355
-3719,15788,1196
-3747,15790,1103
-3711,15861,1026
-3704,15946,963
-3702,16031,1006
-3720,16176,925
-3686,16148,962
-3680,16078,1067
-3646,16048,1121
-3666,16024,1192
-3684,16044,1231
-3697,16033,1272
-3676,16062,1220
-3705,16077,1240
-3730,16060,1181
-3724,16017,1089
-3722,15992,1027
-3711,15962,854
-3667,15916,859
-3707,15948,834
-3728,15973,846
-3761,15955,835
-3743,15910,843
-3734,15893,879
-3732,15872,912
-3754,15848,955
-3738,15821,974
-3694,15888,986
-3664,15985,996
-3676,16062,1027
-3629,16138,984
-3650,16210,1024
-3558,16264,1039
-3596,16294,1019
-3636,16203,961
-3670,16104,870
-3707,16003,855
-3739,15913,875
-3798,15867,878
-3800,15851,854
-3826,15859,833
-3850,15868,820
-3846,15878,870
-3855,15853,927
-3891,15870,952
-3908,15823,917
-3889,15735,898
-3924,15704,900
-3939,15640,920
-3933,15687,1058
-3918,15771,1023
-3909,15872,1027
-3905,15921,980
-3911,15859,1020
-3918,15814,1042
-3935,15816,1071
-3877,15828,1094
-3861,15875,1112
-3859,15903,1055
-3858,15968,1096
-3848,16075,1084
-3835,16080,1108
-3822,16075,1110
-3837,15979,1032
-3874,15879,959
-3906,15738,957
-3882,15685,951
-3868,15696,908
-3860,15770,941
-3813,15893,871
-3813,16016,800
-3770,16104,762
-3802,16119,814
-3772,16086,856
-3763,16010,885
-3761,15935,894
-3820,15848,940
-3823,15818,1037
-3850,15886,1080
-3803,15906,1002
-3833,15951,963
-3790,15981,806
-3808,16016,773
-3814,16024,729
-3813,16037,657
-3825,16000,681
-3806,15913,693
-3833,15845,784
-3843,15752,821
-3868,15690,926
-3860,15679,944
-3813,15757,956
-3772,15831,926
-3767,15915,935
-3771,15980,848
-3712,16019,861
-3735,16122,839
-3722,16146,838
-3759,16166,881
-3777,16170,989
-3815,16036,1074
-3856,15886,1104
-3865,15749,1121
-3883,15693,1148
-3893,15709,1092
-3924,15789,1042
-3857,15876,981
-3902,15913,911
-3860,15904,866
-3856,15878,867
-3897,15888,817
-3870,15877,831
-3909,15903,936
-3848,15895,974
-3897,15909,1105
-3875,15957,1198
-3869,15979,1228
-3863,15957,1209
-3828,15998,1163
-3852,15986,1076
-3896,15947,1008
-3900,15938,914
-3895,15892,869
-3891,15857,836
-3909,15907,786
-3892,15890,775
-3858,15903,819
-3858,15878,906
-3862,15932,889
-3862,15916,923
-3784,15948,867
-3827,15971,927
-3800,15956,997
-3778,15941,1109
-3779,15929,1148
-3778,15897,1163
-3739,15904,1173
-3729,15877,1177
-3712,15929,1211
-3711,15995,1212
-3701,16085,1210
-3659,16171,1185
-3679,16071,1143
-3725,16048,1142
-3749,15967,1148
-3768,15894,1117
-3744,15793,1092
-3774,15781,1045
-3738,15869,968
-3735,15958,859
-3701,16075,813
-3680,16142,791
-3645,16136,764
-3615,16097,772
-3638,16119,842
-3637,16134,918
-3628,16162,1004
-3655,16161,1043
-3666,16105,1050
-3704,16004,1104
-3689,15879,1105
-3727,15772,1039
-3759,15704,1004
-3789,15721,898
-3766,16044,660
-3845,15916,659
-3841,15875,738
-3877,15761,877
-3845,15706,842
-3829,15713,887
-3824,15790,941
-3802,15894,975
-3765,16038,937
-3686,16169,898
-3726,16214,881
-3736,16268,884
-3785,16180,895
-3767,16015,937
-3821,15886,961
-3885,15737,1079
-3880,15742,1124
-3872,15756,1144
-3909,15771,1072
-3894,15730,1038
-3889,15784,1064
-3934,15739,1055
-3909,15782,1010
-3902,15805,979
-3896,15920,918
-3843,15920,965
-3907,15941,1031
-3847,15900,1119
-3852,15880,1065
-3857,15847,1088
-3871,15813,1005
-3866,15835,927
-3800,15836,939
-3807,15907,911
-3754,15971,908
-3730,16041,888
-3684,16138,836
-3687,16177,863
-3702,16141,910
-3711,16149,955
-3715,16109,963
-3680,16068,1012
-3745,15983,939
-3762,15952,902
-3804,15882,915
-3774,15871,979
-3771,15911,957
-3754,16010,946
-3742,16016,874
-3734,16020,934
-3776,16004,936
-3773,15939,961
-3802,15886,996
-3820,15807,992
-3785,15768,937
-3828,15788,916
-3793,15802,900
-3819,15762,931
-3753,15880,932
-3685,16002,828
-3691,16053,843
-3694,16150,905
-3673,16155,921
-3692,16144,961
-3669,16024,1012
-3691,16034,1061
-3655,16047,1127
-3686,16074,1047
-3703,16046,1060
-3771,16006,1119
-3753,15932,1149
-3715,15915,1119
-3722,15898,1039
-3729,15879,980
-3756,15914,975
-3737,15889,897
-3762,15794,907
-3790,15772,846
-3818,15736,854
-3793,15821,862
-3791,15935,878
-3780,15991,913
-3789,16006,945
-3757,15992,966
-3785,15968,1009
-3760,16027,983
-3773,16037,954
-3738,16042,839
-3713,16012,838
-3702,16063,843
-3745,16062,827
-3744,16093,769
-3744,16124,712
-3799,16054,678
-3804,15946,671
-3815,15914,688
-3866,15869,711
-3852,15812,761
-3885,15784,799
-3885,15811,885
-3889,15814,916
-3891,15773,1016
-3881,15790,1099
-3868,15822,1132
-3799,15859,1124
-3841,15868,1007
-3849,15885,974
-3861,15906,964
-3843,15947,949
-3855,15961,903
-3864,15954,946
-3866,15924,1060
-3877,15933,1075
-3847,15886,1195
-3875,15856,1289
-3825,15882,1316
-3806,15932,1323
-3813,15955,1190
-3858,15947,1185
-3878,15966,1082
-3886,15942,996
-3906,15878,983
-3910,15868,865
-3876,15851,865
-3873,15863,874
-3871,15922,946
-3875,15943,1038
-3876,15950,1044
-3845,15953,996
-3846,15903,988
-3844,15840,1010
-3797,15834,1036
-3828,15875,962
-3775,15935,860
-3781,16010,852
-3723,16129,875
-3726,16197,860
-3738,16149,856
-3745,16084,861
-3741,16020,884
-3782,15941,920
-3796,15879,939
-3816,15909,978
-3829,15917,888
-3807,15914,890
-3829,15874,878
-3821,15880,856
-3845,15904,770
-3851,15918,731
-3861,15921,719
-3921,15923,715
-3849,15818,717
-3854,15752,716
-3847,15810,777
-3819,15922,747
-3771,15983,699
-3766,16027,797
-3766,16112,921
-3750,16096,1042
-3781,16095,1031
-3762,16021,1070
-3816,15949,1119
-3762,15940,1086
-3816,15909,1095
-3792,15907,1038
-3820,15977,1034
-3800,15998,975
-3826,16055,915
-3880,16017,964
-3840,15901,932
-3856,15870,938
-3866,15745,908
-3910,15724,916
-3904,15722,913
-3949,15720,955
-3934,15774,967
-3866,15887,964
-3828,16008,922
-3839,16023,888
-3817,16024,873
-3853,15944,858
-3854,15874,897
-3889,15774,1002
-3902,15804,1116
-3920,15877,1073
-3896,15960,1119
-3897,15989,1046
-3914,15854,1013
-3934,15753,885
-3947,15657,856
-3945,15651,716
-3915,15723,657
-3863,15791,639
-3818,15937,725
-3809,16069,779
-3728,16118,825
-3731,16126,919
-3729,16109,1011
-3671,16125,1007
-3661,16090,1026
-3667,16056,1050
-3650,16005,1049
-3608,16002,1042
-3649,16049,968
-3628,16133,923
-3655,16192,835
-3671,16152,792
-3725,16051,764
-3724,15926,836
-3753,15829,825
-3730,15855,841
-3740,15898,890
-3737,15923,923
-3737,15900,889
-3744,15799,950
-3755,15757,982
-3705,16139,1035
-3695,16040,1077
-3737,15966,1049
-3762,15980,1010
-3766,15940,931
-3765,15899,958
-3815,15895,926
-3822,15920,836
-3841,15933,813
-3875,15989,739
-3844,15984,715
-3866,15916,731
-3864,15886,826
-3854,15849,908
-3829,15775,979
-3865,15774,1027
-3775,15871,1150
-3751,15950,1261
-3759,16051,1278
-3690,16057,1310
-3767,15976,1382
-3741,15899,1295
-3770,15866,1258
-3808,15807,1218
-3817,15864,1142
-3796,15920,1075
-3804,15960,1000
-3867,15926,942
-3867,15900,953
-3891,15846,905
-3899,15817,905
-3904,15766,940
-3913,15820,1018
-3897,15778,1093
-3866,15821,1097
-3882,15900,1105
-3827,15960,1063
-3777,16023,1025
-3743,16035,874
-3761,16029,738
-3783,16022,684
-3772,16017,721
-3710,16077,707
-3738,16140,693
-3698,16149,726
-3735,16090,714
-3739,16046,801
-3785,15959,815
-3757,15886,810
-3787,15915,804
-3811,15965,728
-3806,15932,750
-3808,15929,753
-3815,15924,749
-3825,15872,789
-3777,15912,769
-3802,16002,749
-3845,16047,716
-3846,16005,726
-3844,15951,804
-3881,15890,922
-3877,15834,958
-3878,15896,975
-3888,15895,953
-3890,15896,980
-3882,15841,931
-3941,15846,1005
-3922,15824,943
-3894,15850,935
-3923,15928,897
-3929,15912,864
-3960,15880,884
-3946,15818,949
-3978,15805,1004
-3963,15783,1088
-3958,15797,1086
-3977,15805,1124
-3937,15773,1116
-3941,15692,1120
-3930,15772,1129
-3951,15815,1127
-3908,15882,1035
-3877,15940,972
-3895,15919,896
-3892,15836,837
-3849,15819,903
-3875,15856,941
-3832,15953,948
-3840,16017,1015
-3801,16032,1043
-3850,16005,1017
-3769,15996,1080
-3779,16031,1049
-3778,16044,951
-3786,16049,876
-3783,16044,901
-3738,16008,933
-3749,16018,1044
-3748,16042,1037
-3764,16051,1007
-3721,15975,975
-3749,15930,942
-3789,15848,861
-3783,15824,844
-3781,15893,786
-3740,15945,740
-3703,16029,670
-3736,16069,771
-3744,16080,826
-3728,16086,900
-3775,15991,933
-3743,15956,971
-3788,15860,969
-3766,15868,1031
-3800,15812,1065
-3768,15812,1047
-3809,15829,1035
-3821,15840,964
-3784,15871,909
-3802,15910,874
-3769,15991,907
-3763,16052,870
-3792,16071,906
-3793,15975,918
-3850,15862,965
-3824,15737,1017
-3904,15423,849
-3681,14824,731
-3848,15848,1972
-3758,16372,1293
-3685,16700,1414
-3652,16407,1176
-3696,16086,1270
-3697,15775,1201
-3764,15617,1040
-3742,15693,846
-3708,15898,1025
-3666,16171,973
-3693,16238,919
-3684,16173,1070
-3695,15932,1344
-3691,15936,1408
-3705,16018,1222
-3692,16073,1051
-3679,15996,1073
-3694,15934,1066
-3710,15844,1017
-3754,15875,955
-3716,15905,898
-3709,15955,857
-3708,16026,777
-3734,16144,720
-3749,16087,757
-3783,15973,846
-3800,15880,954
-3781,15816,980
-3824,15819,998
-3776,15792,1239
-3634,15076,922
-3821,15631,1734
-3745,15749,1228
-3668,16137,1468
-3624,16166,1256
-3670,16108,1277
-3643,16085,1287
-3604,16020,1178
-3666,16102,959
-3291,15689,861
-3719,16359,1274
-3624,16007,728
-3673,16158,1144
-3666,15837,1013
-3613,16037,1500
-3644,16093,1217
-3696,16183,1104
-3643,16221,1151
-3702,16206,1300
-3658,16026,1210
-3735,15816,1061
-3780,15803,1192
-3796,15744,1109
-3782,15821,1074
-3795,15814,915
-3781,15807,977
-3843,15812,1036
-3768,15857,1022
-3750,15928,946
-3738,15934,884
-3789,16026,916
-3718,15996,993
-3752,15929,1094
-3752,15889,1002
-3754,15861,981
-3797,15844,1007
-3743,15877,1068
-3741,15961,1076
-3717,16019,1080
-3720,16034,1025
-3756,16029,1001
-3737,15955,962
-3711,15913,912
-3771,15862,905
-3747,15877,851
-3731,15890,853
-3723,15976,826
-3719,16008,872
-3708,16069,904
-3660,16055,986
-3684,16098,1035
-3692,16110,1146
-3668,16017,1239
-3676,16004,1274
-3726,15934,1227
-3742,15837,1228
-3719,15822,1190
-3704,15895,1174
-3747,15965,942
-3685,15964,1031
-3701,15993,1208
-3679,15993,1306
-3664,16009,1329
-3714,15951,1413
-3702,15979,1474
-3689,15964,1393
-3717,15915,1316
-3707,15901,1256
-3722,15847,1226
-3722,15871,1093
-3710,15940,1013
-3698,15946,961
-3721,15983,921
-3724,16048,914
-3704,16141,981
-3679,16129,1011
-3743,16070,1063
-3738,15967,1187
-3762,15885,1180
-3717,15812,1196
-3798,15739,1164
-3809,15704,1138
-3806,15737,1100
-3774,15877,1036
-3760,15957,975
-3825,15971,974
-3809,16032,1020
-3816,15955,1003
-3811,15899,942
-3766,15754,960
-3783,15699,986
-3754,15754,1011
-3713,15877,994
-3733,15952,1005
-3742,16050,1073
-3671,16109,1035
-3701,16126,1057
-3715,16004,1081
-3728,15987,1214
-3727,15946,1171
-3724,15980,1208
-3717,15889,1216
-3725,15823,1188
-3700,15822,1071
-3695,15760,1095
-3670,15880,1075
-3692,16015,983
-3654,16070,992
-3660,16128,1049
-3648,16132,1151
-3664,16149,1216
-3630,16111,1309
-3657,16038,1387
-3677,15996,1407
-3654,15913,1402
-3685,15883,1326
-3694,15806,1266
-3660,15807,1200
-3630,15888,1100
-3585,16066,992
-3582,16163,979
-3568,16224,912
-3548,16247,923
-3598,16192,874
-3680,16101,1001
-3670,15986,1000
-3672,15957,1106
-3690,15922,1223
-3742,15887,1259
-3748,15820,1370
-3731,15760,1422
-3709,15756,1423
-3721,15750,1449
-3711,15815,1389
-3700,15837,1361
-3744,15870,1255
-3725,15877,1192
-3712,15833,1174
-3722,15839,1140
-3685,15887,1084
-3703,15970,1098
-3632,16130,1113
-3650,16215,1155
-3604,16201,1231
-3647,16106,1262
-3637,16081,1316
-3663,16019,1318
-3691,15946,1263
-3708,15897,1280
-3691,15898,1263
-3709,15959,1231
-3684,16017,1114
-3661,16080,1040
-3677,16156,1052
-3652,16185,974
-3672,16125,1013
-3709,16094,1093
-3727,16014,1111
-3741,15863,1206
-3761,15815,1214
-3809,15735,1340
-3790,15707,1383
-3757,15757,1446
-3727,15815,1366
-3736,15914,1322
-3770,15968,1184
-3757,15978,1051
-3737,15957,957
-3818,15953,864
-3822,15850,742
-3796,15795,665
-3841,15746,646
-3809,15760,689
-3850,15806,795
-3788,15917,826
-3812,15973,904
-3783,15973,842
-3765,15981,887
-3807,15962,891
-3766,15994,954
-3789,15987,1028
-3830,16017,1087
-3781,15985,1100
-3833,15998,1137
-3816,15926,1112
-3865,15835,1129
-3858,15840,1157
-3850,15822,1066
-3889,15778,982
-3863,15834,953
-3851,15808,983
-3856,15844,989
-3847,15792,997
-3863,15821,1038
-3819,15827,1072
-3842,15942,1150
-3807,15944,1140
-3780,15914,1169
-3759,15991,1235
-3722,15990,1292
-3755,16016,1203
-3762,16022,1224
-3740,16005,1176
-3749,15948,1121
-3787,15890,1021
-3789,15773,982
-3753,15802,1026
-3698,15916,927
-3698,16076,960
-3692,16206,959
-3638,16240,1008
-3656,16181,1047
-3636,16118,1159
-3696,16030,1223
-3668,15948,1200
-3723,15806,1169
-3749,15712,1126
-3781,15672,1135
-3782,15716,1133
-3757,15830,1055
-3332,15552,773
-3880,15695,611
-3694,16467,1033
-3723,16169,808
-3795,16392,958
-3712,16038,878
-3804,15787,938
-3795,15662,764
-3799,15573,1407
-3782,15661,1552
-3795,15846,1271
-3751,16054,961
-3723,16159,1261
-3732,15936,1130
-3775,15846,1026
-3770,15915,1163
-3756,15892,1043
-3763,16022,1115
-3736,16036,975
-3701,16007,1140
-3719,15912,1191
-3729,15775,1232
-3716,15787,1166
-3754,15848,1037
-3708,15931,880
-3687,16040,796
-3656,16055,848
-3696,16050,915
-3705,16061,974
-3702,16070,928
-3695,16150,1044
-3709,16106,1115
-3731,16050,1210
-3768,15921,1250
-3783,15817,1183
-3798,15773,1134
-3849,15768,1030
-3841,15785,1016
-3797,15882,986
-3780,15956,945
-3795,15957,788
-3787,15934,744
-3777,15895,819
-3792,15846,847
-3776,15858,901
-3763,15932,916
-3733,15986,931
-3740,16016,1061
-3739,15983,1207
-3656,15910,1295
-3679,15925,1358
-3641,15951,1347
-3635,15960,1340
-3652,16001,1332
-3649,16058,1122
-3671,16019,1166
-3704,16004,1177
-3702,15894,1235
-3705,15893,1247
-3696,15886,1195
-3726,15829,1210
-3719,15843,1162
-3740,15812,1151
-3714,15880,1117
-3753,15879,1112
-3762,15879,1097
-3719,15928,1172
-3696,16022,1178
-3677,16070,1165
-3680,16086,1107
-3676,16034,1110
-3694,15972,1100
-3670,15920,1081
-3708,15913,1030
-3701,15881,1005
-3678,15953,1034
-3631,16028,1068
-3648,16093,1092
-3684,16099,1120
-3640,16063,1151
-3681,16047,1151
-3650,16068,1082
-3698,16037,969
-3707,16014,936
-3674,15975,937
-3691,15996,954
-3770,16004,956
-3757,15951,944
-3782,15872,985
-3768,15843,942
-3788,15831,978
-3812,15797,946
-3834,15777,917
-3836,15749,898
-3866,15751,895
-3795,15876,819
-3815,15983,790
-3838,16049,786
-3822,16035,788
-3834,16038,839
-3809,15944,842
-3829,15812,912
-3846,15667,1005
-3858,15624,1159
-3853,15650,1210
-3823,15756,1282
-3812,15878,1301
-3766,15914,1284
-3775,15910,1233
-3748,15950,1124
-3715,15968,1081
-3707,16024,996
-3700,16094,913
-3647,16122,871
-3709,16064,951
-3621,16012,1020
-3659,15989,1098
-3655,16006,1162
-3625,16048,1188
-3594,16078,1191
-3552,16162,1252
-3544,16126,1292
-3560,16091,1323
-3560,16057,1319
-3616,16026,1282
-3548,16072,1168
-3618,16025,1142
-3634,16040,1023
-3585,16035,1004
-3696,15994,924
-3679,15916,885
-3701,15913,865
-3703,15799,933
-3721,15793,1017
-3728,15741,1001
-3743,15694,1109
-3757,15691,1191
-3716,15780,1277
-3676,15852,1282
-3638,15994,1273
-3678,16037,1284
-3681,16085,1208
-3665,16071,1162
-3658,15968,1069
-3653,15921,1119
-3709,15918,1034
-3694,15942,1049
-3685,16000,1060
-3708,16027,1158
-3670,16045,1171
-3654,15944,1226
-3693,15929,1231
-3669,15863,1207
-3727,15886,1200
-3694,15908,1140
-3614,15941,1144
-3813,16051,1036
-3868,15869,533
-3792,15470,257
-3717,15563,337
-3651,15972,439
-3657,16490,576
-3642,16583,923
-3659,16383,1461
-3595,16104,2050
-3622,15882,2113
-3755,15707,1954
-3807,15330,1573
-3706,15327,1268
-3727,15627,927
-3679,16139,537
-3651,16359,455
-3622,16410,475
-3667,16377,538
-3662,16267,623
-3638,15991,917
-3702,15795,1064
-3728,15699,1211
-3666,15741,1198
-3693,15760,1250
-3723,15770,1162
-3670,15800,1155
-3612,15953,1085
-3538,16128,988
-3573,16169,872
-3596,16117,849
-3590,16047,830
-3588,16000,903
-3589,16031,954
-3555,16053,959
-3596,16081,1076
-3577,16125,1096
-3574,16169,1105
-3559,16153,1198
-3636,16070,1323
-3654,15899,1309
-3707,15880,1336
-3687,15902,1243
-3710,15933,1236
-3700,15889,1226
-3707,15913,1224
-3709,15934,1093
-3742,15939,960
-3770,15921,935
-3757,15812,1010
-3732,15778,1106
-3700,15858,1128
-3705,15945,1165
-3659,15979,1223
-3693,15974,1283
-3695,15974,1353
-3694,16039,1302
-3677,16011,1246
-3633,16046,1175
-3636,16035,1110
-3665,16027,1076
-3627,16022,1072
-3630,16065,1049
-3675,15984,1010
-3690,15949,1016
-3696,15909,976
-3706,15903,933
-3729,15847,904
-3757,15837,951
-3778,15752,904
-3712,15838,844
-3721,15932,865
-3750,15943,789
-3740,15916,835
-3693,15906,817
-3708,15929,873
-3690,15947,852
-3690,15942,883
-3645,15913,870
-3656,15910,904
-3670,15940,949
-3634,15985,926
-3600,16034,881
-3572,16070,842
-3594,16093,848
-3598,16059,918
-3624,16098,866
-3567,16159,855
-3561,16162,878
-3617,16178,933
-3566,16163,929
-3578,16119,975
-3584,16055,983
-3581,16068,1029
-3618,16082,1007
-3677,16020,987
-3638,15876,943
-3714,15747,896
-3761,15649,896
-3716,15678,852
-3695,15752,828
-3655,15881,846
-3689,16003,847
-3640,16018,851
-3616,16023,960
-3607,16000,1133
-3636,15975,1196
-3624,15948,1226
-3646,15987,1215
-3640,15946,1242
-3702,15842,1190
-3733,15788,1195
-3690,15815,1181
-3665,15921,1084
-3644,16001,990
-3607,15945,1034
-3639,15998,1045
-3590,15959,1157
-3639,15943,1178
-3611,15926,1221
-3610,15888,1212
-3559,15947,1079
-3606,16031,1014
-3626,16024,993
-3637,16018,948
-3634,15980,938
-3625,15969,957
-3638,15940,922
-3658,15896,913
-3630,15834,945
-3587,15884,1019
-3592,15949,1088
-3586,16052,1045
-3560,16142,1016
-3521,16147,1025
-3537,16142,1018
-3569,16050,1109
-3529,15981,1159
-3569,15978,1186
-3566,16006,1179
-3540,15983,1118
-3566,15985,1136
-3581,15878,1173
-3593,15863,1163
-3621,15893,1034
-3613,15968,964
-3634,16017,958
-3579,16094,886
-3636,16148,841
-3628,16114,857
-3600,16023,831
-3632,15939,835
-3610,15924,842
-3613,15921,920
-3646,15955,1081
-3607,15987,1162
-3590,15944,1283
-3612,15946,1354
-3580,15959,1415
-3592,15958,1451
-3604,15951,1433
-3613,15903,1372
-3620,15880,1233
-3644,15789,1085
-3616,15753,981
-3657,15833,921
-3604,15904,868
-3553,15963,833
-3609,16021,793
-3632,15952,796
-3643,15893,890
-3632,15873,938
-3608,15858,1049
-3616,15944,1119
-3626,16015,1202
-3626,16081,1235
-3522,16195,1266
-3553,16203,1199
-3633,16129,1133
-3592,16004,1127
-3640,15905,1047
-3609,15837,1052
-3586,15905,1117
-3585,15896,1107
-3570,15937,1081
-3596,15969,1105
-3626,15936,1039
-3629,15937,1019
-3587,15970,1021
-3576,16070,1013
-3579,16147,945
-3589,16073,921
-3579,16013,897
-3606,15932,894
-3589,15860,887
-3592,15826,877
-3584,15883,856
-3543,15983,880
-3551,16057,860
-3523,16039,882
-3533,16068,913
-3542,16091,917
-3525,16093,926
-3510,16084,908
-3562,16069,1008
-3537,15997,937
-3476,15988,995
-3541,15985,961
-3481,16032,967
-3495,16078,968
-3486,16098,911
-3495,16157,1018
-3453,16149,1003
-3430,16130,1064
-3429,16087,1108
-3474,16033,1169
-3475,15969,1193
-3532,15898,1238
-3547,15805,1215
-3521,15828,1234
-3536,15860,1155
-3537,15941,1071
-3477,15992,937
-3524,16014,892
-3519,15996,898
-3468,15979,912
-3480,15982,986
-3458,15989,1061
-3394,16029,1252
-3384,16082,1303
-3439,16085,1355
-3440,16007,1399
-3449,15968,1432
-3402,15956,1407
-3427,16083,1340
-3420,16178,1219
-3408,16236,1161
-3393,16241,1052
-3406,16172,1009
-3409,16106,994
-3452,15975,1028
-3514,15870,1000
-3491,15887,997
-3497,15860,1040
-3458,15863,1092
-3481,15900,1108
-3457,15927,1103
-3434,16010,1029
-3467,16076,1037
-3451,16128,976
-3454,16147,975
-3394,16143,975
-3450,16135,957
-3447,16103,1001
-3430,16020,1008
-3520,15919,1100
-3502,15885,1102
-3506,15849,1071
-3517,15841,1065
-3486,15874,980
-3496,16033,993
-3449,16146,898
-3490,16187,927
-3550,16127,919
-3517,16019,948
-3531,15892,992
-3530,15817,1062
-3556,15801,1102
-3545,15855,1150
-3533,15889,1136
-3610,15857,1169
-3545,15862,1104
-3609,15868,1103
-3581,15873,1110
-3573,15872,1073
-3584,15906,1035
-3575,15929,1046
-3502,15981,1048
-3536,15986,1141
-3557,15993,1130
-3507,15970,1158
-3477,15959,1071
-3496,16019,1079
-3480,16057,1042
-3435,16097,989
-3426,16120,914
-3412,16142,919
-3448,16158,871
-3429,16126,888
-3432,16142,978
-3409,16144,1017
-3407,16120,1049
-3411,16083,1026
-3397,15989,1138
-3455,15949,1226
-3494,15900,1271
-3484,15835,1308
-3454,15812,1287
-3418,15821,1320
-3443,15858,1307
-3436,15924,1302
-3444,15943,1281
-3467,15994,1299
-3473,15962,1264
-3487,15996,1231
-3468,16008,1252
-3454,16052,1212
-3421,16074,1228
-3435,16106,1150
-3444,16037,1100
-3508,16006,1105
-3498,15941,1116
-3456,15868,1169
-3455,15850,1153
-3492,15884,1141
-3403,16020,1101
-3317,16124,1118
-3237,16306,1147
-3205,16543,1155
-3188,16607,1176
-3147,16604,1171
-3156,16428,1218
-3224,16275,1222
-3274,16062,1284
-3288,15921,1413
-3356,15887,1484
-3364,15916,1477
-3370,15964,1440
-3385,15987,1365
-3402,15990,1301
-3417,16040,1218
-3533,15936,816
-3535,15898,936
-3578,15818,923
-3551,15748,858
-3560,15678,948
-3551,15689,1033
-3529,15763,1044
-3506,15911,966
-3488,15987,956
-3454,16086,951
-3437,16085,988
-3483,16069,945
-3482,15995,989
-3372,16014,1142
-3380,16038,1101
-3457,16150,1101
-3417,16090,1121
-3424,16071,1185
-3426,16013,1198
-3386,16103,1202
-3363,16175,1255
-3400,16242,1250
-3383,16220,1235
-3420,16191,1227
-3422,16016,1225
-3467,15828,1288
-3511,15706,1188
-3528,15680,1097
-3567,15699,1093
-3511,15788,1029
-3490,15891,1000
-3499,15966,943
-3494,16030,924
-3464,16021,968
-3480,16017,902
-3445,15990,1067
-3427,16017,1236
-3403,16021,1260
-3404,16068,1359
-3434,16101,1374
-3449,16033,1384
-3435,15986,1344
-3448,15949,1308
-3407,15908,1237
-3427,15925,1115
-3392,15944,1056
-3390,16011,971
-3372,16052,901
-3368,16095,860
-3342,16116,921
-3362,16050,932
-3345,16041,901
-3337,16032,978
-3311,16053,1062
-3319,16052,1222
-3299,16087,1193
-3284,16150,1261
-3274,16136,1237
-3288,16083,1206
-3295,16082,1295
-3258,16078,1251
-3321,16186,1286
-3314,16129,1199
-3359,15999,1168
-3420,15830,1158
-3435,15663,1176
-3411,15656,1107
-3363,15805,1101
-3379,16019,985
-3337,16167,986
-3314,16246,1016
-3325,16232,1167
-3320,16207,1273
-3323,16142,1347
-3396,16081,1460
-3410,16021,1486
-3384,15943,1492
-3370,15871,1518
-3423,15902,1414
-3423,15993,1302
-3429,16081,1118
-3427,16156,959
-3430,16135,777
-3435,16087,734
-3467,16065,767
-3442,16049,838
-3474,15992,872
-3476,15911,959
-3440,15866,1155
-3473,15877,1301
-3458,15842,1383
-3455,15880,1441
-3397,15946,1488
-3405,16033,1452
-3433,16012,1410
-3397,15989,1409
-3407,15999,1381
-3365,16015,1265
-3420,15987,1212
-3401,15968,1163
-3382,15962,1158
-3377,15998,1173
-3359,16051,1160
-3392,16078,1185
-3375,16175,1163
-3390,16145,1161
-3336,16161,1210
-3330,16132,1148
-3345,16116,1116
-3383,16144,1056
-3357,16199,1054
-3369,16194,1028
-3421,16167,1085
-3383,16104,1157
-3445,16012,1122
-3432,15958,1178
-3466,15976,1198
-3473,15998,1260
-3460,15930,1229
-3475,15858,1251
-3491,15771,1172
-3538,15726,1089
-3522,15699,1050
-3513,15815,980
-3517,15870,921
-3505,15965,863
-3527,16004,879
-3483,16000,929
-3503,15965,926
-3505,15978,924
-3501,15972,1008
-3466,15981,1095
-3478,16012,1103
-3506,15975,1113
-3532,15896,1130
-3515,15878,1181
-3526,15902,1137
-3494,15962,1100
-3498,16076,1076
-3466,16124,987
-3427,16150,999
-3477,16137,967
-3479,16096,895
-3435,15981,919
-3504,15898,958
-3440,15958,987
-3453,15974,1034
-3466,16026,1117
-3485,16006,1118
-3463,16031,1120
-3435,16027,1215
-3453,16050,1153
-3465,16076,1192
-3487,16047,1094
-3489,16080,1082
-3529,16055,1076
-3541,15971,1055
-3533,15911,1087
-3546,15873,1083
-3591,15793,1081
-3580,15726,1081
-3604,15755,1149
-3568,15803,1072
-3553,15863,1027
-3536,15940,1062
-3483,16057,1003
-3523,16104,951
-3470,16109,1004
-3450,16065,1009
-3422,16041,1003
-3427,16038,1058
-3422,16019,1125
-3405,16022,1293
-3389,16053,1261
-3361,16090,1289
-3349,16107,1289
-3368,16084,1195
-3404,16091,1140
-3388,16119,1067
-3391,16148,1054
-3399,16128,915
-3442,16103,898
-3414,16004,925
-3436,15975,1003
-3410,15919,1033
-3451,15953,1076
-3413,15981,1093
-3382,15972,1153
-3434,15967,1134
-3456,15974,1117
-3479,15946,1129
-3469,15877,1151
-3422,15800,1125
-3474,15811,1053
-3456,15850,1050
-3395,15888,1017
-3389,15948,1057
-3425,16021,1098
-3374,16077,1127
-3336,16100,1182
-3298,16154,1165
-3253,16197,1283
-3243,16201,1352
-3278,16184,1374
-3266,16145,1364
-3263,16094,1382
-3265,16077,1310
-3312,16066,1201
-3316,16016,1187
-3317,15994,1123
-3348,16019,1008
-3343,16029,985
-3333,16021,976
-3340,16117,1023
-3337,16194,1089
-3330,16214,1109
-3453,15997,1061
-3467,15952,938
-3516,15837,976
-3531,15805,955
-3491,15786,965
-3545,15808,973
-3460,15824,1053
-3462,15927,1112
-3393,16079,1173
-3370,16130,1243
-3392,16138,1213
-3341,16088,1219
-3347,16090,1228
-3337,16034,1264
-3357,16063,1301
-3321,16076,1341
-3335,16193,1377
-3315,16157,1467
-3325,16209,1492
-3352,16155,1441
-3452,15992,1404
-3454,15864,1308
-3467,15766,1188
-3503,15713,1165
-3485,15780,1118
-3496,15909,1061
-3482,15999,987
-3502,16041,1030
-3519,16027,1051
-3498,16026,1044
-3477,15948,1038
-3490,15910,1120
-3525,15902,1124
-3496,15870,1155
-3474,15830,1172
-3433,15793,1250
-3464,15817,1210
-3365,15902,1184
-3385,16028,1127
-3338,16150,1082
-3293,16296,1043
-3300,16357,1011
-3281,16379,1036
-3310,16321,1038
-3330,16248,1120
-3325,16155,1096
-3357,16014,1125
-3386,15908,1125
-3452,15858,1029
-3469,15829,1010
-3405,15885,946
-3499,15973,844
-3491,16035,799
-3469,16062,757
-3449,16079,743
-3506,16030,787
-3543,15907,828
-3515,15899,924
-3545,15897,983
-3548,15908,1099
-3519,15870,1126
-3521,15827,1121
-3529,15786,1068
-3518,15747,1007
-3488,15824,1058
-3455,15984,1046
-3408,16175,1037
-3413,16262,1055
-3388,16341,1154
-3393,16279,1215
-3388,16156,1252
-3380,16031,1290
-3447,15907,1296
-3451,15825,1232
-3462,15809,1214
-3482,15749,1210
-3443,15848,1105
-3447,15923,1023
-3413,16060,923
-3393,16195,877
-3386,16232,871
-3382,16186,913
-3330,16104,963
-3399,16025,1034
-3432,16006,1183
-3432,15957,1156
-3434,16021,1253
-3437,16056,1293
-3417,16050,1303
-3439,15994,1250
-3445,15920,1233
-3398,15885,1060
-3441,15889,1012
-3452,15920,1019
-3438,16054,977
-3409,16155,987
-3399,16101,993
-3391,16118,1041
-3390,16037,1093
-3414,15975,1141
-3398,15940,1168
-3378,15969,1241
-3423,16034,1215
-3389,16078,1185
-3375,16112,1223
-3434,16138,1227
-3418,16133,1183
-3451,16127,1079
-3479,16008,1049
-3448,15992,1056
-3486,15972,1080
-3491,15992,1167
-3485,16055,1239
-3515,16053,1277
-3523,15948,1312
-3536,15815,1385
-3569,15760,1332
-3578,15705,1285
-3548,15689,1203
-3599,15681,1094
-3566,15785,1057
-3568,15821,1039
-3551,15844,1006
-3532,15912,1007
-3487,15941,1020
-3496,15947,993
-3452,15951,1014
-3466,15956,1123
-3411,15974,1249
-3335,16069,1284
-3294,16153,1315
-3323,16223,1289
-3284,16215,1298
-3289,16219,1200
-3296,16225,1085
-3298,16182,958
-3270,16192,831
-3258,16177,697
-3268,16215,674
-3199,16222,722
-3236,16248,814
-3219,16188,842
-3245,16137,993
-3274,16092,1098
-3237,15989,1210
-3280,16006,1258
-3258,16031,1229
-3266,16069,1167
-3264,16034,1147
-3304,15989,1073
-3349,15952,1003
-3383,15911,953
-3355,15892,882
-3405,15880,738
-3405,15880,708
-3371,15874,666
-3366,15985,735
-3331,16059,782
-3313,16199,853
-3360,16295,910
-3311,16269,961
-3348,16217,1097
-3335,16164,1156
-3332,16076,1216
-3360,16014,1307
-3374,16024,1364
-3398,16030,1390
-3417,16038,1319
-3421,16066,1319
-3434,16101,1350
-3466,16073,1231
-3443,16040,1129
-3447,15977,1074
-3528,15825,1007
-3545,15805,1053
-3516,15732,914
-3555,15741,856
-3556,15782,841
-3506,15856,914
-3468,15932,929
-3417,15977,877
-3425,16093,910
-3385,16227,956
-3371,16286,978
-3366,16303,949
-3366,16176,1023
-3374,16083,1068
-3410,16050,1049
-3405,16077,1024
-3378,16063,1079
-3399,16103,1091
-3402,16075,981
-3420,16026,962
-3467,15931,983
-3420,15890,997
-3431,15859,935
-3412,15971,892
-3404,16034,935
-3423,16075,979
-3376,16099,1000
-3368,16102,1018
-3395,16031,1053
-3346,15988,1058
-3356,16037,1040
-3399,16018,1083
-3372,16072,1109
-3403,16094,1175
-3344,16095,1261
-3409,16158,1316
-3400,16086,1361
-3468,15999,1345
-3516,15965,1361
-3513,15927,1268
-3478,15892,1202
-3509,15908,1122
-3524,15905,1018
-3565,15887,1270
-3552,15921,1305
-3490,15955,1282
-3469,16069,1243
-3479,16112,1180
-3504,16132,1139
-3523,16053,1125
-3498,16006,1160
-3515,15998,1128
-3513,16024,1103
-3540,16020,1142
-3527,16004,1110
-3549,15919,1131
-3563,15866,1113
-3554,15873,1116
-3528,15926,1064
-3576,15992,997
-3540,15996,827
-3574,15946,786
-3641,15855,778
-3561,15743,843
-3577,15683,847
-3572,15707,825
-3512,15817,869
-3475,15992,954
-3454,16083,1045
-3424,16110,1110
-3415,16115,1183
-3406,16074,1161
-3373,15954,1126
-3392,15972,1145
-3357,15970,1131
-3371,16102,1104
-3355,16160,1076
-3345,16234,1029
-3392,16199,947
-3332,16105,956
-3313,16119,975
-3342,16197,989
-3306,16246,1013
-3335,16278,991
-3338,16193,1075
-3359,16102,1140
-3387,16027,1179
-3409,15929,1205
-3427,15887,1108
-3423,15952,981
-3465,15909,921
-3490,15872,863
-3464,15882,874
-3459,15935,914
-3499,16012,932
-3438,16057,916
-3420,16110,977
-3424,16097,1142
-3373,16077,1252
-3425,16084,1411
-3385,16049,1379
-3388,16037,1463
-3376,16042,1471
-3382,16047,1483
-3380,16069,1419
-3389,16131,1386
-3408,16092,1320
-3446,16077,1182
-3450,16012,1136
-3505,15901,1153
-3496,15751,1169
-3542,15726,1209
-3524,15718,1206
-3503,15849,1169
-3482,15921,1173
-3466,16054,1214
-3493,16145,1207
-3464,16126,1250
-3491,16145,1187
-3465,16056,1182
-3479,16005,1114
-3522,15901,1097
-3542,15807,1131
-3485,15874,1169
-3494,15929,1131
-3482,16022,1065
-3472,16031,1013
-3480,16047,1003
-3440,16025,1012
-3466,15973,968
-3467,15947,963
-3470,15956,1007
-3434,16020,1022
-3425,16010,1005
-3398,16015,1085
-3443,16041,1034
-3423,16030,1025
-3388,16061,980
-3388,16106,993
-3414,16089,891
-3430,16079,843
-3421,16020,809
-3387,15964,811
-3416,15986,804
-3452,15993,796
-3469,15972,803
-3472,15959,836
-3414,16006,913
-3426,16106,930
-3437,16110,960
-3416,16156,992
-3386,16088,1008
-3341,16042,1035
-3316,16060,1068
-3394,16035,1078
-3398,16020,1098
-3410,16020,1052
-3378,16084,1082
-3335,16140,1066
-3345,16119,1069
-3341,16140,1082
-3374,16149,1151
-3423,16091,1124
-3382,15965,1169
-3415,15911,1152
-3425,15786,1148
-3467,15827,1151
-3456,15904,1113
-3403,16042,1103
-3410,16107,1059
-3431,16119,1080
-3431,16094,1135
-3431,16042,1252
-3404,16078,1323
-3399,16070,1328
-3447,16032,1390
-3456,16029,1459
-3468,15923,1456
-3488,15840,1416
-3525,15764,1328
-3489,15734,1173
-3510,15771,1046
-3471,15901,950
-3405,15999,924
-3465,16128,874
-3419,16192,877
-3428,16216,865
-3390,16196,918
-3380,16109,979
-3385,16110,1106
-3395,16044,1158
-3393,15989,1205
-3430,15926,1244
-3411,15949,1329
-3469,15942,1237
-3478,15953,1219
-3481,15919,1097
-3500,15893,965
-3489,15864,869
-3480,15858,827
-3499,15911,827
-3456,16051,742
-3449,16106,812
-3426,16168,883
-3450,16148,1022
-3479,16078,1165
-3434,15963,1252
-3455,15846,1311
-3497,15772,1381
-3501,15742,1342
-3474,15772,1234
-3467,15844,1207
-3448,15954,1126
-3414,15972,1016
-3410,16043,947
-3403,16021,938
-3366,16056,932
-3391,16142,986
-3363,16185,1039
-3365,16202,1099
-3357,16211,1127
-3337,16160,1177
-3364,16200,1252
-3361,16082,1174
-3382,16053,1195
-3359,16080,1150
-3414,16072,1055
-3388,16070,1008
-3361,16024,1109
-3408,16060,1118
-3396,16067,1069
-3473,16022,1003
-3425,15976,1038
-3437,15901,1149
-3456,15878,1169
-3479,15819,1259
-3443,15797,1369
-3409,15865,1432
-3380,15909,1476
-3387,16012,1537
-3326,16066,1573
-3398,16096,1497
-3371,16087,1454
-3401,16052,1342
-3444,16016,1262
-3425,15980,1180
-3413,15931,1144
-3408,15934,1117
-3415,15989,1167
-3393,16029,1146
-3404,16115,1158
-3378,16135,1201
-3374,16153,1219
-3371,16215,1222
-3355,16151,1161
-3388,16102,1147
-3410,16020,1110
-3422,15960,1127
-3418,16013,1090
-3483,15895,999
-3473,16006,912
-3474,16031,957
-3463,16055,956
-3418,16046,1079
-3414,16085,1078
-3454,16021,1008
-3482,15943,851
-3482,15884,909
-3461,15888,892
-3485,15941,838
-3486,16037,862
-3506,16084,888
-3500,16067,866
-3544,15997,859
-3560,15867,967
-3578,15812,1098
-3550,15824,1075
-3555,15860,1055
-3529,15929,1055
-3506,15972,1124
-3505,16004,1200
-3460,16030,1210
-3495,16076,1215
-3507,16051,1165
-3524,15998,1138
-3468,15985,1121
-3518,15949,1172
-3472,15937,1234
-3494,15973,1253
-3463,15989,1269
-3474,16049,1315
-3466,16064,1349
-3467,15951,1320
-3489,15849,1309
-3459,15883,1223
-3454,15972,1180
-3466,15994,1103
-3462,16032,1028
-3481,16011,1028
-3474,16061,1089
-3467,16013,1085
-3472,15984,1130
-3479,15984,1207
-3463,16036,1335
-3369,16057,1327
-3417,16109,1371
-3391,16087,1251
-3433,16048,1213
-3425,15925,1182
-3416,15810,1171
-3376,15832,1130
-3418,15886,1091
-3392,16048,1004
-3378,16135,1029
-3378,16184,1033
-3364,16155,1048
-3325,16144,1077
-3339,16117,1049
-3336,16062,1013
-3288,16070,1020
-3324,16073,1067
-3307,16070,1124
-3296,16094,1110
-3311,16122,1072
-3293,16209,1121
-3298,16184,1112
-3325,16146,1129
-3353,16064,1194
-3360,16009,1187
-3373,15978,1184
-3413,15973,1128
-3435,16016,1155
-3442,15919,1107
-3473,15879,1110
-3478,15836,1076
-3486,15880,1090
-3457,15932,1099
-3503,15990,1142
-3503,15991,1178
-3475,15946,1190
-3542,15904,1255
-3508,15888,1300
-3505,15853,1347
-3471,15870,1355
-3483,15903,1330
-3461,15927,1309
-3482,15911,1295
-3467,15920,1267
-3406,16014,1186
-3429,16063,1175
-3416,16157,1129
-3382,16201,1121
-3402,16237,1165
-3394,16242,1114
-3411,16173,1116
-3414,16049,1097
-3435,15934,1059
-3455,15888,1027
-3464,15967,997
-3481,15997,1030
-3501,16052,1081
-3488,16014,1103
-3478,15947,1208
-3455,15943,1312
-3440,16059,1335
-3431,16096,1359
-3476,16092,1315
-3470,16006,1286
-3498,15885,1240
-3523,15804,1202
-3524,15765,1205
-3516,15831,1144
-3485,15967,1097
-3463,16082,1109
-3390,16153,1123
-3412,16304,1201
-3363,16321,1173
-3397,16296,1214
-3390,16274,1187
-3448,16141,1059
-3499,15993,1034
-3488,15888,1060
-3477,15822,1019
-3502,15907,1016
-3442,16064,929
-3429,16215,846
-3419,16258,762
-3454,16234,817
-3459,16128,862
-3475,15974,825
-3550,15837,797
-3563,15806,827
-3643,15772,906
-3600,15725,932
-3646,15802,977
-3626,15745,961
-3588,15819,962
-3598,15907,906
-3607,15959,794
-3623,15999,839
-3642,15983,775
-3669,15878,766
-3691,15793,852
-3687,15730,917
-3731,15652,939
-3724,15675,1046
-3692,15665,1047
-3662,15721,1064
-3713,15727,1144
-3679,15772,1112
-3667,15809,1122
-3643,15835,1069
-3607,15930,1121
-3558,15999,1168
-3567,16009,1116
-3569,16033,1190
-3548,16000,1205
-3526,15970,1224
-3577,15935,1161
-3544,15935,1137
-3540,15901,1139
-3549,15866,1106
-3575,15810,1036
-3579,15909,1071
-3606,15971,1078
-3584,15947,1109
-3527,15951,1159
-3544,15885,1185
-3542,15837,1280
-3542,15875,1355
-3520,15965,1338
-3498,16090,1281
-3443,16104,1267
-3481,16072,1207
-3393,16049,1133
-3380,16071,1123
-3362,16105,1095
-3294,16177,1065
-3264,16254,1044
-3186,16356,1109
-3119,16360,1136
-3117,16486,1218
-3041,16559,1151
-3054,16533,1136
-3057,16451,1143
-3083,16334,1121
-3064,16229,1050
-3067,16147,1059
-3089,16096,1045
-3068,16153,1004
-3057,16263,950
-3045,16371,1027
-3094,16447,1106
-3097,16476,1140
-3148,16385,1152
-3258,16323,1196
-3247,16252,1205
-3375,16059,1174
-3427,15906,1135
-3484,15735,1095
-3553,15607,1089
-3591,15561,1008
-3654,15558,984
-3651,15684,920
-3669,15792,865
-3687,15826,901
-3692,15829,958
-3780,15793,1040
-3764,15653,1073
-3803,15632,1117
-3840,15588,1072
-3837,15546,1088
-3914,15576,1024
-3923,15570,969
-3876,15668,932
-4044,15626,1485
-4054,15587,1462
-4074,15503,1492
-4093,15457,1391
-4151,15390,1298
-4198,15315,1228
-4248,15218,1138
-4375,15190,1035
-4350,15009,1021
-4428,15054,1064
-4475,15014,1074
-4481,14898,1022
-4495,14854,1223
-4602,14845,1235
-5049,14817,1238
-4764,13517,1055
-4318,14091,2269
-4693,15631,1329
-4754,16426,1064
-5137,15629,2368
-5536,14533,2400
-5293,13177,2189
-5453,13020,1540
-5634,13438,1466
-5877,13689,1494
-5832,13695,1226
-5770,13800,1444
-5878,13499,1635
-6159,12920,1809
-5990,12468,1262
-6045,12711,863
-5960,12831,685
-6130,13433,1446
-5929,13000,1263
-6069,12534,1060
-5917,11906,-482
-5659,12572,1085
-5514,12829,1312
-5487,12961,1407
-5359,13389,784
-5340,13427,1340
-4735,13011,2121
-4496,13422,1063
-4539,13646,730
-4403,13636,1607
-4089,13445,2506
-3799,13376,1733
-3357,13508,1673
-3127,13850,1145
-3077,13926,1109
-3060,13728,840
-2535,12746,813
-1979,13146,540
-1653,14128,-312
-1247,15371,-1063
-679,16260,-450
-543,16860,-768
-153,16967,-1482
48,16606,-540
430,16331,-224
896,16942,166
781,17340,307
1194,17612,1167
1521,17671,1324
1609,17592,1587
1675,17977,2464
1850,17735,3111
1838,18029,3314
1953,18203,3345
2014,18108,3818
1939,17918,4332
1883,17358,5037
1806,16640,5378
1712,16188,5342
1614,15377,5147
1581,14834,4952
1636,14425,4732
1725,14195,4099
1995,14179,3423
2098,14513,2833
2306,14835,1595
2500,15126,885
2611,15284,287
2904,15698,-298
3247,16306,-806
3478,16916,-869
3687,17648,-164
3988,18008,392
4180,18419,1240
4213,18413,1639
4208,17470,2146
4383,16705,3014
4452,15508,2999
4691,15352,3143
4968,15722,2765
5083,16297,2618
5278,16704,2323
5431,17439,2098
5805,17875,1623
5901,18178,1504
5997,18385,1572
6070,18368,1951
6069,18323,2242
6023,18063,2835
6007,17961,3696
5876,17800,4137
5769,17400,4876
5732,17282,5409
5588,17017,5636
5480,16410,5081
5368,15701,4756
5271,15083,4286
5234,14428,3553
5305,14447,2761
5163,15012,1360
5303,15863,680
5516,16618,488
5711,17233,151
5699,18181,63
5641,18249,107
5903,17704,316
5670,17815,1663
5558,17746,1956
5535,17522,2663
5309,16822,3196
5203,16345,3893
5085,15779,4380
5133,15458,4410
5085,15018,3962
5025,14666,3554
5103,14650,3199
5173,14870,2504
5251,15421,1842
5374,15866,1409
5445,16417,1003
5517,17108,620
5660,17462,398
5773,17582,594
5694,17522,1100
5732,17409,1526
5607,17271,1940
5537,16901,2393
5470,16580,2876
5553,16344,3322
5386,16368,3021
5324,16314,2779
5181,16137,2754
5143,15919,2672
5062,15727,2235
4960,15717,1779
4951,15749,1599
4877,15807,1434
4848,15834,1287
4812,15796,1370
4801,15871,1570
4453,15606,1804
4773,15625,1719
4786,15726,2384
4616,15900,2769
4714,15781,2696
4552,15543,2890
4516,15326,2970
4500,15193,2950
4490,15248,2880
4493,15441,2789
4489,15530,2541
4457,15517,2459
4377,15305,2228
4358,15203,2120
4350,15039,1960
4349,15060,1748
4427,15185,1851
4478,15334,1914
4460,15462,2097
4536,15521,2265
4557,15699,2552
4594,15686,2627
4625,15658,2858
4602,15505,3029
4605,15528,3268
4619,15477,3397
4616,15582,3475
4651,15694,3430
4639,15738,3331
4623,15713,3150
4568,15602,2934
4491,15469,2710
4521,15232,2592
4550,15184,2505
4519,15258,2322
4561,15419,2157
4557,15486,2152
4579,15557,2298
4609,15495,2558
4647,15496,2600
4652,15530,2651
4666,15514,2653
4710,15503,2837
4684,15486,2869
4679,15456,2805
4653,15468,2819
4669,15457,2793
4682,15496,2631
4670,15453,2559
4669,15425,2426
4654,15388,2435
4660,15357,2414
4666,15329,2365
4717,15346,2366
4698,15434,2394
4733,15577,2403
4763,15620,2421
4751,15653,2495
4807,15700,2563
4783,15670,2560
4782,15640,2566
4695,15263,2547
4742,15257,2494
4660,15238,2448
4684,15164,2399
4703,15148,2367
4736,15246,2334
4747,15385,2269
4821,15504,2285
4836,15715,2364
4839,15770,2489
4884,15820,2564
4813,15720,2578
4810,15559,2717
4773,15470,2753
4780,15313,2847
4731,15255,2903
4696,15279,2917
4716,15203,2889
4785,15235,2875
4730,15244,2717
4753,15378,2682
4764,15400,2550
4784,15453,2428
4825,15416,2272
4829,15425,2269
4829,15395,2201
4866,15406,2227
4867,15397,2214
4923,15482,2302
4867,15476,2489
4877,15533,2603
4880,15523,2701
4859,15482,2900
4854,15405,2963
4853,15308,3048
4833,15240,3058
4796,15190,3046
4816,15169,3025
4779,15224,2903
4818,15267,2780
4829,15353,2656
4810,15370,2574
4769,15310,2420
4777,15245,2371
4754,15217,2343
4826,15177,2349
4837,15275,2352
4819,15397,2463
4915,15485,2559
4906,15620,2644
4934,15600,2730
4913,15566,2790
4934,15583,2873
4868,15518,2830
4802,15470,2889
4785,15376,2812
4783,15289,2785
4764,15128,2636
4774,15031,2491
4767,15074,2378
4779,15192,2267
4746,15297,2226
4777,15391,2210
4846,15476,2248
4870,15456,2354
4898,15401,2513
4896,15341,2719
4971,15380,2933
4951,15456,3079
4970,15547,3173
4979,15601,3237
4967,15523,3221
4882,15426,3107
4872,15319,2986
4803,15238,2867
4778,15222,2720
4807,15256,2602
4730,15238,2533
4759,15184,2454
4768,15123,2473
4704,15014,2424
4746,15044,2349
4812,15134,2406
4872,15234,2492
4890,15393,2530
4907,15472,2584
4920,15546,2710
4965,15519,2862
4973,15527,2930
4942,15512,2983
4959,15466,2966
4918,15377,2971
4914,15193,2938
4847,15115,2924
4869,15093,2874
4882,15129,2716
4882,15228,2578
4882,15290,2493
4902,15415,2374
5003,15435,2338
4927,15484,2369
5015,15558,2337
4979,15608,2331
4938,15553,2364
4930,15326,2473
4917,15197,2581
4957,15143,2657
4924,15184,2666
4904,15238,2691
4924,15259,2747
4947,15288,2703
4896,15287,2653
4908,15274,2623
4926,15313,2524
4875,15318,2483
4909,15339,2494
4942,15381,2472
4906,15292,2537
4899,15184,2454
4904,15072,2472
4910,15044,2458
4948,15095,2348
4950,15171,2299
5057,15249,2309
5068,15404,2341
5112,15470,2428
5136,15578,2476
5200,15654,2583
5152,15714,2690
5148,15636,2780
5148,15597,2897
5147,15558,3016
5091,15497,3083
5040,15375,3147
5058,15298,3185
5058,15296,3169
5050,15277,3063
4988,15286,2950
4928,15308,2770
4917,15268,2648
4946,15176,2598
4896,15086,2513
4869,15051,2406
4870,15053,2411
4890,15136,2535
4902,15230,2587
4927,15299,2700
4912,15353,2791
4863,15288,2820
4870,15212,2896
4813,15077,2942
4812,14999,2948
4835,14972,2848
4855,15013,2790
4852,15033,2725
4951,15116,2682
4976,15248,2636
5008,15432,2647
5040,15614,2624
5118,15854,2550
5101,15822,2475
5111,15768,2499
5073,15474,2672
5063,15299,2749
5083,15200,2835
5050,15264,2910
4986,15332,2924
4993,15361,2931
5002,15403,2925
5019,15382,2886
5006,15398,2679
4977,15277,2504
4962,15121,2315
4922,15050,2242
4959,15022,2218
5012,15073,2283
5035,15198,2499
5093,15268,2630
5105,15350,2768
5130,15453,2832
5200,15423,3021
5211,15467,3163
5203,15446,3250
5192,15448,3202
5175,15459,3132
5178,15474,3057
5125,15426,2833
5106,15390,2724
5058,15348,2620
5012,15304,2435
5029,15281,2309
5063,15252,2172
5011,15298,2122
5010,15342,2240
5023,15383,2325
5057,15413,2437
5074,15473,2656
5060,15468,2769
5099,15417,2863
5051,15326,3011
5017,15144,3104
4958,15101,3203
4954,15016,3255
4956,15034,3192
4940,15021,3111
4887,15027,2910
4885,15071,2809
4825,15091,2727
4904,15226,2647
4905,15298,2635
4839,15305,2531
4870,15321,2505
4835,15189,2479
4885,15080,2550
4890,15023,2625
4987,15071,2732
5058,15571,2869
5085,15553,2830
5039,15500,2810
4992,15390,2788
4974,15254,2762
4962,15177,2653
4948,15177,2656
4899,15229,2585
4933,15295,2590
4950,15258,2592
4878,15261,2563
4916,15245,2618
4902,15239,2687
4887,15190,2717
4898,15260,2824
4850,15140,2809
4819,15078,2853
4830,14983,2808
4818,14928,2813
4816,14979,2719
4779,14981,2682
4820,15079,2607
4840,15161,2582
4906,15224,2541
4906,15338,2552
4942,15304,2528
4983,15311,2559
4995,15243,2558
5027,15203,2540
5074,15239,2488
5119,15288,2530
5179,15417,2627
5176,15517,2678
5213,15639,2620
5252,15689,2597
5244,15671,2605
5250,15502,2658
5241,15392,2662
5167,15313,2670
5180,15305,2717
5149,15208,2778
5149,15189,2833
5160,15185,2856
5178,15240,2953
5186,15307,2993
5152,15414,2868
5190,15446,2865
5151,15425,2748
5102,15304,2691
5130,15240,2710
5092,15211,2593
5120,15211,2546
5069,15251,2548
5085,15187,2543
5120,15213,2560
5137,15274,2683
5182,15368,2783
5207,15530,2808
5223,15626,2744
5234,15657,2778
5206,15595,2793
5213,15465,2899
5131,15357,2931
5137,15294,2946
5083,15219,2887
5023,15150,2847
4969,15081,2816
4967,14907,2815
4947,14914,2814
4957,14999,2759
4999,15160,2554
4985,15269,2364
4941,15342,2343
4940,15290,2332
4982,15259,2378
4987,15197,2392
4982,15316,2467
5032,15457,2527
5030,15505,2624
5050,15438,2730
5064,15337,2771
5024,15185,2828
4931,15122,2871
4932,15027,2805
4864,14968,2791
4912,14916,2804
4914,14958,2797
4943,15076,2754
4953,15213,2704
4999,15381,2672
4999,15486,2544
4979,15377,2549
4986,15256,2574
4945,15110,2652
4969,15039,2726
4991,15122,2804
5001,15184,2924
4989,15296,2942
5043,15259,2979
5038,15221,3033
4968,15136,2957
4970,15057,2902
4947,15026,2796
4954,15106,2656
5012,15212,2633
5030,15360,2510
5006,15400,2482
5032,15503,2411
5012,15471,2353
5039,15395,2318
5025,15300,2422
5065,15253,2533
5066,15251,2607
5082,15211,2744
5054,15196,2864
5076,15209,2942
5136,15191,3037
5134,15228,3008
5131,15273,2939
5160,15376,2886
5148,15380,2771
5167,15404,2663
5175,15383,2645
5157,15345,2561
5163,15324,2536
5167,15410,2523
5154,15450,2595
5096,15420,2661
5107,15269,2784
5104,15173,2856
5075,15112,2949
5059,15099,2984
5025,15104,2982
5054,15158,2941
5038,15194,2911
5047,15233,2795
5051,15218,2670
5042,15197,2526
5008,15186,2504
4972,15205,2455
5019,15282,2441
5041,15276,2428
4994,15268,2506
4978,15198,2565
5013,15136,2646
5009,15103,2723
5087,15100,2752
5125,15213,2811
5174,15360,2823
5192,15482,2813
5185,15524,2859
5202,15569,2856
5198,15487,2876
5164,15417,2839
5115,15357,2801
5123,15298,2783
5105,15233,2763
5041,15178,2711
5012,15151,2607
4999,15090,2586
5046,15149,2539
5070,15194,2541
5086,15258,2458
5080,15310,2418
5099,15290,2383
5146,15299,2495
5165,15302,2602
5177,15310,2626
5111,15338,2691
5143,15337,2771
5156,15297,2882
5147,15316,2997
5111,15281,2997
5120,15278,2965
5035,15253,2904
5050,15209,2823
4983,15141,2694
4943,15049,2587
4901,14986,2526
4865,14914,2488
4896,14935,2492
4937,14993,2438
4916,15063,2496
4961,15105,2535
4964,15103,2552
5004,15075,2681
5041,15085,2746
5042,15210,2764
5091,15298,2761
5146,15451,2782
5169,15505,2766
5160,15460,2804
5154,15386,2839
5119,15325,2815
5136,15321,2753
5107,15271,2751
5091,15279,2654
5096,15274,2589
5061,15191,2539
5013,15156,2667
5046,15115,2642
5063,15088,2622
5017,15131,2650
5075,15163,2645
5062,15144,2689
5061,15126,2738
5107,15119,2787
5124,15130,2738
5187,15205,2783
5201,15271,2770
5169,15267,2747
5178,15216,2736
5202,15140,2742
5251,15095,2673
5226,15168,2688
5277,15211,2622
5381,14998,3751
5306,15440,3110
5175,15521,2770
5218,15307,3065
5327,15039,2785
5230,14928,2785
5240,14805,2667
5253,14874,2600
5257,15111,2210
5296,15450,2085
5302,15625,2218
5322,15506,2617
5353,15363,3088
5324,15200,2916
5327,15279,2989
5325,15317,3022
5300,15331,3151
5305,15315,3052
5248,15268,3150
5221,15144,3190
5225,15123,2994
5118,15121,2655
5163,15054,2415
5156,15164,2542
5250,15203,2617
5296,15428,2481
5256,15539,2359
5198,15591,2337
5209,15507,2382
5167,15391,2469
5203,15186,2713
5152,15066,2870
5145,15084,2902
5162,15103,2965
5164,15069,3103
5151,15103,3211
5184,15144,3237
5140,15161,3196
5147,15218,3076
5152,15196,3049
5162,15154,2940
5157,15143,2819
5173,15145,2678
5162,15186,2662
5218,15217,2724
5235,15280,2732
5242,15380,2718
5236,15305,2684
5297,15302,2759
5257,15257,2874
5269,15274,2949
5248,15314,2932
5262,15359,2895
5191,15310,2879
5173,15185,2909
5135,15016,2923
5148,14947,2830
5151,14935,2711
5113,15020,2663
5169,15167,2650
5198,15333,2727
5241,15381,2695
5232,15384,2641
5178,15336,2610
5151,15187,2628
5093,15023,2802
5077,14996,2917
5095,15000,2971
5053,14982,2927
5057,14919,3064
5090,14878,3086
5103,14903,3075
5112,14998,3020
5113,15125,2895
5167,15275,2846
5147,15304,2745
5207,15309,2752
5228,15245,2783
5209,15252,2846
5286,15325,2860
5293,15301,2866
5262,15351,2940
5239,15316,3050
5287,15302,3108
5279,15294,3138
5329,15318,3158
5262,15434,3104
5302,15436,2968
5290,15411,2909
5262,15327,2827
5241,15257,2783
5180,15215,2644
5194,15203,2528
5237,15230,2524
5215,15306,2517
5204,15360,2560
5224,15350,2601
5259,15373,2716
5251,15326,2725
5255,15287,2773
5223,15232,2784
5255,15213,2862
5217,15212,2857
5226,15250,2861
5222,15280,2788
5224,15259,2730
5235,15317,2662
5166,15412,2581
5181,15247,2513
5158,15317,2545
5202,15346,2552
5145,15388,2453
5123,15242,2396
5107,15109,2408
5082,15130,2394
5117,15178,2427
5073,15261,2399
5051,15295,2428
5114,15380,2404
5077,15279,2354
5024,15123,2398
4944,15001,2419
4909,14910,2478
4951,15014,2527
5001,15104,2503
4984,15231,2360
5021,15307,2364
5036,15372,2267
5037,15324,2199
5047,15293,2158
5043,15295,2087
5029,15261,1980
5034,15281,1944
5103,15364,1960
5125,15399,2090
5127,15421,2239
5125,15471,2394
5095,15430,2411
5125,15320,2480
5123,15250,2435
5023,15045,2474
4974,14961,2470
4994,14904,2484
4927,14893,2486
4938,14855,2414
4949,14890,2344
4962,14921,2382
4962,14917,2405
5013,14994,2448
5074,15153,2448
5073,15196,2459
5115,15308,2451
5133,15316,2515
5138,15254,2578
5180,15149,2663
5250,15258,2654
5251,15270,2701
5267,15396,2719
5293,15462,2746
5314,15487,2749
5347,15420,2603
5347,15429,2606
5350,15481,2546
5382,15582,2427
5387,15629,2469
5452,15746,2498
5434,15723,2542
5402,15709,2560
5407,15679,2666
5402,15587,2730
5393,15497,2769
5359,15350,2772
5304,15222,2889
5233,15141,2945
5183,15135,2963
5205,15163,2966
5220,15170,2889
5165,15193,2870
5172,15139,2837
5124,15058,2704
5124,15069,2659
5113,15131,2666
5132,15196,2651
5072,15252,2708
5124,15258,2766
5123,15185,2822
5099,15117,2902
5097,15091,3023
5151,15098,3022
5073,15125,3051
5115,15109,2973
5088,15106,3061
5087,15053,3029
5087,15067,3047
5095,15112,2983
5135,15253,2931
5149,15293,2915
5197,15342,2816
5223,15361,2775
5217,15419,2706
5245,15464,2677
5280,15586,2653
5283,15567,2701
5299,15544,2689
5278,15568,2801
5333,15571,2860
5279,15533,2960
5304,15504,3027
5325,15530,3000
5313,15496,3044
5279,15493,3060
5303,15540,2963
5307,15532,2849
5346,15534,2766
5320,15626,2616
5346,15615,2506
5159,15564,2847
5184,15524,2936
5103,15405,2957
5037,15366,2888
5018,15293,2834
4973,15271,2696
4951,15244,2503
4932,15247,2298
4885,15234,2182
4905,15306,2133
4928,15410,2072
4992,15494,2049
4934,15565,2127
4919,15587,2231
4871,15555,2453
4898,15512,2560
4901,15505,2694
4818,15308,2778
4757,15159,2801
4705,15074,2866
4716,15109,2831
4750,15065,2805
4758,15166,2672
4796,15304,2576
4804,15503,2506
4840,15699,2453
4868,15806,2464
4839,15750,2454
4834,15730,2623
4814,15661,2731
4774,15609,2826
4776,15438,2966
4756,15341,3169
4738,15254,3238
4653,15225,3245
4575,15198,3170
4567,15123,3046
4526,15118,2844
4498,15039,2695
4546,15014,2466
4524,15004,2232
4486,15055,1975
4478,15108,1914
4472,15195,1920
4442,15258,2009
4502,15308,2139
4512,15396,2288
4501,15440,2419
4488,15433,2627
4501,15346,2743
4435,15246,2908
4416,15115,3018
4443,15083,3054
4364,15052,3034
4382,15032,2992
4365,15033,2857
4378,15083,2854
4394,15087,2715
4440,15158,2645
4497,15227,2530
4560,15308,2438
4518,15526,2474
4564,15621,2500
4623,15644,2513
4544,15526,2559
4551,15367,2612
4600,15239,2713
4591,15254,2757
4558,15329,2726
4654,15373,2657
4670,15391,2598
4711,15417,2454
4717,15512,2400
4766,15632,2361
4809,15796,2241
4743,15910,2155
4770,15957,2137
4788,15856,2315
4751,15620,2439
4665,15360,2513
4621,15296,2685
4625,15309,2806
4573,15403,2870
4494,15503,2862
4426,15505,2819
4470,15449,2785
4503,15227,2692
4519,15067,2573
4507,15019,2575
4496,15192,2555
4553,15345,2647
4557,15467,2760
4584,15504,2719
4559,15575,2754
4560,15691,2795
4589,15743,2831
4651,15741,2849
4589,15746,2821
4511,15737,2867
4377,15722,2863
4440,15480,3170
4619,15273,3351
4614,15142,3464
4558,15417,3407
4551,15568,3476
4523,15609,3446
4396,15576,3250
4253,15503,3004
4164,15488,2743
4182,15470,2445
4404,15463,2353
4457,15568,2179
4229,16015,1757
4445,16341,2053
4708,16179,2511
4614,16030,2492
4588,16046,2646
4568,15978,2906
4572,15756,3059
4546,15518,3098
4565,15465,3016
4498,15557,2664
4513,15722,2460
4550,15798,2268
4417,15755,1898
4349,15902,1685
4359,15939,1609
4388,15844,1532
4346,15790,1458
4379,15820,1792
4420,15910,2075
4408,15956,2220
4356,15852,2429
4259,15678,2606
4173,15551,2681
4095,15459,2566
4081,15424,2321
4030,15355,2036
4020,15351,1676
4016,15471,1372
4012,15649,1155
4093,15771,919
4190,15805,844
4231,15869,839
4294,15901,887
4400,15962,1146
4454,15911,1456
4524,15833,1716
4492,15872,1936
4518,16030,2060
4558,16144,2115
4561,16173,2111
4561,16188,2024
4499,16156,1957
4448,16028,1842
4380,15985,1772
4281,15862,1706
4188,15760,1639
4134,15613,1674
4085,15558,1676
4099,15416,1697
4059,15453,1775
3977,15519,1716
4005,15649,1777
4076,15709,1766
4004,15691,1794
3977,15636,1695
4015,15691,1756
4005,15764,1798
4055,15731,1941
4121,15736,2059
4077,15814,2205
4071,15940,2242
4053,15965,2456
4062,15899,2618
3972,15792,2593
3875,15685,2441
3841,15610,2454
3808,15587,2533
3764,15630,2579
3786,15696,2610
3774,15942,2589
3810,16005,2631
3867,16037,2595
3749,16000,2503
3635,15943,2414
3512,15822,2448
3501,15721,2474
3549,15649,2467
3533,15647,2501
3546,15688,2490
3546,15757,2468
3539,15829,2450
3602,15935,2495
3584,16086,2509
3629,16188,2472
3516,16197,2218
3378,16098,2089
3288,16016,2150
3368,15894,2349
3361,15845,2336
3306,15901,2362
3185,15931,2442
3067,15922,2574
3035,15841,2561
3064,15700,2647
3004,15615,2679
3029,15679,2668
2967,15767,2514
2885,15932,2394
2912,15839,2355
2889,15715,2267
2864,15550,2109
2748,15379,1938
2680,15408,1897
2577,15407,1815
2685,15997,2729
2658,15888,2946
2545,15818,2950
2419,15668,2926
2356,15526,3026
2424,15372,3026
2423,15290,2773
2302,15379,2570
2355,15470,2451
2600,15507,2401
2681,15403,2291
2474,15366,1807
2223,15593,1556
2334,15581,1727
2634,15591,1831
3044,15692,1785
3147,16017,1811
2982,16474,1882
2735,16695,1869
2815,16634,2153
3038,16180,2772
2900,15823,2763
2414,15639,2349
2230,15587,2129
2521,15485,2354
2900,15439,2425
2969,15765,1948
3032,16290,1585
3138,16670,1601
3166,16880,1576
3027,16866,1271
2877,16772,1065
2698,16368,1244
2629,15867,1369
2637,15527,1450
2722,15390,1477
2665,15465,1463
2493,15505,1406
2460,15568,1625
2513,15558,1792
2464,15580,1622
2383,15569,1290
2438,15538,1106
2726,15505,1282
2850,15669,1280
2869,16020,1175
3026,16574,1126
3093,16808,1373
2996,16888,1542
2917,16856,1721
2868,16684,1912
2784,16391,2068
2709,15914,2161
2618,15652,2249
2519,15653,2311
2504,15698,2227
2428,15661,2147
2332,15764,2123
2141,15882,2011
2195,16064,2050
2457,16164,2162
2748,16149,2246
2681,16212,2136
2390,16269,1887
2078,16282,1904
2057,16018,2036
2198,15532,2156
2367,15451,1951
2408,15652,1703
2372,16047,1507
2397,16343,1533
2264,16425,1576
2189,16493,1626
2271,16412,1808
2500,16324,1997
2547,16186,2012
2442,16213,1938
2308,16330,2160
2211,16360,2498
2254,16318,2722
2361,16235,2869
2335,16317,2896
2190,16379,2706
2049,16423,2616
1757,16079,2514
1469,15687,2494
1159,15311,2464
1114,14903,2304
1129,14742,2130
1233,14726,1907
1397,14920,1909
1249,15138,1617
941,15406,990
1021,15581,803
1625,15436,1015
2040,15277,859
1620,15495,120
1189,15992,-577
1175,16241,-563
1455,16089,-150
1630,15883,-201
1670,16059,-471
1784,16378,-397
1925,16543,-140
2036,16742,233
2101,16902,592
2325,16959,1206
2550,16903,1983
2566,16794,2282
2499,16841,2415
2320,16834,2608
2066,16524,2708
1832,16141,2555
1707,15759,2346
1865,15734,2169
2033,15931,1855
1764,16274,829
1572,16610,331
1606,16716,591
1678,16522,917
1706,16335,940
1505,16225,959
1483,16153,1473
1622,15915,2119
1703,15847,2849
1508,15500,2900
1333,15396,3029
1296,15160,3205
1332,14883,2905
1253,14877,2641
757,14972,1798
678,15096,1239
821,15069,988
967,15215,565
1162,15432,308
1184,15680,186
950,15919,92
933,15937,373
965,15867,1011
1090,15834,1468
1572,15872,2005
1641,15945,2339
1520,16341,2270
1518,16712,2415
1653,16849,2895
2117,16903,3046
2502,16857,2959
2704,16907,2800
2448,17183,2407
2218,17194,2026
2386,16765,2220
2695,16194,2609
2498,15885,2420
2060,16017,1980
1984,16209,2093
2170,16244,2454
2309,16175,2613
2261,16349,2528
2258,16685,2552
2321,16829,2933
2157,16729,2896
1870,16598,2654
1742,16416,2658
1846,16057,3024
1818,15619,3038
1716,15515,2546
1927,15808,2380
2410,16148,2534
2537,16449,2198
2324,16689,1622
2153,17073,1378
2293,17041,1472
2454,16727,1390
2318,16387,843
1837,16281,621
1748,16231,900
2142,15960,1663
2376,15834,1890
2056,15859,1888
1709,16187,2152
1989,16115,2815
2181,15752,3334
2189,15487,3174
2011,15608,3002
1957,15758,3086
1814,15606,2967
1439,15502,2444
1278,15469,2084
1363,15397,1836
1674,15142,1864
1535,15054,1317
1243,15276,617
1127,15370,604
1051,15186,792
1090,14767,864
1278,14674,1215
1500,14849,1837
1651,15345,1955
2165,15767,2283
2522,16001,3112
2657,16360,3600
2496,16608,3906
2522,16826,4136
2966,16728,4480
3107,16555,4497
2948,16536,4236
2753,16595,4119
2482,16375,4269
1904,15844,4157
2112,15519,4137
2508,15103,4454
2246,14804,3984
1700,15057,3122
1555,15275,2623
1928,15284,2896
2151,15089,2704
2207,15947,2158
2369,15969,2563
2751,16119,2909
3123,16472,3629
3260,16727,3967
3357,16767,4303
3047,16434,4546
1972,16189,4192
1525,15684,3747
1669,14571,3906
1559,13818,3461
1345,13722,2465
1751,14594,2004
2641,15484,2438
2835,16371,2521
2172,17589,1483
2528,18248,1993
3484,18130,3297
4164,17432,4219
3446,17384,3366
2818,17844,3047
2741,17729,4346
2862,16943,4789
3079,16263,4533
2198,15916,3413
1575,16141,2572
1741,16035,2170
2426,15591,2051
2589,15645,1479
2321,16175,793
1809,16791,582
2358,16928,1211
2777,16756,2264
2577,16776,2516
2014,16904,2588
1691,16510,3213
1949,15735,4074
1860,15055,4186
1848,15153,3682
1552,15224,2936
1529,15181,2561
1264,14912,2149
1297,14968,1804
1157,15184,1506
1166,15224,1058
1105,15076,1050
903,15054,1192
678,15438,1240
1281,15569,1889
1672,15501,2501
1844,15541,2459
1747,16045,2320
2178,16592,2635
2548,16654,2782
2577,16360,2407
2296,16194,2210
1515,15959,1853
1298,15646,1915
957,15125,1624
835,14709,1354
1168,14729,1318
1947,15220,2007
2370,15973,1836
3054,16887,1966
3087,17745,2452
2956,17935,2729
2783,17767,2849
2566,16895,3298
2325,16118,3367
2584,15524,3415
2362,15253,3380
1950,15589,2706
2377,16098,2718
3631,16091,3874
3203,16117,3407
1228,16581,1196
-458,17168,-96
908,16579,1289
3368,15238,3124
3707,15057,2007
2814,17056,370
2947,18928,1186
3488,18607,4273
2643,17330,4525
1664,16380,3751
1200,15143,4187
1204,14116,4400
1364,13425,3031
1960,14588,2369
2106,15897,1901
2334,17132,1777
1585,17485,886
1969,17385,250
2152,17360,1369
1887,17279,988
1631,16941,107
2100,15667,1071
2396,15146,3171
1633,14884,2914
364,15314,1589
1211,14207,2276
983,14084,3564
688,14290,3392
913,14819,2427
1154,15322,2266
1372,15885,2046
1403,15547,1943
2091,15408,1857
2270,15333,2455
3487,15307,2658
128,12613,2849
-353,14456,3530
1383,16603,6649
2270,16739,5546
1870,16852,4878
2577,18159,5506
2560,18802,3081
1654,18370,1847
1153,17207,2449
1477,15793,3348
1947,15236,3231
1825,14863,1365
1911,15648,858
2218,16427,1442
2665,17196,2420
3085,17616,2731
2769,17983,3060
2589,18112,4049
2484,18043,4334
2653,17694,4202
2467,17120,3768
1834,16239,3123
1655,15685,3186
1581,15105,3233
1336,14826,2816
1398,14921,2263
1401,15263,1884
1509,15563,1933
1400,15841,1753
1342,15899,1458
1303,15836,1664
1235,15590,2391
1129,15382,2420
1683,14926,2101
1699,15454,3256
1443,15653,2834
1450,16077,3055
1651,15914,2966
1727,15724,3277
1632,15691,3427
1472,15813,3009
1556,15798,2361
1761,15705,2451
1794,15657,2543
1598,15757,2026
1394,15764,1635
1413,15694,1535
1830,15584,2072
1672,15650,1607
1416,15726,1433
1322,15637,1646
1609,15257,2141
1911,15036,2433
2177,15046,2389
2196,15329,2346
2229,15558,2624
2266,15748,2642
2591,15960,3128
2666,16146,2859
2551,16239,3049
2533,16199,3014
2546,16203,2911
2623,16175,2641
2643,16144,2511
2478,15977,2464
2536,15821,2437
2629,15672,2379
2727,15705,2169
2950,15811,2257
2903,15992,2371
2972,16069,2428
2894,16079,2636
2848,16048,2704
2131,15371,2353
2408,14787,2934
2484,15150,3081
2401,15457,3231
2361,15600,3376
2523,15552,3388
2741,15790,3552
2350,15436,2630
2422,15272,3083
3168,15998,3331
3285,16460,2962
3292,16865,2639
3489,17192,3127
3728,17405,3541
3518,17238,3500
3496,17038,3254
3070,16437,3028
3115,16079,3641
4077,15810,3136
2397,16247,2406
2935,16074,3362
3076,16206,2710
3248,15979,3285
3145,16240,2440
3203,16354,2317
2956,16159,1967
2792,15718,1636
3021,15428,2760
3779,15006,3165
2977,15113,5497
1396,14025,2940
1692,13863,1577
2372,15900,122
2126,16481,3520
3049,15223,6646
2967,14799,4022
3719,14449,1413
3613,14125,3656
2947,14492,3874
4230,14350,2571
2562,15535,2613
2547,15051,367
3078,14927,3703
3045,15935,987
4215,15151,-45
3889,15944,460
4120,16672,-152
3447,17428,757
4105,17010,-166
4008,16949,43
4157,17213,1503
4132,16414,1521
3933,16599,1418
4252,16436,2263
4090,16835,1805
4231,16815,2008
4244,16609,2406
4129,16976,2789
4281,16486,2771
3985,16101,2887
3951,15786,3570
4157,15314,3608
4048,15042,3499
4039,15152,3879
4133,15291,3816
4174,15652,3700
4345,16090,3710
4331,16241,3771
4374,16190,3712
4349,16082,3485
4341,15979,3190
4361,15935,2950
4380,15892,2747
4392,15983,2508
4350,16163,2169
4396,16272,1768
4392,16307,1650
4285,16269,1573
4239,16140,1549
4204,16144,1297
4169,16121,1186
4145,15962,1148
4139,15765,1328
4070,15689,1583
4041,15670,1673
4048,15691,1706
4083,15727,1916
4072,15658,2221
3977,15640,2511
3964,15528,2736
3957,15420,2780
3887,15288,2905
3796,15229,3176
3888,15230,3286
3889,15295,3063
3810,15148,3021
3752,15147,2983
3590,15119,2772
3654,15148,2417
3866,15134,2290
3602,15352,2127
3734,15417,1984
3669,15539,1145
3897,15566,1374
3686,15602,1335
3795,15690,1509
3943,15664,1752
3591,15766,1703
3704,15349,1289
3785,15361,1231
3600,15436,1649
3834,15047,2015
3741,15014,2423
3842,15133,2704
3985,15198,2662
3923,15346,2637
3948,15484,2740
3942,15652,2788
4084,15767,2872
4214,15638,3006
4059,15674,3133
4072,15551,3236
4114,15381,3137
4015,15311,3099
4038,15119,3029
4171,15051,2972
4174,15068,2913
4238,15126,2930
4230,15244,2919
4325,15353,2912
4457,15553,2808
4416,15514,2767
4401,15599,2813
4443,15578,3014
4456,15505,3019
4533,15485,3110
4605,15568,2862
4497,15707,2985
4817,15611,2838
4610,15405,3131
4676,15230,3320
4777,15138,3289
4747,15252,3264
4854,15319,3181
4830,15484,3106
4956,15506,3119
4847,15543,3269
4814,15465,3418
4848,15332,3380
4865,15329,3514
4911,15364,3392
4917,15353,3220
4946,15390,3281
4987,15406,3333
5003,15454,3519
4990,15582,3588
4994,15699,3436
5031,15674,3375
4989,15674,3346
4961,15559,3420
4944,15499,3418
4965,15449,3462
4936,15494,3385
4912,15558,3368
4899,15688,3249
4815,15828,3190
4819,15819,3181
4782,15804,3165
4708,15622,3279
4717,15524,3347
4633,15589,3584
4629,15543,3379
4565,15524,3637
4577,15338,3441
4549,15561,3745
4394,15546,3602
4317,15335,3524
4400,15250,3438
4352,15259,3214
4276,15262,3075
4227,15369,3052
4269,15420,2896
4151,15554,2913
4174,15630,2742
4118,15574,2669
4051,15472,2750
4137,15428,2644
4109,15507,2842
4127,15643,3001
4092,15711,3118
4077,15761,3251
4079,15663,3345
3970,15568,3491
3993,15432,3426
3919,15284,3462
3894,15237,3495
3963,15217,3415
3953,15430,3250
3939,15611,3011
3917,15599,2817
3859,15541,2822
3877,15526,2796
3840,15518,2726
3836,15427,2747
3834,15413,2727
3839,15501,2839
3860,15566,2930
3809,15625,2980
3850,15503,3090
3804,15485,3175
3845,15446,3263
3810,15531,3340
3816,15583,3280
3869,15621,3252
3845,15699,3200
3838,15711,3124
3870,15675,3075
3787,15575,2956
3747,15556,2951
3743,15519,2900
3720,15557,2892
3691,15512,2779
3693,15459,2792
3621,15361,2637
3736,15412,2589
3758,15576,2666
3628,15177,2459
3652,15139,2849
3752,15187,2913
3772,15358,2851
3807,15425,2735
3843,15628,2795
3797,15730,2856
3855,15664,2769
3884,15538,2676
3900,15574,2802
3898,15606,2807
3888,15627,2668
3870,15576,2721
3886,15453,2818
3866,15287,2929
3921,15261,3153
3935,15304,3224
4016,15487,3190
4103,15603,3207
4141,15718,3214
4159,15829,3052
4160,15838,3107
4146,15754,3086
4043,15563,2557
4012,15627,2512
4035,15555,2535
4039,15643,2527
4018,15633,2579
3967,15659,2666
3949,15625,2758
3912,15531,2865
3945,15483,3027
3986,15500,3108
4014,15634,3192
3849,15255,3018
4093,15331,3019
4191,15386,3291
4257,15555,3182
4191,15808,3232
4253,15948,3156
4304,15995,2835
4202,16015,2857
4273,15969,2900
4081,15773,2924
4008,15545,2563
4189,15564,3429
4068,15334,3123
4005,15485,3224
3902,15466,3138
3735,14810,2954
3751,14876,3793
3755,14707,3860
3650,14693,3788
3611,14629,3374
3569,14836,3575
3704,14898,3694
3771,15247,3696
4110,15020,3126
3781,14828,1552
3893,15496,3899
4031,15555,3280
4116,15621,3031
4134,15556,3027
4113,15626,3306
4310,15685,3807
4311,15588,3081
4240,15685,3287
4237,15833,3374
4282,15847,3455
4213,15804,3358
4183,15627,3253
4096,15440,3218
4078,15302,3158
4055,15359,3239
4043,15355,3185
4061,15443,3228
4041,15479,3198
4063,15573,3188
4056,15625,3041
4039,15474,3025
4034,15374,3281
4066,15394,3332
4067,15558,3181
4066,15621,3143
4063,15544,3193
4054,15423,3215
4004,15308,3272
4046,15232,3201
4029,15219,3142
4031,15240,3085
4085,15335,3051
4093,15429,3069
4103,15494,2964
4090,15486,2862
4126,15443,2858
4175,15420,2897
4156,15463,2893
4183,15558,2894
4194,15516,2876
4214,15477,2961
4232,15371,3132
4289,15337,3192
4252,15303,3250
4249,15247,3186
4245,15267,3160
4282,15297,3069
4300,15391,2966
4296,15427,2934
4343,15526,2891
4396,15716,2867
4375,15796,2947
4407,15839,2992
4285,15807,3161
4287,15710,3304
4250,15525,3487
4222,15302,3776
4175,15179,3874
4142,15140,3919
4130,15196,3976
4167,15262,3854
4153,15312,3755
4145,15285,3603
4189,15253,3502
4182,15328,3445
4220,15481,3272
4265,15585,3241
4283,15650,3233
4180,15731,3250
4155,15755,3304
4129,15638,3456
4134,15534,3541
4114,15476,3555
4197,15429,3783
4242,15356,3709
4253,15543,3688
4139,15678,3887
4124,15657,3837
4048,15616,3972
4069,15537,3833
4059,15622,3788
4114,15780,3618
4387,16114,3456
4292,16336,3353
4295,16021,3068
4335,15894,3151
4364,15926,3164
4300,16059,3252
4178,15998,3315
4193,15911,3490
4128,15704,3582
4040,15442,3651
4012,15380,3787
3952,15363,3816
3882,15433,3561
3843,15463,3251
3814,15450,2894
3754,15371,2713
3711,15230,2512
3695,15163,2351
3727,15223,2254
3747,15227,2206
3742,15280,2429
3764,15312,2556
3806,15258,2845
3833,15220,3166
3867,15116,3373
3871,15042,3549
3979,15066,3564
3975,15168,3494
3976,15223,3278
3972,15211,3120
3943,15116,2974
3953,15082,2849
3970,15108,2772
3978,15107,2719
4069,15035,2759
4185,15061,2924
4221,15126,3142
4284,15208,3335
4293,15249,3528
4396,15295,3701
4462,15337,3902
4446,15363,4013
4410,15249,4042
4367,15191,4028
4421,15180,3919
4429,15231,3829
4448,15333,3607
4472,15335,3411
4472,15385,3195
4549,15576,3084
4522,15734,2961
4498,15822,2940
4462,15781,2998
4437,15692,3090
4323,15615,3259
4309,15470,3466
4228,15490,3583
4164,15446,3573
4106,15418,3509
4053,15459,3393
3987,15448,3383
3942,15457,3230
3955,15471,3056
3973,15436,2845
3971,15509,2581
3946,15556,2425
3963,15568,2366
3979,15585,2317
4049,15630,2168
4051,15709,2083
4130,15774,2194
4116,15881,2353
4115,15910,2443
4185,15879,2557
4167,15864,2780
4153,15886,2927
4181,15931,3029
4167,16010,3052
4110,16046,3011
4119,15985,3026
4023,15890,2941
3889,15794,2675
3823,15653,2528
3832,15578,2492
3751,15564,2371
3743,15566,2303
3659,15586,2331
3769,15446,2724
3487,15705,2521
3463,15739,2250
3604,15622,2653
3568,15531,3034
3562,15455,3146
3467,15374,3241
3480,15312,3361
3525,15357,3448
3585,15511,3363
3601,15748,3287
3643,15510,3141
3620,15538,3315
3668,15454,3474
3601,15253,3547
3617,15177,3688
3644,15184,3769
3658,15250,3870
3681,15324,3887
3678,15319,3837
3661,15295,3844
3696,15280,3865
3684,15228,3826
3724,15206,3696
3739,15188,3641
3750,15192,3563
3750,15245,3507
3760,15285,3502
3811,15305,3518
3789,15278,3487
3834,15201,3561
3848,15165,3585
3917,15229,3639
3937,15369,3594
4009,15527,3515
4011,15564,3556
4008,15546,3579
4028,15364,3680
4009,15293,3731
4039,15220,3793
4057,15196,3731
4128,15316,3676
4131,15459,3598
4139,15535,3554
4172,15573,3511
4170,15613,3516
4203,15709,3381
4225,15777,3313
4197,15842,3213
4204,15791,3084
4210,15798,3067
4207,15749,3044
4224,15770,3042
4213,15815,3022
4232,15887,2976
4229,15976,2994
4181,15955,3109
4174,15749,3207
4119,15600,3304
4102,15467,3373
4092,15403,3431
4054,15460,3414
4010,15490,3238
3983,15518,3046
3944,15547,2885
3856,15455,2758
3858,15364,2653
3875,15370,2628
3881,15430,2722
3893,15539,2824
3881,15540,2971
3905,15474,3191
3867,15368,3368
3846,15332,3458
3811,15246,3514
3812,15275,3474
3789,15283,3460
3816,15330,3447
3811,15376,3428
3843,15460,3451
3868,15481,3515
3946,15457,3509
3987,15559,3578
3987,15690,3614
4017,15750,3699
4002,15737,3748
4001,15643,3705
4025,15495,3692
3966,15450,3792
3947,15386,3837
3959,15348,3878
3968,15415,3934
3966,15538,3895
4027,15687,3743
3995,15846,3604
3993,16027,3328
3979,16096,3248
3931,15986,3171
3883,15781,3114
3885,15568,3124
3795,15506,3184
3783,15485,3257
3793,15516,3313
3758,15516,3322
3775,15495,3454
3769,15485,3510
3803,15470,3573
3806,15551,3636
3856,15681,3614
3820,15782,3549
3871,15818,3615
3832,15856,3626
3823,15873,3553
3803,15828,3579
3587,15656,3325
3652,15289,3328
3565,15219,3237
3572,15080,3274
3654,15416,3283
3700,15807,3165
3752,16060,3031
3732,16043,3053
3736,15849,3156
3665,15611,3090
3736,15424,3325
3744,15505,3293
3741,15741,2961
3564,15776,2549
3985,16301,3370
3722,16421,2860
3590,15507,2615
3613,15422,2558
3611,15433,2451
3626,15800,2572
3545,15924,2363
3573,15833,2581
3495,15704,2885
3524,15564,3037
3507,15521,3178
3354,15082,3045
3514,14910,3177
3584,15289,2875
3570,15648,2746
3598,15716,2670
3630,15632,2789
3684,15712,2900
3721,15925,2913
3686,16020,2957
3679,15907,3081
3633,15665,3421
3627,15412,3499
3573,15243,3500
3552,15102,3607
3471,15081,3694
3468,15182,3509
3438,15316,3256
3514,15372,3105
3460,15327,3039
3467,15302,2941
3448,15323,2847
3463,15493,2863
3485,15477,2867
3411,15293,3044
3374,15186,3264
3354,15086,3502
3419,15062,3704
3380,15074,3726
3369,15093,3702
3355,15081,3641
3327,15112,3560
3319,15164,3384
3332,15234,3138
3323,15272,2864
3313,15410,2674
3404,15574,2478
3452,15706,2434
3447,15665,2471
3441,15631,2665
3535,15657,2914
3616,15760,3219
3690,15765,3371
3712,15795,3600
3711,15796,3697
3700,15806,3762
3640,15889,3681
3626,15845,3588
3586,15844,3456
3542,15829,3290
3526,15722,3190
3507,15687,3049
3482,15587,2907
3425,15434,2791
3403,15382,2621
3370,15557,2437
3368,15627,2307
3416,15701,2268
3437,15722,2267
3455,15778,2234
3482,15865,2226
3494,15960,2376
3498,15965,2493
3473,16011,2684
3533,15928,2903
3566,15949,3053
3585,15978,3159
3597,16039,3252
3603,16085,3161
3528,16172,3154
3539,16199,3087
3526,16163,3133
3480,16077,3224
3392,15920,3220
3304,15829,3177
3281,15760,3152
3284,15693,3119
3216,15700,3056
3167,15710,2990
3191,15791,2885
3204,15868,2748
3171,15953,2773
3191,15972,2724
3116,15948,2681
2974,15773,2528
2881,15578,2411
2797,15420,2387
2765,15307,2444
2730,15367,2465
2544,15356,3840
2528,15213,3579
2468,15142,3521
2441,15102,3402
2486,15169,3188
2482,15228,3012
2497,15120,2955
2554,15168,2997
2611,15264,3029
2679,15388,2919
2726,15457,2882
2735,15472,2953
2710,15377,3229
2621,15337,3278
2587,15233,3268
2558,14870,3415
2947,14691,3783
3181,14844,4029
3254,15430,4045
3329,15868,4100
3622,16409,4407
3753,16538,4752
3898,16522,4887
4055,16545,4860
3160,15678,4586
3379,15004,5186
3671,14916,5591
3705,14728,5866
3647,14799,5938
3655,14740,5981
3272,14759,5890
3361,14521,5908
3287,14518,5619
3330,14469,4969
3338,14779,4725
3389,15080,4668
3528,15840,5125
3375,15274,4504
3369,14635,4825
3447,14456,4983
3583,14738,5140
3790,15334,5392
4005,15803,5489
4168,15998,5345
4334,16316,5382
4433,16393,5183
4492,16517,4979
4477,16922,4594
4386,16939,3917
4317,16651,3784
4175,16319,4034
4122,15865,4100
4070,15695,4257
3932,15588,4383
3755,15475,4403
3551,15272,4503
3472,15269,4928
3323,14769,4518
3215,14427,4476
3275,14546,4680
3382,15001,4807
3517,15452,4896
3652,15767,5031
3674,15895,5120
3752,15965,5302
3933,16132,5511
3866,16376,5290
3749,16466,4594
3748,16443,4053
3665,16442,3496
3506,16262,2826
3166,15650,2243
3153,15223,2108
3366,15292,2207
3245,15388,2718
3226,15210,3290
3272,15380,4186
3199,15342,4515
3077,15345,4934
3189,15147,5469
2984,14986,5831
2773,14347,5669
2629,13989,5247
2665,13992,5104
2890,14472,5097
2884,14861,4568
2948,14776,4079
2994,14923,4021
2912,15297,4367
3332,14393,3555
2698,14377,4341
2924,14415,4617
2986,14681,4984
3140,14740,5031
2915,14442,5021
2899,14093,5372
2887,14042,4946
2933,14308,4372
3079,14647,4349
3492,15712,5427
2590,15042,2674
2952,14557,3483
3025,14284,3648
2952,14353,4239
3085,14517,4533
2842,14806,4629
2801,14994,4977
2962,14568,5493
2844,14628,5952
2663,14396,6047
2741,14335,6476
2755,14620,6595
2646,14830,6379
2649,14962,6061
2484,14848,5759
2442,14717,5585
2287,14584,5478
2180,14483,5393
2078,14348,5211
2004,14188,5250
1908,14032,5325
1913,13888,5408
1815,13616,5913
1808,13551,6146
1839,13527,6404
1804,13605,6759
1865,13800,6913
1868,13856,7031
1944,13813,7556
2068,13728,7824
2056,14202,7954
2310,14821,7528
2077,15215,7540
2212,15395,7421
2085,15505,7524
2008,15326,6378
1979,15250,5847
1893,14994,6120
1813,14858,5901
1682,14786,5339
1696,15042,5203
1776,15017,5494
1886,14969,5727
1969,15326,6000
2113,15603,6032
2232,15870,6359
2367,16102,6603
2398,16129,6566
2435,16153,6340
2307,16092,6446
1889,16089,6480
2044,15555,5321
1665,15138,5766
1581,14879,5884
1828,15191,5469
1863,15657,4799
1794,16156,4635
1434,16025,4641
1533,16134,5069
1644,15553,4040
1853,14891,5097
2360,15998,6643
2120,15439,4134
1562,14629,5245
2077,14913,6838
2321,15022,7165
2441,15113,7222
2420,15325,7612
2552,15869,8820
2932,16577,8406
2992,16527,7958
2997,16528,7888
3486,16115,8318
3272,15845,7800
3206,15526,7410
3277,15190,7429
3488,15854,7687
3674,15674,7332
3279,15623,7636
3542,15023,8013
3358,14261,8522
3145,13877,8614
3103,13235,8940
2666,12593,9781
2527,11797,10727
2727,10938,11572
2451,10697,11938
2049,10663,11984
2515,10709,12053
1997,10555,12020
2257,10838,12190
2387,11011,11786
2320,11069,10998
2352,11464,10611
2600,11799,10014
2743,12480,9517
2817,13239,8970
3110,13562,8398
2802,13351,8027
2874,12736,8156
3038,12136,8188
3035,11611,8243
3017,11646,8188
3267,11912,8528
3469,12066,9164
3347,12370,9622
3370,12565,9837
3507,12628,10059
3483,12667,10258
3484,12737,10560
3469,12641,10621
3320,12667,10530
3164,12826,10380
2918,12743,10017
2926,12618,9808
2794,12605,9807
2778,12905,7836
2624,13550,7753
2557,13280,8654
2565,13564,8556
2651,13813,8038
2734,14648,8086
2583,14566,8405
2468,14242,8226
2492,13949,8750
2317,13539,9209
2340,13384,9463
2699,13197,9915
2908,13802,11007
3030,14502,12106
3316,15522,12682
3729,16327,13077
3651,16845,13381
3954,17623,13305
4038,17645,12749
3858,16928,11606
3991,16938,10876
4117,16524,10081
3879,16074,9401
3950,15876,8718
4087,15321,8707
3691,15032,8876
3590,15511,9411
3500,15030,10274
3439,13935,10961
3328,13649,12024
3302,13666,12742
3074,12734,12935
3178,12769,14137
3196,12634,13912
2967,12469,13597
2749,12596,13784
2815,12652,13124
2717,12351,12671
2281,11994,12039
2150,11602,11253
1824,11113,10418
1486,10327,9605
1437,10250,10008
1142,10285,8877
817,9531,8625
779,9229,9025
730,8983,9070
550,9016,8473
323,8802,8089
515,9264,8320
525,9120,7531
316,9495,6855
217,9886,6775
-187,9812,5844
-592,9067,4889
-403,8803,4703
-427,8533,4636
-686,7998,3671
-709,9329,3108
-714,9869,4115
-775,10574,5724
-594,10436,5407
-677,10852,6286
-502,10514,7027
-492,10308,8034
-258,10885,7959
-135,10334,6242
-609,10727,7377
-513,10160,7768
-225,10035,8027
-666,10559,7885
-702,10137,7830
-1516,9386,8428
-1584,8643,8725
-1762,7608,8476
-2439,6596,8932
-2317,6433,9577
-2044,6709,11124
-2203,7496,11320
-1821,8770,12028
-2019,9944,11783
-1312,10820,11344
-1700,11038,10394
-971,11432,11567
-728,11923,10848
-669,11783,10098
-411,11494,11291
407,11452,12790
206,11569,12991
686,12632,12696
-798,11933,10600
-502,11491,12207
-148,10287,12829
-228,9359,13094
-135,8589,14266
-457,8096,14631
-1244,7004,16063
-548,7462,15445
-1365,6878,17065
-1478,6442,15640
185,6923,16699
-799,5724,14802
-715,7690,15487
850,5391,13379
410,6526,16554
410,9580,18265
750,13824,17283
1390,16113,18414
2135,16749,18252
2044,14304,19100
2663,11973,21242
2292,8789,22524
1870,6386,22335
1937,6673,22174
1613,7693,20369
1109,7690,19119
926,6894,19358
502,5499,19776
330,5313,19679
402,5356,19431
606,5344,18617
866,5757,18693
1059,6121,18692
1385,6693,19369
1648,5951,19471
1409,5668,20936
2314,7516,21818
2457,7602,20949
2848,8332,20585
3257,8742,21704
2953,7965,22840
3118,6557,23505
3196,5270,24285
3427,4679,24507
3233,4553,24697
3310,1246,24108
3264,5859,28069
3609,4254,25543
3663,5051,22255
3339,5502,22036
3430,4968,23834
3150,3490,23187
3087,3921,23424
3162,5297,22224
2411,5144,20299
1575,4211,19591
1196,1972,19826
1483,1388,22106
1599,104,22148
1595,-1088,21800
1303,-1402,19900
1730,-1588,20976
4017,7103,29496
978,2667,18160
2927,5824,19697
2235,4420,18740
2521,5966,20529
2275,4643,20487
2763,5033,19427
2514,5041,18496
2901,6978,19224
2752,7770,17996
2810,7908,16649
2618,7478,16682
2882,7161,17299
2622,7200,18176
2970,6393,18110
2900,6166,17942
3280,5785,17404
3034,5273,18823
2836,5189,21176
2612,4856,21715
2342,4134,20512
2057,3934,20134
1801,3393,20420
1481,3483,21336
1324,3652,20224
1184,3560,17758
1198,3865,16789
1183,3906,16049
1130,3988,14977
1264,4300,13744
1299,4577,12687
1429,4874,11469
1562,4988,10411
1685,5025,10417
1958,5217,10818
2044,6027,11782
2390,6147,12603
2662,5868,13894
3265,6714,16006
3074,7152,16442
2601,7008,18533
2369,5477,19073
2208,4719,20741
1987,2300,16587
1585,2183,18081
1670,2055,16238
1274,2008,13282
1187,2452,12895
1239,2666,12727
1024,3102,12680
910,3930,12248
980,4031,10676
1059,4312,10554
1401,4965,11376
1440,5622,10754
1075,4390,10183
1162,3424,11065
1452,2318,12335
1493,1415,10916
1618,2298,13612
1668,2163,10219
1250,2157,14543
2125,3207,13535
1873,3131,9767
2425,6260,15493
2230,5967,14996
2111,5122,15166
1930,3729,14977
2015,4291,14166
1789,4940,12496
1533,5353,11211
1414,5333,10333
725,5480,10021
569,5041,9283
402,4345,9047
179,3490,8831
84,2960,9409
-195,2335,9186
-77,917,8833
-68,919,9755
405,1249,10895
306,1915,10358
2282,5295,11608
592,4537,10378
-613,4594,9479
-23,4685,14650
-295,5461,10100
489,5609,9469
226,5555,9223
-4,5504,9659
-99,5339,10118
-695,4922,8984
-811,4568,9170
-1351,3559,10356
-1507,2639,11026
-1697,1568,10969
-2027,836,11186
-2054,20,11688
-2365,-437,12482
-2764,-3,12074
-2604,-11,11120
-2763,755,10662
-2682,1243,10780
-2785,1690,10862
-2693,2306,10485
-2519,3600,9983
-2601,3960,10518
-2727,4070,12315
-2633,3936,13072
-2713,3863,13051
-2727,3618,14411
-2857,3167,15209
-2948,2588,15499
-3080,2435,16324
-3095,2984,16678
-3043,3275,15037
-3180,3728,14182
-3233,3882,13982
-3430,4222,13206
-3624,4413,12060
-3665,4557,10956
-3775,4818,10363
-3767,4963,10507
-3744,4977,10524
-3663,5049,10652
-3594,5265,11370
-3467,5279,12378
-3177,5577,13408
-3350,5696,13865
-3212,6330,14800
-2482,6982,13180
-2086,6060,15507
-2433,6399,16155
-1946,6657,16149
-2086,6667,14453
-1948,6981,15561
-1838,6222,15648
-1770,5739,16448
-1786,5294,15849
-1618,4830,15967
-1552,4116,16154
-1721,4074,16753
-1793,3738,16530
-1640,3601,16640
-1602,3217,17129
-1336,3036,17515
-1195,3534,17697
-1045,4181,17036
-856,5008,17028
-696,5674,17032
-700,6187,16501
-625,6430,16003
-514,6675,15922
-723,7022,15822
-582,6829,15221
-569,6423,14233
-277,6093,12871
-518,5313,13327
-482,5083,15029
-505,4819,14555
-713,4447,13863
-548,4105,13629
-547,3450,14871
-392,2968,15258
-339,3068,14935
-194,3433,14378
-14,4226,14447
270,5044,13906
537,5813,12944
744,6266,13194
956,6191,13844
1121,6769,14575
1207,6875,14094
1310,6931,13233
1400,6786,13290
1508,6415,13412
1541,5813,13297
1672,5117,13022
1774,4918,13441
1831,4751,13514
1790,4835,13287
1802,4927,13192
1840,4854,13142
1815,4822,12794
1887,4867,12360
2015,4843,12229
2124,4770,12340
2142,4725,12564
2279,4791,13083
2469,5010,13696
2620,5254,14207
2841,5281,14903
2998,5243,15504
3223,5629,15645
3320,5468,15130
3332,4830,15088
3482,3909,15343
3561,3163,15402
3584,2484,15055
3457,2237,14788
3595,2231,14627
3842,2172,14529
3855,2448,14146
4124,2479,14460
4233,2690,14808
4364,2757,15025
4398,2889,15485
4604,3060,16004
4645,3197,16476
4773,3088,16780
4782,2909,16861
4650,2402,16907
4678,1982,16936
4948,1989,17114
5104,2070,16732
5084,1957,16122
5390,1637,15759
5391,1157,15893
5783,924,15676
5897,945,15236
6177,1542,14830
6460,2163,14949
6494,2794,15002
6656,2712,14638
6727,2433,14776
6764,2064,14990
6816,1609,15038
6804,1199,14406
6806,593,13831
6716,137,13578
6656,-329,13067
6398,-1069,11906
6394,-1445,11383
6376,-1815,11058
6343,-2242,10128
6343,-2702,9617
6413,-3015,9268
6675,-3608,9096
6883,-3936,9213
7006,-4150,9328
7496,-4110,9847
7982,-3969,10030
8432,-3490,10419
9141,-3296,10304
9623,-2956,10473
10003,-2883,11210
11473,-686,8298
11492,-1871,9486
12176,-3193,8944
12497,-3404,11747
13255,-3673,11583
13692,-3614,9331
14098,-2021,9950
14943,-1817,9119
14867,-1513,7715
15155,-1487,8932
15629,-1527,7867
15814,-1904,6866
16177,-1926,5872
16394,-2256,5589
16761,-2616,5928
17340,-2596,6090
17580,-2758,5646
17810,-2288,6415
17970,-2334,7546
18044,-2703,8610
18229,-3291,9377
18298,-4207,10711
18390,-4319,12863
18288,-4564,13878
18048,-5129,13796
17604,-5655,14383
17153,-6057,16028
16805,-6559,16484
16441,-7205,15459
15736,-7737,14349
14963,-8359,13445
14786,-9170,13884
14560,-8331,11821
14095,-8092,9908
16583,-4476,13810
12661,-8830,8031
12433,-6983,7253
15952,-7527,7078
13820,-5400,12100
14773,-8179,10422
15795,-7689,8813
15188,-7031,9278
16889,-6026,9160
17189,-4702,10768
15117,-7166,2663
19588,-753,17785
15586,533,17845
10033,-461,14401
16561,3252,12374
17148,5686,20676
16479,3207,19357
15477,1320,15071
15424,-197,16370
14702,1092,18365
15168,-1744,15185
14244,-737,11143
14712,1774,10892
14094,2530,11808
13134,2555,11224
12535,2008,10015
12897,1146,9438
13091,3321,11583
12598,3122,9039
12776,1563,8980
12722,-96,9529
12036,-693,11716
12184,-2585,12975
12022,-4748,12154
11319,-6015,12606
11095,-5794,14805
10756,-5219,14222
10335,-5125,13132
10148,-6235,12732
9910,-7576,11916
9670,-7607,10817
9584,-6937,9438
9732,-5002,7607
8461,-7015,5242
8284,-8258,5449
9172,-7702,6261
8649,-8460,5515
8461,-8528,5206
8464,-6849,5845
8905,-5883,5899
8966,-4906,7292
9404,-4783,7915
9991,-4086,10051
10168,-3451,11024
10427,-2526,11199
10937,-2336,11445
11399,-2609,11857
11274,-2882,13692
11388,-2584,15157
11263,-2401,14988
11415,-2786,13716
11351,-3886,13500
11370,-4750,13971
11513,-4418,15426
11402,-5128,12143
11349,-5014,11006
11494,-4860,11496
11639,-5062,11746
11652,-5159,11590
11739,-4946,11688
11758,-4648,12450
11999,-4811,13227
12014,-4645,14743
12101,-4301,15323
12221,-3933,16283
12250,-3637,16833
12396,-2964,17249
12620,-3328,17878
12402,-3580,17683
12178,-3387,17470
12272,-3414,16951
12389,-3847,16364
12554,-4348,16324
12700,-4812,16359
12973,-5241,15541
13115,-5843,14989
13072,-6486,15162
13370,-7278,14697
13381,-7795,14369
13476,-8255,14553
13680,-8700,14407
13745,-9030,14776
13713,-9166,15134
13490,-9179,15413
13552,-9313,16000
13313,-9322,16425
13304,-8981,16571
13104,-8621,16501
13007,-7759,16885
13106,-5932,17343
13235,-4271,17122
13252,-2717,17057
13296,-898,17187
13191,300,17541
13217,1687,17270
12770,-1886,9477
13185,1390,18637
13060,1509,21611
13021,2114,18495
13359,3939,16621
13615,2572,15230
13254,2867,19169
13332,-226,18339
13194,-2806,17563
13076,-3194,15915
13106,-4163,14795
12907,-4596,15542
12858,-3513,16602
12974,-4278,15221
12742,-3276,11896
13247,-3953,13183
13770,-2166,24010
13755,-4648,11718
14238,-6604,12760
14280,-5349,19205
14581,-6226,19454
15278,-6018,19402
15768,-5911,20927
16236,-5086,22180
16425,-4685,23007
16429,-5171,21023
16448,-5970,20598
16628,-6632,21159
16762,-7034,19538
16828,-6889,17595
16639,-6813,17285
16609,-6662,17875
16661,-6522,18328
16881,-6491,18823
17430,-5461,17514
17035,-6951,18932
16911,-7164,24352
17819,-7927,20149
17301,-8119,18607
17800,-6693,20642
18193,-6497,19619
18368,-7214,19132
18519,-7534,18987
18584,-7745,17999
18675,-8027,18004
18857,-7391,18804
19015,-6908,18137
19088,-6369,17959
19176,-5961,17484
19250,-6169,17577
19282,-6853,18178
19060,-7929,18100
18472,-7982,16884
18195,-7675,16497
18149,-7973,16072
17674,-8401,16095
17714,-8823,16511
17815,-8972,15318
17334,-9641,15734
16339,-9602,15369
15664,-9917,15237
16203,-9857,15926
16327,-7911,17525
15299,-7148,15646
15093,-7491,15712
14646,-8273,16390
14572,-9098,15849
14388,-8854,16326
14039,-8988,14664
13773,-10274,12199
13613,-8941,14016
13348,-8174,12442
12815,-7197,10009
13007,-6809,10200
11887,-6286,7644
11187,-5676,7132
10716,-5677,7246
10231,-6181,6116
9692,-6329,6035
9436,-6537,5745
9183,-6459,5977
8834,-6156,6671
8574,-5846,6823
8313,-5202,7064
7801,-6592,7905
7384,-3029,10388
6549,-2011,2289
8263,-605,10806
7599,-4736,6317
7558,-4050,6747
7543,-2198,8598
7439,-1188,7892
7696,975,6945
7410,1180,5823
7286,2321,6306
7263,2398,6399
7326,2860,7028
7153,2833,5380
6920,3026,3731
6822,2290,3533
6513,1325,3804
6288,1132,5074
6184,1335,4196
6112,2060,3008
6068,2844,3806
5941,2596,4701
5801,1995,5697
5631,1986,6359
5734,1721,7658
5560,2780,6849
5743,2505,7260
5695,2848,6913
6001,3397,6729
6308,4227,5474
6470,4459,4109
6715,4468,3732
6978,4640,4208
7185,5066,4375
7350,5705,3356
7705,5909,2538
8002,5938,2982
8124,5317,3062
8178,4688,3113
8154,4478,2966
7728,4532,2305
7952,4533,1981
8185,4281,2599
8121,3381,3692
8201,3060,4909
8445,2197,5737
9000,2186,6585
8919,2213,7569
9603,846,7642
10210,-49,8317
10766,-571,8614
11465,-971,7545
12009,-927,6378
12551,-780,5225
13314,65,4809
13931,181,3696
14390,158,3320
14789,514,2985
15146,438,2694
15428,854,2608
14405,-830,2663
15822,3304,4626
16537,-220,-3143
16595,-551,3906
16137,-3378,4534
16431,-3460,2409
17454,-2754,2815
17635,-1036,7263
17869,-4172,8243
17768,-4504,9160
18091,-4493,7536
18221,-5058,8365
18309,-4936,9298
18456,-4501,7224
18687,-3659,6051
18791,-2901,6511
18964,-2784,5783
18939,-2503,5693
18859,-2415,5457
18030,-4265,1431
18323,-3888,8571
18455,-4659,6550
18457,-4117,5740
18591,-2713,7125
18630,-2931,8039
18630,-3022,8163
18508,-3364,8057
18544,-3689,7494
18167,-3718,7442
18540,-3571,7341
18345,-3558,7464
18534,-3390,8148
18512,-4795,8438
18509,-5782,8770
18492,-6554,8382
18582,-6833,8280
18466,-7102,8770
18566,-7342,9724
18960,-7228,9936
19111,-6878,9551
19276,-6234,9908
19432,-6010,10320
19546,-5864,10468
19666,-5820,10776
19640,-5952,11005
19720,-6207,11101
19714,-6692,11672
19680,-7171,12331
19683,-7432,12860
19523,-7735,13245
19550,-7789,13724
19454,-7838,14261
19293,-8119,15223
19175,-8377,15897
18660,-8130,16481
18019,-8585,15196
18459,-9379,15847
18518,-9905,17527
18357,-10209,19530
18166,-10517,18929
19033,-10671,19540
17944,-9695,18695
17871,-8819,20034
18015,-7969,20781
18050,-7180,20969
18078,-6353,21433
17944,-5456,21685
17866,-4878,22254
17755,-4301,22818
17607,-3374,22800
17604,-2638,22312
17200,-2390,21096
17062,-466,22257
17051,-173,19229
17493,1361,19999
16409,-565,21149
16956,425,24142
16818,2404,19581
16801,5269,18421
16939,6101,20062
16749,5958,20436
16435,1938,16403
15928,-1110,15128
15597,-2054,18102
15246,-1541,18713
15086,380,16380
15167,846,15192
14905,169,17259
14912,-785,23688
15101,-1509,15089
14025,-2437,14381
14591,233,20747
14836,-1513,15956
13911,-2072,15925
13305,-1961,17359
13750,-2465,17530
12799,-1710,18844
13276,-3016,17017
12915,-3279,17267
12851,-3566,17134
13232,-3479,16346
13062,-3885,15384
13764,-3979,14233
13536,-4429,14857
13806,-5560,14774
14133,-4279,13048
14030,-3308,14590
14621,-4462,12821
14502,-4955,14121
14691,-6601,14216
14534,-7497,14557
14610,-7049,14680
14571,-6357,14907
14236,-4699,16911
14474,-3048,19334
14175,-2784,18919
14112,-1813,19134
