10662,1692,17521
10475,1754,17937
10322,865,18487
9866,419,17847
9884,117,18829
9906,-7,19680
9533,-4,18833
9021,-450,19374
8862,-222,20122
8358,35,20057
8271,783,20739
7758,923,20554
7702,2169,21578
7194,2572,21305
6989,3268,20656
6959,4713,20607
6756,5271,21459
6418,5393,20826
6151,6172,20400
6003,6672,18329
5973,7646,19725
5795,7350,20345
5650,8053,20163
5691,8525,20422
5990,9071,24285
3626,6480,19890
4960,8218,22194
4954,9555,20849
5327,10995,22150
4834,10303,20037
4610,9850,19674
5080,10210,20740
4847,10385,19823
4780,9998,18557
4998,10758,19591
5268,10547,19011
5153,10896,19396
4915,10306,16861
4596,9312,21285
5619,13281,18986
5732,10349,28312
4752,10774,16447
5689,13050,18573
5246,8683,19042
5711,10966,20939
5664,10583,21355
5813,9436,23389
5846,9135,21522
5639,9994,21618
5631,8721,22207
5697,8663,22130
5563,8775,22962
5483,8911,22172
5309,8671,21966
5412,8356,22926
5312,8127,22390
5327,7524,22579
5540,7502,22173
5610,7953,20388
5783,7822,19821
6020,7357,19769
6040,6887,19414
6242,6837,19989
6570,7214,19170
6815,7525,18402
6952,7226,18525
7272,7295,19054
7506,7472,18257
7730,7910,17775
7751,7897,18050
7962,7745,18632
8031,7736,18366
7932,7537,18148
7612,7048,17451
7838,7758,17520
7543,7774,17508
7228,7347,17444
7119,6936,17447
7098,6661,17491
7154,6354,18056
7293,6420,18029
7457,5942,18455
7828,5682,18759
8076,5313,19015
8344,4812,19018
8858,4535,19767
9243,4224,20043
9651,3801,20774
10261,3640,21098
13228,4076,23809
13592,3859,23506
13864,4336,23482
13950,2588,26093
14692,4691,23554
14752,4722,22755
15192,5092,23943
15380,3892,23208
15566,4883,22751
15834,5487,23608
15882,4863,23495
16302,5737,23301
16466,4005,25704
16262,4966,22335
16349,5715,21785
16473,5570,24706
16754,4907,24779
16822,5773,23017
17069,6101,23294
17172,5634,23989
17561,6034,23430
17685,6671,20880
17838,6604,21054
17983,6567,20420
18177,6972,19256
18017,7351,18125
18232,7681,18866
18127,7878,17663
18211,8053,17983
18184,8059,17399
18124,8776,16634
18175,8546,16798
18084,8591,16112
18092,8739,15331
17897,8762,14627
17783,8983,13252
17610,8766,13620
17297,8698,12493
16873,8645,7810
16589,8261,12173
16270,7531,11491
15887,7546,9991
15343,7993,9987
14975,7392,9743
14948,7296,10669
13826,6081,7976
13934,6509,8166
13722,6243,8181
12977,5194,8181
12481,5146,7517
12004,5470,6424
11561,4838,6195
11303,4878,7416
10860,4356,5987
10495,4709,5518
10091,4195,5297
9912,4463,5725
9452,4381,5123
9145,4346,4803
8731,4522,4092
8476,4349,4196
8021,4159,4146
7888,4401,3330
7805,4592,2456
7482,4492,2283
7120,4432,1786
6792,4776,1781
6807,5193,2119
6318,5527,1741
6337,5965,1392
6405,6960,1799
6400,7047,1305
6215,7249,1557
6188,7480,1522
6051,7626,1466
6005,7723,1908
6128,8044,2602
5992,7877,2578
5897,8216,2777
6029,8259,2983
5875,8102,3652
5667,7904,3250
5463,7916,3493
5413,7539,4070
5169,7571,4217
4921,7856,3996
4852,7751,3273
4749,8628,3937
4562,8585,3856
4340,8521,4026
4395,8552,4536
4531,8665,5531
4639,8334,5553
4611,7990,5336
4754,7005,6609
5012,6598,7649
5116,5181,8105
5174,4608,7918
5119,3994,8253
4939,3694,8626
4840,3691,8896
4544,3709,9285
4302,4381,9543
4489,5386,9618
4482,6347,9578
4604,7784,9412
4430,8559,9145
4445,9289,9298
4376,9744,9793
4385,9472,10167
4443,9703,10571
4549,9453,10635
4591,8870,10533
4622,8355,10390
4628,7652,10324
4742,7056,10478
4835,6724,10722
5055,6805,10434
5349,7246,9601
5600,7762,9106
5890,8081,9013
6160,8473,9002
6422,9309,9056
6541,9862,9260
5292,9027,10637
6983,6481,10678
6919,9179,10100
6810,10742,5816
7869,12507,10288
7550,8583,10258
7974,10088,10135
8274,10639,7604
8585,10315,8580
8670,9493,9054
8961,9662,8126
9098,9428,8170
9177,8625,8858
9424,8159,9924
9467,7844,9739
9607,7643,9715
9809,7119,10515
10015,6968,11339
10202,6856,11497
10283,7103,10720
10444,7090,10510
10553,6866,11159
10641,6753,11610
10713,6836,11768
10737,7072,11684
10810,7193,11791
10860,7464,11964
10892,7731,11989
11022,8145,11756
11051,8441,11345
10994,8624,11199
10978,8503,11257
11075,8905,10957
11139,9062,10821
11170,9026,10964
11261,8832,10738
11403,8831,11082
11436,8531,10950
11382,8228,11189
11443,7943,11287
11424,7858,11677
11538,7034,12156
11676,7093,12528
11736,6999,11867
11717,6979,12440
11982,7080,13236
12093,7007,13415
12212,7201,13792
12321,7590,13633
12625,7843,13877
12821,8149,15028
12861,8064,15565
12848,8042,15556
13068,8674,15638
13054,8475,16018
13007,8474,16243
12903,8352,16385
12915,8359,16985
12743,8040,17208
12584,7961,17030
12412,7856,16943
12236,7702,17576
11929,7378,17918
11637,7524,17723
11527,7168,18477
11331,7860,18659
11140,7995,18720
11053,7760,19301
10910,7886,19796
10774,8234,19547
10692,8359,19409
10599,8513,19429
10494,8812,19604
10363,8814,19759
10139,8717,19674
10054,8962,19646
9720,9296,19991
9924,9811,20240
9307,8431,20339
9085,9785,19632
8917,9610,20142
8537,9179,20373
8252,9693,20562
7879,10017,20511
7591,10373,20548
7330,11130,20563
7113,11389,20393
6993,11973,20301
7094,12725,20316
7002,12906,19825
7000,12819,19275
6856,13028,19054
6336,12710,21280
6016,12040,21078
5662,11769,20565
5360,11639,19258
5418,12236,21241
4811,11069,21040
4778,11274,21274
4540,10628,20707
4349,10926,19948
4276,10136,18781
4330,9640,19549
4552,9468,19599
4695,9179,20078
4889,8843,19421
5289,8818,19539
5618,8245,19795
6006,7734,19852
6271,7514,19856
6578,7238,19633
6855,7067,19761
6833,5859,17064
7601,6843,21678
7035,5297,20042
7025,6537,19183
6817,5929,19170
6600,6568,19953
6086,5336,19020
5556,4132,19205
5234,5113,19006
4858,4896,19040
4571,4341,19455
4627,4612,19442
4531,4374,19575
4682,4314,19520
5002,4351,19385
5145,4235,19045
5425,4145,19743
5755,3899,20162
6094,3979,20238
6539,3843,20796
7101,4553,20175
7558,5037,20214
8176,5014,21119
8686,5251,21238
8998,4996,20610
9627,5712,20767
10058,5299,21714
10360,5332,21832
10833,5737,21061
11187,5858,21885
11150,5313,21510
11688,5936,22299
12090,5870,22336
12189,6153,22089
12500,6247,22319
12922,6588,22677
13067,6680,21479
13486,6736,22071
13874,7382,22584
14262,6826,23370
14472,8209,20364
14637,9702,19159
14934,8013,22580
15181,8188,21673
15591,9938,21693
15491,9263,19772
15725,9775,20075
16053,10497,21006
16177,10633,19488
16222,10594,19549
16350,10039,19896
16529,10594,18738
16450,10557,17333
16499,10107,17439
16599,9686,17327
16757,9612,17073
16790,9246,16730
16750,9061,16037
16699,8747,15771
16569,8295,15690
16391,7827,15356
16089,7333,13251
16320,7527,16506
16008,6686,15854
15919,6914,15282
15667,6277,15266
15604,6726,14820
15305,6257,13851
15201,6192,13020
15038,6061,13418
14806,5613,12549
14697,5875,11960
14286,4981,10142
14500,6062,10958
13862,5383,10129
13642,5851,9934
13298,6222,9925
12965,5855,10403
12672,5421,9738
12444,5266,10318
11874,5062,10104
11505,5368,9696
11251,5658,10382
11133,5813,10233
11078,5941,9266
10913,6219,8840
10788,6684,8024
10669,6993,7440
10443,7227,6052
10235,7487,6188
10092,7711,5932
9743,7624,6130
9603,7870,5556
9406,7954,5715
9216,7636,5457
8734,7133,5576
8637,6978,5629
8296,6185,5389
8276,6081,5893
8263,5030,6450
8028,3359,6312
7931,2948,6225
8050,2450,6215
7970,2063,6557
7885,2016,5969
8010,2430,5730
8159,3270,5159
8282,4148,4889
8157,4596,4637
7845,5185,4523
7691,5482,4599
7710,5913,4685
7574,5988,4773
7638,5915,4831
7309,5632,4822
7074,5392,5049
6934,5277,5387
6898,4959,5825
6759,4644,5936
7326,4664,6041
7042,4278,5279
7317,4522,5024
7654,4668,4497
7743,4703,4289
7975,5134,4291
8059,5588,3960
8327,5894,4368
8561,6208,4963
8994,6538,5359
9183,7210,4947
9265,7239,5052
9326,6644,5716
9317,6693,6443
9642,6986,6239
9516,7125,6189
9346,7105,6090
9090,7025,6150
9064,7169,6482
8773,7172,6712
8695,7337,6737
8600,7508,7034
8943,7863,8018
7961,7379,6605
8723,8058,8265
8878,7949,8760
8844,7709,8646
8765,4963,1795
9189,10538,-1384
11508,9337,21789
7391,1523,11353
10548,12743,3870
12234,16556,368
10828,10543,5609
11567,10736,11253
11955,12525,8532
12452,12344,2948
12490,11766,11981
11689,11922,4704
13157,16098,6635
12442,13767,5151
12413,13318,9337
12460,13383,10435
11627,10999,8523
12348,11659,8979
13195,11938,9398
12737,8508,10650
12455,7803,9432
12774,9430,11658
12418,9308,8563
12798,9686,12225
12382,6567,15958
12299,7486,15690
11949,8669,8874
12930,10561,9597
12156,7509,10443
12094,6720,11753
12977,9006,11910
12477,9138,11143
12145,8785,10654
12039,8451,10505
12035,8531,11000
12002,7899,11165
11830,8158,11891
11741,7710,11556
11726,7656,11682
11726,7721,12332
11699,7898,12119
11690,7604,12491
11488,7402,13071
11651,7616,13506
11771,7717,13141
11547,8116,12440
11787,8040,12019
11585,7750,12716
11519,7692,13197
11305,7600,12566
11223,6866,16328
11053,6937,16595
10848,7299,16228
10756,7127,15964
10657,6888,16708
10393,6767,16600
9767,5406,17753
10510,7387,15415
10430,7780,16157
10289,7876,16494
9891,7500,15219
10123,8272,17546
9910,7911,17520
9803,8251,17388
9441,8171,16986
9331,8199,17679
9078,8039,18074
8965,8155,18521
8823,8624,18216
8611,8845,18393
8396,9037,18449
8509,9527,18748
8149,9317,17881
7834,9580,17004
7806,10034,18220
7605,9761,19965
7065,9869,17163
7272,10142,17965
7212,10306,18841
6941,10257,18154
6911,10237,18243
6535,10037,18065
6704,10402,18512
6553,9439,19419
6557,10495,19073
6365,10112,18283
6453,9957,18500
5967,9269,18304
6244,9837,18937
6463,9744,18015
6283,9579,18865
6328,9766,19457
6330,9909,18451
6677,10260,18346
6545,9684,19382
6535,9428,19021
6687,10077,18223
6757,9912,18646
6726,9811,19344
6745,9900,19665
6531,10137,19358
6643,9880,19979
6725,9815,20281
6650,9858,20324
6383,9806,18674
6256,9789,18582
6517,9487,19083
6363,8944,18767
6457,9044,17820
6666,8931,18366
6971,8567,18919
7109,8598,18239
7321,8347,18688
7508,7750,18330
7859,7608,18750
8159,7296,18907
8521,7168,18463
8768,7125,18313
9024,7021,18887
9061,6596,18087
9081,6691,17856
8871,6347,17997
8626,6279,18362
8380,6135,18781
8055,6448,18490
7742,7008,18432
7366,7566,18546
7110,7643,19084
6833,8128,18590
6504,8298,18867
6573,8843,19491
6498,9113,19675
6587,9649,19367
6681,9615,19536
6846,9532,20068
7163,9247,21335
7756,10174,20618
8035,9550,20139
8534,9801,20762
9011,8868,20803
9594,8876,20596
10161,8626,21046
10672,7711,21034
11085,7855,21412
11488,7487,21912
11990,7353,21937
12270,7193,20929
12802,7845,22534
13198,6908,23074
13590,7271,22801
13997,7668,22632
14343,7192,22536
14750,7474,24061
15075,7906,23820
15248,8978,21892
15507,8537,24792
15629,7726,23224
15951,8983,24008
16064,8461,23533
16405,8767,25140
16410,8179,24574
16632,9286,23076
16891,8562,24264
17150,9449,24854
17354,8483,24873
17577,8198,23349
17905,8374,22981
17872,7420,23343
17989,7578,21912
17963,7601,21452
17838,7095,21339
17679,6870,21267
17512,6246,19788
17393,6504,19862
17345,5586,19872
17095,5122,19304
17343,5561,19429
17281,4590,19143
17195,4380,17192
17359,5356,14418
17269,4726,15625
17090,4197,14551
16584,4479,11601
16523,4946,12594
16048,4092,12782
15950,5109,12250
15354,4555,12012
14736,4171,11041
14364,4790,11751
13828,3982,12158
13463,5017,11465
12871,4618,11221
12917,5104,10295
12550,4989,10886
11705,4170,10447
11831,4545,9440
11520,4532,9237
11097,4189,8145
10661,4315,7573
10728,4257,6530
10523,3557,7884
10439,3490,7458
10328,3740,7688
10070,3351,6906
10031,3667,6936
9761,3938,6450
9697,3541,6984
9333,3652,7350
8974,3870,7081
8559,3546,6378
8613,3926,6572
8194,3277,6250
8146,3765,5668
7958,3673,5209
7852,3720,6126
7578,3486,5324
7545,3908,4433
7487,4012,4824
7525,4014,5363
7273,3915,4941
7415,4232,5071
7402,4201,4790
7472,3956,4951
7400,3498,5789
7327,3444,5496
7421,3412,5775
7287,3199,5550
7204,3110,5384
7171,2973,5422
6854,3335,5547
6824,3481,5936
6626,3981,5986
6544,4089,5721
6306,4420,5336
5923,4334,4873
5992,4802,5263
6348,5310,5718
6224,5476,4902
6513,5857,5659
6984,5903,5657
7367,6133,4528
7497,6301,4258
7869,6184,4289
7430,6042,4917
7960,6139,5453
8552,6464,5817
8452,6284,5615
8299,4997,7093
8484,5012,8125
8325,5194,7214
8454,5679,7164
8211,5493,7660
7905,5240,7397
7895,6124,7039
7569,6059,7166
7067,6281,7529
7030,6669,7401
6839,7422,6897
6638,7777,7078
6359,7501,7212
6483,8059,7089
6357,8146,6525
6752,8644,7015
6996,8288,6714
7203,8086,6430
7167,7939,6928
9547,7461,9989
9941,7388,9702
10306,7817,11220
10007,8456,13648
10343,8053,8685
11473,10511,9227
11575,8853,12650
11292,7995,12832
11694,9140,10227
11859,9895,9554
12189,9994,11227
12281,9740,11968
12491,9669,12192
12688,9893,11579
12795,9711,12134
12963,9895,12492
13095,9802,12399
13156,9501,13018
13244,9209,13776
13236,9258,14821
13092,9062,14250
13071,9326,14289
12900,8919,14968
12784,8587,15490
12649,8526,15193
12622,8648,14634
12412,8635,14091
12304,8341,14441
12192,8133,15089
11924,7940,13565
12003,8339,13532
12007,7876,13810
11873,7701,14686
11798,7689,14834
11661,7705,15013
11605,7726,15137
11399,7627,15397
11314,7505,15923
11150,7790,16327
11066,7905,16328
10981,7984,16327
11015,8427,16304
10777,8812,15945
10679,9203,16223
10500,9602,16130
10419,10331,15860
10335,10540,15566
10260,10763,15867
10076,10780,15758
9980,11067,15998
9801,11041,15808
9800,11214,16274
9558,10634,16510
9519,10746,17351
9529,10641,17762
9214,9869,16943
9300,10185,16400
9316,9699,17071
9244,9155,17971
9193,8987,17306
9166,9041,17514
9024,8320,18276
9025,8475,18361
8928,8458,18145
8630,8219,18183
8550,7989,18557
8637,8048,19711
8236,8018,19496
8351,8257,19484
8059,8187,19740
7963,8322,20007
7761,8035,19264
7589,8464,19563
7503,8846,19911
7255,8983,20001
7215,9795,20103
6953,10015,19765
6854,10191,19883
6725,10467,19885
6582,10614,20335
6403,10742,20527
6308,11287,20471
6176,11002,20471
6084,10894,20204
6111,11351,21231
5740,10532,19854
5905,11530,19346
5744,10966,19879
5702,10877,20632
5821,10993,21087
5517,10513,20122
5413,10465,19731
5593,10423,20580
5447,9951,21094
5261,9378,20041
5360,9765,20621
5042,8894,20598
5060,9084,21289
4869,8643,19730
4748,8308,20204
4823,8216,21684
4887,8179,21048
4907,8368,21126
4993,8084,21346
5166,8169,21725
5104,7573,20995
5259,7667,20550
5413,7464,20528
5605,7168,20423
5843,7160,20468
6126,7083,20197
6284,6802,20285
6452,6443,20438
6532,6262,20207
6503,5875,20050
6560,5935,20008
6475,5619,20340
6239,5289,20057
6042,5482,20068
5741,5329,19936
5434,5366,19549
5197,5811,19417
5018,6054,19177
4842,6391,19134
4823,6872,19295
4854,7048,19554
5014,7291,18831
5645,7908,19314
5966,7564,19188
6470,7956,19082
7062,7864,19839
7601,7425,20551
8061,7190,20929
8746,6732,21934
9308,6420,22729
9998,6106,23062
10841,6214,22923
11618,6255,22645
12157,6033,22793
13002,7099,23183
13207,5730,22775
13711,6524,22908
14211,6792,23475
14353,5930,24614
14937,5907,23694
15325,6338,24372
15727,6620,25366
16341,7006,25798
16214,7804,25244
16488,7638,24457
16762,6878,24904
17015,7276,24567
17307,8146,25718
17264,6985,25204
17601,7848,24538
17910,8159,25416
18048,7671,25084
18291,8269,24574
18426,8188,24449
18436,8897,22423
18472,8417,22458
18445,8132,22921
18223,8691,20475
18147,9066,20415
17979,8621,21596
17897,8615,20320
17923,9010,20201
17692,8373,19809
17485,8186,19132
17476,9085,18539
17446,6949,20426
17102,6754,17286
17237,7666,16937
17206,5457,17990
17261,5732,16998
17083,5428,14151
16843,4851,13802
16700,3794,14422
16266,3090,13436
16228,3768,12437
15885,3548,11282
15386,3766,11112
14961,4298,10342
14322,3704,9341
14004,4218,9709
13447,3927,10268
12852,4637,8988
12720,5167,9391
12027,5116,9912
11433,5196,8596
11157,5458,9645
10814,5187,8661
10271,4763,8197
10247,4975,7994
9769,4771,6829
9607,5171,6072
9361,4485,5994
9009,4489,6468
9058,4719,5815
8666,4550,5975
8568,4663,6142
8495,4957,5658
8127,4668,5392
8200,5051,6087
7910,4886,6446
7966,5107,5626
7551,4978,5699
7320,4801,5367
7322,5115,4811
7321,4919,4660
7312,4931,4569
7125,4955,3915
7314,5284,4589
7195,5025,3243
7276,5505,3805
7139,5213,4422
6841,4682,5039
6710,4131,4795
6740,4527,5146
6764,4397,5822
6464,4010,4797
6658,4637,4277
6576,4850,4417
6802,4965,5593
6600,4675,4956
7003,5341,5213
7129,5007,5006
7482,5274,5747
7845,5009,5740
8186,5058,5780
8393,5066,5340
8195,4587,5145
8692,4480,6066
8915,4473,6639
9104,4266,6546
9218,4117,6980
9319,3923,7678
9422,3823,8337
9278,3522,8263
9097,3081,9118
9031,2836,9494
8921,3004,9478
8656,3263,9418
8232,3795,9640
8223,4127,10026
7999,4149,10283
7889,4838,10374
7867,5173,10004
7951,5913,10260
8152,6575,10082
7901,8465,10861
8666,8024,10042
8985,7957,8830
9565,8931,9495
11043,10630,14223
7318,7557,9276
10906,12923,13999
9936,4794,9834
11622,10518,11694
10794,9250,5764
11810,9454,11450
11595,7913,14604
10827,4896,16808
11414,7058,12398
11585,8440,9814
11620,7004,12389
12281,7033,19028
11220,4010,12608
12227,9425,12796
12101,6237,14309
11883,5525,14411
12191,6991,12628
12324,6613,13321
12374,5388,15716
11976,4237,15601
11810,4521,15255
11746,3982,16021
11562,2451,19628
11557,2249,21287
11287,2250,19962
11323,3273,17824
11645,3359,17650
11548,3734,17592
11768,4741,18258
11722,5506,16762
11698,6941,15901
11972,7655,15378
12054,8711,15241
11846,9282,14291
11810,9822,14755
11616,10132,13550
11889,11441,15378
11569,11281,14933
11563,11845,15994
11354,11763,17140
11196,11511,17618
10851,11643,18225
10822,11425,19176
10618,11225,19341
10700,11387,19163
10462,11624,18139
10594,12424,19023
10644,12066,17632
10604,12269,16847
10146,12189,17225
10232,12110,17013
10359,11854,17812
10010,11097,17701
9866,11465,16688
9759,11134,16990
9706,10980,17733
9304,10209,17910
9234,10144,17632
9084,9633,18680
8745,9097,18228
8570,9221,18653
8398,9051,18604
7857,7925,19098
7863,8254,19555
7495,7994,19033
7246,7932,18733
7382,8396,18888
7247,8228,19155
7116,8161,18257
7177,8649,18209
6997,8154,18097
7056,7922,18206
7007,7734,18904
6916,7641,18658
6857,7752,18360
6908,7612,18403
6773,7590,18708
6813,7449,19212
6723,7547,18810
6498,8167,18024
6301,8403,15697
6682,9455,20021
6088,8361,20303
5870,9557,18327
5875,10514,17630
5736,10628,18512
5581,10983,18683
5553,11396,18164
5269,11420,18231
5236,11572,18482
5213,11736,18846
5221,11838,19534
5154,11652,19867
5031,11481,19198
5130,11562,18863
5163,11103,19726
5031,10798,18842
5126,10538,19588
4898,10406,20257
4839,8239,20413
4963,9011,19922
5441,11156,20319
4506,8422,19260
4620,7806,21420
4709,7995,19801
4797,8373,20465
4757,7168,19707
4986,7277,20189
5032,7132,19437
5317,6664,20139
5329,5861,20643
5726,6001,21079
5708,5333,21331
5663,4501,20484
6328,5682,21378
6204,4070,21553
6321,4394,20660
6420,4749,20424
6608,5055,21692
6329,4333,20876
6270,4505,20758
6133,4393,20342
5934,4393,19873
5731,4550,20313
5634,4460,19338
5536,5313,18589
5555,5933,19326
5634,6297,19547
5779,7133,19443
6004,7838,18760
6241,8275,18478
6655,8761,19337
6588,8095,19002
7221,9712,19365
7215,9705,18696
8065,9951,19168
8480,10082,18631
8951,10164,19160
9300,10049,18648
9552,9926,18902
9736,9350,18871
10133,8861,19201
10257,7980,19617
10544,7446,20772
10842,6519,21437
11025,5417,20652
11404,5034,22337
11537,3982,23100
11893,3620,23682
12222,4140,24072
12183,1583,22457
11917,1762,23966
12916,3592,25853
12651,1421,24834
12386,370,23282
12836,1881,23718
13029,1988,24260
13389,1979,25672
13686,2246,24624
13710,2893,23746
13714,3117,23084
13820,3379,24119
14069,4112,24285
14152,4262,23653
14397,4625,23061
14579,5429,22471
14617,5793,21994
14615,5746,21830
14697,6202,21920
14655,6079,21455
14920,6776,21194
14983,6914,20564
14939,7224,20010
14983,7048,20265
15058,6917,19861
15118,7022,20016
14916,6671,18282
16036,6390,15859
16182,6871,15696
16170,6459,15627
15967,6459,14177
16086,6927,13714
15767,6354,13192
15554,6403,14072
15414,5814,13964
15060,6115,13102
14905,6210,12751
14433,6421,12232
13999,6088,11564
13727,6231,11504
13081,5706,9989
12732,6030,9149
12372,5481,8436
11718,5617,7791
11033,5192,7591
10690,5414,6474
10120,5074,6207
9661,4588,5970
9444,4432,5690
9221,4750,5601
8971,5140,4444
8693,5310,4630
8572,5422,5022
8499,5664,5163
8235,5844,4760
8169,6240,4923
8196,6372,4508
7983,6234,5047
7990,6355,4687
8097,6828,4755
8230,6518,4539
8176,6794,5044
8154,6448,4501
7831,6690,3430
7889,6914,3340
7936,6671,4163
7968,7159,3990
7781,7366,3781
7730,7435,3943
7614,7486,4269
7434,7272,4253
7065,7470,4756
7133,7393,4407
7485,7534,4857
7252,7151,5188
6978,6286,4900
7115,6733,4618
7223,6604,5142
7227,5959,5231
7437,5969,5217
7431,5664,5178
7449,5239,5701
7412,5252,5519
7409,4863,5327
7423,4873,5220
7640,4915,5479
7674,4747,5633
7837,4829,5637
7958,5035,5546
8047,5031,5374
7984,5138,5410
8027,5185,5852
7929,5355,6066
7843,5328,6104
7814,5511,5730
7675,5801,5434
7514,5895,5439
7331,5890,5780
7058,5686,6236
6934,5822,6520
6821,6169,6124
6813,6243,6710
6724,6088,7414
6901,6256,7457
7220,6692,7479
7513,6809,7045
7972,7000,7077
8393,7077,7101
8800,7347,7740
9300,7051,7847
9628,6903,8142
10017,6676,8728
10629,7507,10055
10755,7279,11874
10768,5977,10352
11387,6524,12409
11250,5468,12857
11272,5470,12614
11386,5709,13056
11498,5901,13484
11499,5403,14510
11664,5821,15490
11608,5991,14341
11907,6990,14381
12093,6374,15186
12182,6514,14890
12310,7057,14850
12528,7314,15072
12693,7442,14602
12488,7012,15736
12866,7698,15649
12685,7518,15420
12827,7458,16125
12803,7432,16457
12825,7638,16644
12766,7621,16589
12830,7996,15717
12461,7479,16893
12435,7750,16743
12316,7986,16360
12174,7980,16797
11936,8160,16946
11672,8048,16950
11496,8142,17228
11077,7606,16971
11381,8981,17580
10930,8384,16842
10667,8081,17087
10659,8505,17121
10422,8651,18151
9990,8469,17047
10034,9177,17617
9915,8844,19057
9751,8771,18144
9933,10146,16901
9851,9710,18604
9765,9896,17717
9756,9954,18903
9653,9712,18230
9666,10125,17978
9563,9574,19582
9406,9630,18781
9311,9804,18587
9163,9397,19612
8807,9705,19413
8539,9683,19855
8240,9608,19713
8040,9941,19627
7783,10077,19592
7526,10252,19625
7175,9964,18673
7198,10125,19727
6811,10026,19591
6577,10515,19153
6237,10571,19081
6330,10491,18826
6278,10941,18302
5896,10078,18793
5682,9908,18982
5711,9746,19350
5368,9485,19346
5158,9662,19158
5290,9761,20002
4774,9150,20253
4560,9557,20154
4589,9765,20479
4061,9209,20251
3900,9629,20237
3964,9650,20293
3639,9463,20687
3688,9767,20280
3788,10285,20356
3742,10290,20602
3544,9858,20348
3527,9489,20425
3743,9628,21095
3619,9336,21495
3967,10299,21554
3961,9714,21189
4235,9603,21527
4338,9238,21336
4562,8971,21681
4803,8869,22257
4906,8571,22598
5234,8769,22739
5405,8886,22827
5000,8291,23198
5069,8054,22288
5333,8603,21861
5503,8596,22612
5337,8220,23487
5374,8316,22806
5450,8511,22561
5650,8065,22491
5778,8008,22134
6034,8026,21675
6283,7701,21198
6593,7676,21321
6661,7197,21543
7008,6761,21368
7146,6314,20318
7660,6585,20472
7893,5760,20970
8190,5315,20770
8243,5356,19632
8352,4999,19732
8398,4926,20782
8647,4349,22257
8370,3906,21168
8415,4150,20033
8396,4001,19769
8256,4143,18894
8019,4346,19671
7969,4291,18772
7614,4374,17489
7387,4171,18956
7149,3344,18802
7199,3133,19249
7398,3220,18961
7727,3457,18362
8031,3729,18255
8225,3989,18587
8661,4356,18051
11589,6229,20922
12018,6283,20771
12486,6764,20456
12890,7182,20447
13232,7097,20490
13344,7057,20173
13530,7007,19660
13893,7144,19531
14037,7071,19687
14151,6683,20181
14369,6500,20369
14537,6674,20469
14664,6634,20989
14749,6454,21552
14946,6465,21871
14542,5208,20489
15779,7591,27194
15016,4653,23670
15506,8279,19531
15323,8410,20366
15235,6570,23836
15360,7340,20717
15466,8710,20876
15229,7073,21612
15396,7777,22027
15379,8762,19788
15199,8502,19207
14968,8208,18265
14984,7909,18789
14826,7365,19235
14645,7413,18739
14781,7410,18534
14747,7139,18581
14720,6874,18044
14579,6611,17422
14576,6530,17082
14960,6540,17906
14600,5917,16271
14782,6726,15247
14598,6061,12236
14659,6289,15433
14686,4777,16015
14077,4881,12756
14124,5491,12375
13773,4066,12258
13390,4372,12075
13408,5158,12690
12995,4409,12353
12669,4320,12594
12524,4755,11650
12386,4863,10708
12020,4519,11344
11826,4234,11043
11836,4939,9901
11508,5079,8918
11051,5209,8348
10837,4760,8297
10614,4780,8655
10269,4792,8062
10024,5028,7165
9728,4796,7033
9464,4664,6829
9369,4697,6820
9249,4668,6972
8928,4837,6730
8853,4941,6795
8769,4710,6095
8807,4860,6538
8649,4650,6232
8619,4710,5464
8652,5033,5498
8328,4722,4301
8408,5072,5576
8217,4456,4887
8142,4783,5326
7970,4234,4529
8037,3947,4740
8051,3279,5278
7849,3274,4876
7824,3226,4186
7572,2458,2857
7793,2727,3799
7626,1468,2983
7469,1215,4445
7376,236,4872
7488,-102,5554
7296,-632,5325
6967,-1689,6152
6766,-2913,7040
6717,-3275,7209
6864,-3505,8038
6501,-3761,8623
6561,-4094,8098
7060,-4303,7998
6935,-4141,7632
7183,-4038,6676
8016,-2439,6332
8085,-2362,5990
8042,-1614,6015
8890,-14,6277
8740,621,6824
8904,2291,5826
9174,3430,5830
9184,4026,6051
9204,5054,5611
9279,6274,5263
9434,7615,4870
9519,8479,5675
9285,8872,6069
9230,9614,6675
9100,10063,7251
8833,10471,7549
8647,10926,7556
8409,11209,7397
8205,11732,7334
8238,12067,7213
8266,12608,7018
8420,13573,6454
8577,14627,4778
8856,15757,4459
9128,16521,4079
9376,17001,5492
9853,17578,5177
10098,18271,4228
10335,18555,5237
10731,18422,6066
10648,17170,5407
10618,12354,4686
12111,16586,13255
11644,13029,7766
12359,15436,9347
12987,12309,10112
12963,11167,11533
13381,11295,11889
13278,9502,10906
13645,10391,12574
13448,8617,12952
13425,8032,13289
13460,7800,12948
13500,7443,12933
13656,7907,13296
13697,7430,14121
13686,7250,14774
13607,7506,15272
11674,4995,12401
14480,11019,21421
12654,3121,13747
13339,9457,15521
13051,7658,13987
12594,5135,18512
12720,7519,17271
12049,5809,15890
11556,5008,14133
11688,6372,13930
11319,5509,14371
11239,5666,14756
10860,6119,14216
10701,6020,12988
10210,5665,13465
9934,5378,13291
10097,6459,12604
9725,6062,13368
9244,5002,14042
8952,5133,11216
9771,6463,13800
9368,5954,12581
8789,5290,12408
8894,5505,11970
9458,6666,12962
9359,6519,12040
9063,6354,12460
8965,6283,12086
9369,6401,13435
8851,5896,12489
9315,6509,12441
9207,6470,13528
9288,6015,12971
9699,6523,14425
9448,6317,14048
9292,6009,13774
9709,6031,14639
9649,5801,14514
9681,5741,14546
9841,5651,15665
9783,5078,15729
9570,4984,15297
9452,4808,14860
9359,4202,15904
9231,3800,16644
9103,3239,17339
8690,3493,17421
8709,4346,17537
8493,4247,18294
8291,4156,18479
8218,4559,19017
8011,4799,19775
7876,5317,20357
7549,5322,19937
7638,5548,19594
7691,6684,20865
6939,6293,21918
6825,6931,19901
6909,7434,21349
6331,5534,24309
6103,6178,22799
5987,7088,22120
5882,6924,23580
5388,7571,23848
5674,7916,23574
5630,8129,23851
5519,7947,24583
5552,7988,25284
5552,8514,24030
5468,8944,23120
5725,8791,23141
5757,9140,23972
5582,11032,17482
6643,15556,17651
5685,10845,17863
5873,12270,16492
6456,13505,15631
6427,12569,17917
6391,12428,17553
6376,12075,15913
6939,12547,16839
6876,11727,17694
7064,11019,16506
7283,12196,16968
7217,11212,15808
7465,10878,15679
7586,11384,16384
7184,10516,15653
7103,10311,16057
6856,9943,16099
6604,9495,16505
6339,9790,15857
5986,9895,15874
5426,9213,16437
5178,8960,18167
4536,8484,17931
4298,8779,17211
3683,8936,17036
3171,8395,17777
3005,8563,18118
2926,8713,18316
2985,8576,19164
3042,8222,20019
3202,7977,21160
3537,7147,20602
4000,7448,21306
4701,7493,22582
5128,6546,23911
5668,5089,24503
6787,5684,24486
7552,6042,25514
8167,5532,26404
9126,5813,27463
9934,6136,27505
10627,6834,27805
11523,7455,28665
12278,7598,29369
12851,7988,29944
13624,8117,30336
14036,7581,29686
14921,8855,29527
15445,8442,29349
16214,8899,29463
16484,8603,29442
16859,7562,28668
17393,7553,28525
18154,7959,27941
18395,6698,27150
18784,5473,24701
20018,5452,24821
20003,6692,27021
20152,8213,24394
20197,4445,24239
20766,4590,24960
21269,3613,24931
20679,2412,21509
21022,1100,22481
20701,-188,21065
20771,1906,20014
20180,1111,22412
19832,679,22306
19362,217,17808
19800,1437,20505
18586,-408,18311
18611,122,18531
18419,487,18268
17949,445,16614
17806,984,17145
17436,1248,15913
17022,1180,15991
16626,1587,14124
16422,2252,14076
15904,2360,14021
15394,2254,13335
15165,2937,12540
14756,2716,12354
14437,2653,12839
14223,2928,12624
13682,3152,10172
13266,3358,10616
13008,2794,13624
12619,3275,11130
11989,4567,9304
12209,4740,10224
11619,3778,9992
11668,4776,10105
11376,5017,9004
11198,4954,10073
11137,5194,8728
10705,5701,7457
10507,5767,7881
10146,5896,8044
9726,5475,8937
9393,5600,8010
9352,5582,7447
9105,4922,7350
8927,4683,7809
8871,4484,7643
8759,4499,7238
8769,4361,7148
8771,4215,7302
8814,4313,6813
8763,4263,6335
8784,4270,5783
8797,4364,5494
8690,4476,5019
8700,4544,4550
8659,4934,4171
8319,4807,4053
8622,5482,4147
8489,5345,4611
8468,5461,4908
9402,5350,6069
8122,5739,4620
8235,5942,4098
7772,4404,4253
7650,4321,5645
7615,3822,4615
7694,4375,5028
7502,4006,4843
7243,3505,5155
7220,3347,5796
7264,2914,6395
6948,3194,6096
7305,3663,5546
7345,3904,5646
7330,4287,5454
7631,4779,5902
7589,5029,6109
7976,5641,5714
8366,6222,5072
8642,6310,4597
8718,6557,4067
8836,6954,3759
8893,7087,4128
8875,7123,4675
8931,7499,5204
9186,7955,5477
9537,8367,6070
9940,9326,6374
10279,10051,6641
10655,10747,6945
11067,11529,7233
11517,12572,7668
11416,13808,7839
11587,14656,7304
11679,15987,5947
11611,17667,5053
11370,19410,4616
11481,20796,4489
10887,22373,1141
10881,25255,256
10205,25381,-1314
9886,25426,-774
9563,25666,-580
9723,25815,1383
9431,25067,2237
9711,24727,4403
9416,21966,7936
10409,19282,10433
10376,18469,10692
10938,17683,8943
11747,15383,8490
13280,15037,10845
11660,290,6875
14268,13204,9285
11384,4821,10605
12900,6434,14562
13335,6696,12410
13393,6417,9854
13501,6095,12328
13331,4492,11801
13671,1965,4260
13992,5907,29308
13630,3221,13648
12057,-641,10853
14665,6437,3523
13831,3645,9390
14573,8484,8234
13871,4062,12220
15055,2000,21591
13984,5229,21173
13761,5117,14794
13183,4675,8708
14486,8146,7971
14153,4985,15308
13621,3766,16631
13249,4931,14572
12882,6390,11484
12919,7112,10259
12345,7438,10590
12834,8836,11272
11807,8695,10772
11740,9367,12314
11252,9385,12665
11272,9531,12548
9442,4601,15617
10966,7856,16982
9567,3799,17592
8466,-1603,19936
7399,-5219,19955
6380,-4751,21541
5811,-9160,24584
4933,-9603,21885
4844,-7714,20287
4686,-7025,21377
4561,-5389,19721
4349,-2766,19446
4491,5556,16530
4635,5956,17556
4092,5512,16333
4249,5407,17774
4240,5588,18786
3887,5549,17584
3784,5410,18408
3770,5043,19621
3631,5286,19654
3244,5055,19351
3154,5302,19706
3077,4702,20401
3371,5415,22002
2701,4371,20515
3161,5138,20398
3148,4174,20702
3026,3057,20971
2942,3732,20825
2414,2787,20648
3270,2726,22353
2447,2444,22737
2383,1462,21864
2386,1864,19564
2451,429,22086
2146,-4141,14465
2862,3666,24983
2426,1946,23184
2147,1340,22621
2008,2301,18727
2358,3579,24631
1800,2035,22056
2163,3888,21511
2641,4948,20544
2449,5418,20791
2228,4735,31029
1757,5420,16937
2850,8971,25880
2757,5439,23435
3123,7066,21618
3049,9065,20089
3146,8289,21969
3079,6489,22569
3645,7564,23035
3791,7995,21909
3997,8760,20432
4119,9205,20214
4332,8931,21541
4197,9349,20544
4258,10193,18676
4510,10526,18358
4351,10236,17870
4611,10664,17890
4624,10694,17967
4502,10574,17799
4457,10826,18074
4406,10483,17283
4443,9775,17397
4502,10019,19618
4570,8824,18543
5112,8989,19104
5419,8802,18539
5881,8903,19263
6032,8182,18477
6418,7831,19912
6437,6818,20202
6601,6718,19913
6628,6527,20001
6733,6243,19969
6670,6337,20150
6413,5918,19165
6145,5912,18805
5874,5912,19112
5168,4538,17925
4816,5565,18952
4425,5699,18559
3677,5246,19446
3636,5258,19593
3431,5848,19895
3130,5515,19586
3035,6517,20495
3333,6718,20242
3029,5264,22966
3939,5278,24724
4041,5160,23457
4694,5239,24174
5176,4984,25057
5886,4530,25895
6459,4314,25925
7096,4383,25989
7495,3706,25303
8313,5032,23387
8878,5314,26669
9473,4613,26782
9927,5783,23489
10434,6543,23841
10875,5659,26302
10868,4791,25371
11636,6391,25572
11790,4966,26010
12537,6235,24047
13102,6743,25944
13649,6002,25973
14136,6695,25446
14392,6816,24615
14952,6806,25334
15315,6840,24565
15589,7409,24116
15790,7132,23795
16001,7207,23631
16189,7678,23557
16202,8097,22564
16149,8050,21536
16119,8181,21703
16236,9104,23057
15920,8022,20860
15849,9404,19000
15706,8967,19536
15550,8615,18743
14719,6755,12642
15661,10356,19885
14876,6487,20080
14705,8886,13354
14548,9979,12081
14254,8377,13054
14328,8216,13148
13947,9018,11946
13149,7837,11853
13222,7640,10859
12973,7932,10027
12536,7225,9729
12248,7162,8708
12240,6909,10345
11720,6356,10634
11495,6045,9776
11885,6514,8759
10559,6092,9200
10694,4314,10115
10400,5030,10971
9975,5110,8629
9809,4661,8140
9623,4342,8319
9578,3967,8745
9605,3740,8789
9069,4524,7779
8799,3732,8205
8919,3888,7339
8662,4256,6826
8582,4516,6913
8611,4913,6633
8468,4627,7198
8230,4245,5990
8066,4712,5340
7749,4671,5714
7924,4173,6684
7776,4529,6585
7587,4525,5683
7373,4266,6186
7409,4228,6502
7402,4352,5837
7140,4233,4746
6932,4205,5391
7102,4177,5803
7069,4248,6127
7193,4637,5812
7251,4837,5838
7336,5058,6027
7543,5359,6065
7742,5621,6105
7785,5855,6048
7982,6124,6201
8075,6319,5866
8251,6761,5733
8306,7046,5459
8428,7068,5166
8496,7388,4815
8497,7445,4550
8502,7538,4749
8264,7728,4609
8187,7740,4722
8072,7898,4969
7988,7846,5334
7700,7481,5937
7588,7809,5920
7488,7746,6086
7580,7588,6477
7370,7447,6380
7474,7137,6969
7869,7050,7508
8039,6987,6608
8377,7167,5612
8293,6820,4747
8450,6048,4861
8634,6010,5050
8842,5527,5768
8770,4954,5867
8978,4910,5884
8882,4563,5627
8918,4389,5569
8886,4081,5867
8742,4054,6211
8015,3133,6699
7924,3608,5091
7985,3278,6917
8540,5633,4977
8381,6073,8986
7730,4881,7721
7925,6474,8026
7900,6745,7609
7863,6881,8748
7796,6887,9150
7880,7762,8275
7740,8235,7488
8270,9058,9359
7941,7988,8241
8372,9295,8255
8750,9369,7647
10775,7394,12098
11410,7929,12736
11563,7248,12832
12173,7369,13916
12418,7174,14535
12681,6948,14297
13286,8066,14719
13354,7501,15419
13652,7281,15523
13990,7505,16670
14268,7552,15965
14616,8228,16403
14916,7906,17121
15173,8047,17105
15441,8164,17319
15801,7928,17588
15916,8078,18182
15863,8059,18607
15796,7593,19440
15590,7270,20439
15346,7501,21472
14872,7388,21822
14080,6483,21633
14325,7303,25780
13244,7130,22647
12945,8517,18993
12727,7908,20670
11979,7055,19982
11729,7931,19962
11136,8136,20609
10416,7725,19582
10190,8741,19586
9679,8739,19355
9132,9099,19272
8606,8883,20071
8191,9203,19150
7799,9248,18344
7511,8701,17776
7372,8599,18443
6992,8626,17693
7031,8552,18204
6657,7504,18662
6702,7971,17302
6631,7971,17323
6280,7173,17179
6254,7740,16419
6123,7378,16468
6077,7493,15992
6022,7535,15774
5892,7300,15192
5918,6878,15554
5851,6783,14371
5911,7137,14187
5976,6400,14818
5766,5990,14343
5790,5885,13998
5547,5270,14515
5701,5378,15416
5472,5058,15717
5524,5232,15425
5540,5195,15624
5584,5033,16570
5425,4857,16722
5646,4613,16882
5583,3886,17035
5518,2893,17394
5689,3107,17994
5764,3143,18696
5644,3216,19051
5601,3816,18949
5539,4206,18360
5256,4391,18987
5334,4633,18894
5629,4808,18706
5159,5149,18490
5211,3489,20471
4616,5140,21079
5597,8089,17480
5288,6974,19594
4791,4983,18303
6225,2798,18187
5915,6814,19028
4773,6200,23429
5345,3813,18608
5723,6525,22618
5378,4624,19460
5271,7837,31028
6342,3486,-4459
6764,12436,26141
6113,5691,19531
5368,8327,24215
6091,4456,18953
5532,9458,26286
6185,5006,16835
6061,10142,24741
6210,6354,24821
6096,6222,20492
6267,7945,21025
6425,7770,19754
6810,7499,20350
6599,7268,21517
6835,6628,21521
7398,5615,22422
7933,4897,21668
7542,3609,22965
7599,3399,23647
7738,3430,23884
7464,3941,23149
7160,4476,21550
7987,5154,19644
7970,5697,18965
8357,5899,19030
8739,5672,19302
8822,5170,19385
8579,4609,19041
8656,4362,18960
7846,3273,17753
8138,3680,17720
8070,3260,17184
7727,2784,17581
7549,2616,17502
7112,2090,17118
7054,2057,17263
6595,2139,17511
6226,2416,17204
5954,2914,17074
5774,3465,17002
6130,4275,16149
6465,5577,15733
6551,4948,15219
7082,4371,16681
7153,4647,16624
7462,4594,17232
7985,4418,17954
8046,4250,18311
8622,3429,19374
8955,2587,19042
9203,1836,20177
9331,808,21049
9848,85,21169
10359,-35,21909
10453,-559,21440
10733,-587,20072
10668,-830,20759
11012,-408,18607
11171,-854,22371
11088,551,21541
11217,-2107,27608
11128,-1927,24596
11376,506,22976
11502,1555,22402
11274,2262,19308
11444,3541,20179
11592,4422,19707
11151,3794,18999
12004,3328,24067
11509,4575,22397
11351,5555,19122
11258,5213,20725
11480,4195,22901
11576,5149,21209
11503,5498,21263
11561,5248,21571
11697,5577,21791
11384,6176,21190
11413,6494,20584
11371,6533,20327
11323,6812,20592
11542,7442,20343
11390,7606,19882
11303,7783,19241
11054,8357,17790
10913,8546,17678
10828,8983,16817
10830,8913,16564
10658,9211,16623
10189,8757,16512
10319,8653,17205
10327,8329,17390
9940,7569,17272
10246,7215,17467
10087,6979,17555
9835,6749,17017
9443,6829,16169
9419,7222,15688
8957,7929,16013
8253,7877,15743
7644,8402,16342
7075,9388,16938
6915,10156,17505
7468,10503,19458
6507,9848,20268
6402,9230,21628
6224,8311,21654
5740,6792,22493
5574,5987,22710
5649,5437,21782
5560,5378,20024
5547,6671,20720
5542,6360,16873
4639,5113,15172
4472,5048,15078
4106,4161,16671
3451,2381,18383
3216,1793,20581
3317,2518,19519
2993,2660,17793
2786,3199,17269
2626,3008,16330
1985,3226,15923
1913,1833,15724
1415,1729,15854
1046,1449,16308
978,1487,16232
473,1131,15064
392,1099,14747
-280,272,11289
-378,-379,10809
-604,-256,10510
-799,-861,10225
-1036,-1228,10377
-1370,-1823,10463
-685,-1933,10842
-1831,-1897,9082
-2003,-1082,7519
-2312,-975,5844
-2887,-376,5339
-3540,-1006,4225
-4268,-522,4408
-4533,-788,5017
-4520,-2100,5529
-5149,-2290,6516
-5135,-1753,8346
-5216,-2155,7767
-5207,-1625,7698
-5050,-373,8028
-5064,240,7392
-4966,1337,4327
-5059,-154,14918
-4639,3363,4608
-4920,5361,5757
-4590,4845,2055
-4387,5134,3503
-4660,5690,3019
-4650,5806,1708
-4901,5471,1595
-5060,5075,2906
-5239,4470,3187
-5180,3715,5643
-5899,2351,5121
-6028,1238,6930
-6293,666,8031
-7040,-526,8450
-7438,-1669,8368
-7996,-1729,9227
-8194,-1887,10926
-8188,-1603,12143
-8823,-1580,11472
-8921,-596,11221
-8344,165,11457
-8509,841,10782
-8369,2170,10157
-8458,1120,8716
-7710,3132,6978
-8071,3264,9822
-8030,1454,11249
-7894,567,12256
-8092,658,11529
-7896,477,11024
-7807,410,10698
-8090,-374,9285
-8113,-178,8534
-8215,-134,7057
-8379,39,7703
-8533,-515,7788
-8914,-1057,8396
-9257,-894,9069
-9129,-1868,11618
-9224,-2073,12023
-9345,-1745,12544
-9535,-1849,12460
-9626,-1499,12567
-9523,-917,12396
-9554,-640,11696
-9287,-54,11601
-9419,255,10878
-9517,586,10711
-9588,612,11560
-9639,630,12174
-9577,1127,12038
-9905,1166,11222
-9399,1715,11965
-9542,1798,12529
-9587,1572,11999
-9747,1328,11141
-9752,906,11014
-9816,-129,9623
-9902,-197,10267
-10087,-937,9025
-10115,-1335,9957
-10371,-1971,9758
-10329,-2574,9778
-10440,-3380,9161
-10223,-3353,10106
-10621,-3822,9770
-10661,-3825,9317
-10665,-3678,9214
-10620,-3268,8777
-10600,-2672,11641
-10758,-2970,8449
-10595,-1174,7344
-10527,-652,7809
-10462,458,8967
-10435,-249,10487
-10438,529,10880
-10533,-1074,11251
-10479,-624,13420
-10796,-1637,13124
-10817,-1824,13959
-10880,-1654,13048
-10951,-1926,12240
-11057,-1926,9914
-11036,-1759,10630
-11000,-1878,8795
-11099,-2338,9869
-11067,-2179,9676
-10891,-2195,11899
-11187,-2931,10655
-11108,-2332,10122
-11079,-2281,10300
-10946,-2061,9798
-10821,-2051,8267
-10739,-1707,8804
-10618,-1611,9427
-10329,-1292,8716
-10247,-742,8770
-10335,-1062,8868
-10372,-769,9565
-10370,-383,10105
-10475,-12,10442
-10503,257,11145
-10664,603,11456
-10761,807,11299
-10879,849,11566
-10944,640,12183
-11118,121,12805
-11131,-159,13540
-11217,-715,14097
-11134,-845,14214
-11220,-496,13711
-11348,60,13413
-11414,1008,13275
-11295,1960,12827
-11277,2922,12828
-11353,3363,12816
-10857,4632,12247
-10892,5096,12208
-11219,4823,12241
-11150,4614,12743
-11228,4361,13220
-11756,4134,13492
-11173,1239,16095
-10906,3671,16739
-11056,5049,13816
-11367,3521,13359
-11690,2609,15937
-11840,2528,16444
-11845,2660,15237
-12011,3702,15886
-11864,4636,15356
-11774,5781,15059
-11694,6421,15212
-11466,7042,15353
-11505,6695,16361
-11671,6450,17713
-11672,6286,18700
-11711,5423,17640
-11661,5678,17399
-11689,6572,15893
-11146,7442,15293
-11179,6821,14698
-11355,5270,16129
-11349,4349,16446
-11071,4605,16048
-10922,5230,14496
-10770,5821,13993
-10635,6050,13547
-10455,6107,15524
-10210,6124,16715
-10180,6433,17496
-10230,7328,16372
-10060,7769,15418
-9669,8175,15471
-9138,8987,15212
-9014,9174,14499
-9193,7995,14342
-9760,5734,14443
-9188,5816,17461
-9366,4981,16258
-8966,4833,17769
-9830,2948,19700
-8818,3680,20289
-7982,7856,15707
-6721,9859,14951
-7258,8204,13748
-6977,8667,16119
-6706,7372,18503
-7176,8397,19171
-7146,8048,16087
-6530,10170,14165
-6166,10340,16490
-5710,11221,14480
-5655,11576,13561
-5582,10481,13550
-5607,8558,14527
-5751,6858,14702
-6094,5766,10071
-4105,3950,9137
-4982,6863,9942
-4982,7713,4115
-4491,3967,-322
-5605,1830,7150
-7177,686,9826
1614,-14970,10746
-3843,-8782,11391
-3819,10509,15542
-2468,19673,8019
-3514,11701,5503
-6475,-32,20352
-6045,-2279,28262
-5861,-1564,18330
-6186,7404,19204
-8407,2114,-5674
-7265,5491,7529
-5892,4635,15703
-4964,-929,14904
-5028,516,13744
-5256,4985,19265
-4721,-922,12353
-5261,2673,16381
-5590,3698,15341
-4636,7593,15944
-4461,6665,18085
-5097,190,14819
-2918,6470,24403
-4302,-1564,10112
-3076,1934,11503
-2991,8120,7647
-3798,6841,8396
-3694,5581,7710
-4042,6086,11259
-3826,4398,9801
-2187,6168,13361
-4848,2869,6781
-4163,4640,10276
-2792,18021,13863
-3060,26918,-8961
-3914,29485,-16785
-6722,9472,-5448
-2571,1386,32764
-1557,-5770,16331
-3136,2383,21731
-3525,6598,2964
-1475,10863,8817
-4100,4043,10827
-2991,8270,3220
-1894,4236,9341
-2813,5596,14159
-1792,9533,8837
-2429,11950,5115
-1841,9774,9623
-1810,5929,12973
-908,7020,16088
-1783,6183,11257
-1578,8557,7658
-1378,8864,9506
-1260,7181,11801
-1229,8652,11208
-1016,9327,11725
-945,8926,9126
-641,9507,12414
-872,9778,8220
-439,8682,13066
-163,8299,11475
-665,8531,11028
208,9719,11294
45,8694,11088
-203,6878,12430
-104,6815,14950
-50,6528,11012
276,5779,12600
528,5111,15130
454,5166,15631
678,5619,14296
1000,6783,14049
843,7265,13228
755,7949,13489
1199,8723,14255
1095,9732,13072
1481,9741,12964
1697,9019,12716
1946,8134,14629
2281,7718,15360
1601,5426,15423
2389,4426,19585
2327,5202,15681
2974,5607,14143
2848,4262,15317
2718,3019,15699
2851,2129,15252
528,5423,17810
1652,1765,13343
2727,2905,12334
2928,3190,12561
2384,3656,16265
3002,1017,15762
2840,1865,16196
2735,2994,14822
2867,4652,14011
3582,5087,12372
4253,5496,13226
3957,4822,15864
4769,4826,15812
5219,5232,15794
5707,5359,15280
6265,5384,15754
6704,4936,15517
7139,5067,14155
7715,5164,13735
7857,4020,14204
8204,4078,14115
8595,3614,14403
8704,3060,14217
8906,2995,13252
8942,2206,13079
9047,1573,13330
9110,1296,13919
8904,1148,13496
8794,1251,13722
8704,-129,12482
8693,-1179,15194
9132,-1746,16504
8432,-2265,16804
8674,-1253,15480
8366,-1864,15804
8631,-1621,14156
8859,-1996,15415
8688,-1899,15190
8803,-2237,16123
8995,-2203,16264
9526,-1396,15768
9767,-1537,15703
10174,-1903,14907
10662,-1970,14762
10672,-3181,14912
11590,-2890,14979
12723,-2583,15335
12455,-3889,14936
12864,-3537,15541
12713,-5398,15189
13162,-2314,14162
14093,-4131,15242
13389,-5280,16313
13366,-4983,15839
13468,-4565,15943
14167,-4178,16147
13838,-3145,16388
14562,-3061,19263
13936,-2302,18797
13681,-2543,19143
13647,-2622,21310
12893,-2636,21190
11156,-2118,22324
12766,-1176,20490
10794,-1835,19899
11343,-1849,22776
11235,-426,19787
10662,-656,21042
10152,-426,20671
10036,315,19345
9832,307,18677
9376,-1,19351
9112,20,19102
8915,147,18535
8818,100,17887
8590,59,17493
8615,-252,17327
8456,-230,17383
8554,-351,17291
8621,-257,16804
8671,-369,16501
8883,-122,15940
9240,401,15185
9571,316,15084
9556,-97,14962
9320,146,15391
9090,-202,13062
10150,-68,16383
9879,-649,14556
9965,-641,15589
10244,112,14205
10091,30,14109
10040,-52,14370
10182,-71,14440
10022,-232,14708
9967,-249,14342
9821,-279,14283
9852,-94,14338
9885,19,14311
9810,73,14058
9851,212,13618
9744,202,13909
9715,133,13690
9719,128,13679
9674,228,13666
9469,217,14125
9283,216,14523
9401,341,14676
9390,445,15228
9328,606,15625
9367,1053,15566
9357,1407,15397
9375,1630,15775
9312,1750,15804
9360,1855,16184
9374,2168,16166
9460,2282,16027
9406,2553,15833
9319,2789,16181
9362,2941,16515
9314,3137,17157
9306,3411,17542
9726,2883,19630
8753,3160,19896
9264,4976,18358
9210,5322,15934
9560,5793,16191
8887,4446,17782
8882,4642,18352
8783,4553,17103
8837,4573,18470
8763,5113,18597
8909,5283,18319
9449,5911,18963
8905,6096,19805
8889,4928,19840
8703,4201,18644
9009,4489,18972
8985,3849,18314
8981,4375,16856
9162,4607,17379
9107,3970,18023
8893,3933,17929
9115,4364,16954
9405,4385,16927
9396,4131,16219
9509,4172,16092
9554,4025,16077
9880,3769,16199
12492,5825,18044
7399,1148,12898
9294,2706,17333
9387,2706,15251
10208,2380,18092
9928,2501,16063
9640,2611,15726
9310,2381,14879
9836,2568,14764
9489,2411,16249
9393,2700,16082
9378,3483,15409
9239,3359,14680
9699,3881,15542
8081,2675,13770
8614,3294,15157
9423,4080,16628
9552,4757,15937
9580,5214,14532
9751,6608,13488
9814,4842,14378
10398,4286,18609
10368,5463,15643
10988,6144,13960
10987,4736,13857
9174,2591,13448
12435,1044,17507
10261,-1919,13966
13017,-5016,11845
11839,-5275,6254
10738,-2920,8213
10822,-382,21284
11889,565,24330
11922,2820,22370
12286,4257,17019
12059,1805,18427
11002,-674,20513
9740,-1243,21220
9161,33,20461
9413,1949,19522
9780,4917,18694
9634,5917,19041
9265,4850,19476
9294,4213,21142
9342,4217,20984
9852,4338,19240
10259,5120,17609
10528,4253,17884
9730,2160,18302
10695,770,19273
10939,274,18845
11364,-268,18440
11751,-1097,18444
12201,-2147,19375
12180,-2449,17648
12953,-2165,18094
13129,-2727,18217
13426,-2959,17669
13549,-3261,17259
13755,-3575,17286
13851,-3665,17909
14175,-3519,18489
14307,-3129,18497
14701,-2397,18642
14565,-1947,18157
14770,-2154,18652
15012,-2522,19318
15149,-2069,19402
15537,-1945,19360
13804,-4501,17201
15271,-1349,19244
14805,-1099,17887
14363,-1730,18672
14068,-2126,19251
14157,-1715,18746
14237,-1676,17409
13905,-896,17387
13590,-1361,17237
13360,-1541,17938
13366,-1428,17140
13181,421,15811
12997,-389,15851
12792,-2091,18104
12520,-1903,18388
14485,1125,17188
12848,-278,15144
11918,-1352,16538
12302,-1311,17523
12172,-1001,17253
12782,864,14982
12196,-143,13655
12108,829,15509
12754,645,14188
12618,2108,14054
12077,1537,14791
11642,1747,13766
12306,2043,12849
11847,2088,11776
11563,2120,12573
11475,1752,12991
11145,1266,13213
11138,2167,11905
10772,2441,12355
10921,2798,11813
10596,2151,12097
10201,2123,11914
10108,2162,11998
9690,2243,11842
9298,2146,11361
9495,2891,11876
9169,1429,12027
9288,2050,12517
8805,1743,11646
8849,2460,11582
8697,2489,11454
8753,2862,11788
8426,2588,11247
8450,2888,11231
8395,3001,10583
8283,2986,10034
8165,3005,9777
7920,2534,9244
7800,2248,9604
7748,900,11038
7339,392,9953
7273,1972,9241
7217,2406,7297
6969,2297,7022
6846,2324,7044
6798,2155,7114
6697,2391,8567
6520,2447,7566
6652,2489,8376
6398,3132,6828
6671,3691,7410
6473,3687,7311
6223,3811,7800
6308,3903,8061
6363,4184,8796
5994,3910,7644
6258,4361,7871
6357,5012,6489
6274,5057,6519
6152,4983,6481
6628,5325,6639
6337,5302,7260
6794,5394,7174
6192,5642,7292
6812,4978,7016
6424,6291,7025
6747,5726,7230
6331,6451,6843
6457,6227,6994
6444,6221,7142
6436,6110,6978
6490,5869,7624
6302,5628,7548
6267,5238,7690
6134,5039,7746
6198,4593,7880
6207,4086,8180
6510,3960,8355
6576,4078,8224
6769,4273,8162
7026,4535,7927
7222,4722,7875
7482,4960,7749
7824,5778,7700
8052,6236,7219
8445,6170,6986
8776,6002,7207
8860,6345,7998
9244,5363,8882
9375,5022,9311
10022,5677,9695
9876,5814,9495
9984,6501,8777
9965,6602,8344
9597,6540,9015
9516,5912,9811
9230,5509,10461
8800,4722,11608
8371,4668,12261
7999,4529,12359
7806,4612,12669
7707,4611,12803
7672,4965,12730
7757,6037,12274
8073,6697,11856
8376,7656,11465
8840,8756,9860
9117,9380,9641
9142,9040,10099
9379,8597,10716
9507,8441,10622
9743,8311,10919
10079,7588,10821
10200,6802,11024
10573,5962,11282
10597,4645,11900
10515,3384,12068
10605,2589,12391
10604,1328,12979
10690,773,13724
10741,1034,12735
11536,3965,15553
11143,4556,15340
11911,4020,17279
11527,6572,15257
10701,5833,13398
11629,5453,15408
11315,5232,15180
11600,4412,16860
11187,5611,15075
10738,6598,13810
11308,4753,14069
10761,4862,15232
10612,4869,14566
11082,4198,14328
10682,4534,14413
10717,3861,13362
10667,3915,13445
10046,4317,13804
10769,3047,13452
10476,4318,14223
10266,4150,13988
9947,4566,13721
10169,4603,13753
10181,4541,13871
10026,4558,14361
9938,4302,13841
9839,4513,14298
9431,4603,14578
9860,3840,14671
9704,4082,15660
10018,2993,14597
9625,3430,15767
9815,2579,15714
9554,3115,16430
9951,2739,14689
9928,3052,14986
9846,2553,14631
9596,2811,14983
9838,2294,14335
9613,2862,14466
9711,2436,13413
9089,3376,14804
9456,2526,14930
9218,2937,15282
9265,3029,14462
9101,3325,14627
9086,3005,14546
9189,3343,15078
9459,2911,15091
9088,3474,15424
8923,3409,15315
9573,4667,16976
10681,4148,14023
8867,4101,14091
9491,2794,14538
9508,3793,15482
9221,3359,14950
9338,4181,14337
9703,4338,13561
9464,4419,14112
9145,4099,14126
8857,4024,14646
9239,3391,14854
8921,4138,15161
9124,4124,14581
9132,4319,14512
8940,4114,14666
8969,3911,15727
8946,3716,16118
9027,4058,15786
8945,4782,15084
9001,5025,15153
9031,4947,15912
8917,4901,16298
8986,5340,16357
9096,5647,16496
9038,5643,16775
8970,5593,17292
8920,5767,17261
8994,5972,17666
9073,6203,17859
8979,5996,18396
8897,5995,18908
8876,6107,19404
8712,6095,19687
8530,6211,19895
8414,6320,19699
8353,6637,19863
8180,6740,19808
7921,6680,20032
7689,6588,20191
7360,6515,20268
7231,6866,20101
7431,7410,20695
6544,5575,19761
7266,8052,17679
7323,7260,19345
7233,6921,19684
7049,6727,18398
7438,7290,19681
7471,6976,18904
7928,7800,18207
7914,6077,20487
8402,6180,20018
8715,5991,19300
9138,6243,18195
9558,6263,17787
9701,5997,17290
9767,5461,17745
9820,4693,18971
9706,4377,19044
9426,4355,19015
9225,4210,18983
9014,4345,18863
8668,4346,18669
8098,4371,18384
8026,4533,18682
7671,5921,16032
7147,5343,16515
6925,5173,18017
6482,5150,19196
5736,5010,18741
6428,6209,17789
7738,7841,18749
6617,7519,15524
7767,7355,17887
6685,5915,17972
7440,6023,17587
7789,5902,16479
9457,6246,16273
7463,4052,16157
8614,4279,17285
9325,4410,16115
9533,3848,16342
9868,3639,16137
9458,2126,17170
9943,1601,17923
10195,1438,17804
10724,1233,17995
11039,1107,18257
10858,776,18529
11253,739,19277
11635,1027,19623
11934,1813,19077
12228,1969,20322
12730,2439,21146
12649,2712,20806
12788,3324,20210
13113,4086,20106
12940,3912,19237
13637,5330,19901
13338,5022,19743
13027,5807,20094
14568,4109,19107
14133,5110,21302
13853,5228,19006
13712,4378,18636
13965,4641,19153
13151,5893,19286
14895,3501,19095
13653,2088,19747
12610,3134,18420
13460,5777,18071
16032,2695,15042
13831,3086,19062
15423,806,18971
14712,1492,18741
14502,1905,16429
14388,1812,16695
14756,1493,15376
15423,1317,16387
14257,-332,15936
13158,702,15311
13600,439,16824
15553,1909,13607
11515,-337,11787
13076,1890,16101
12404,-670,13092
14141,3279,13697
11038,2000,10846
10434,-2,14936
21439,6783,17684
11488,2551,11167
11954,4077,14069
10581,3529,11278
10660,3607,13150
10277,2788,14161
10434,4612,14039
10055,4426,12820
9783,4817,12898
9374,4621,12530
9256,4483,12276
9117,4690,12102
8858,4707,11430
8614,4610,10503
8583,4396,13909
8176,4924,10728
8218,4521,11972
7907,3659,12417
7704,4743,10205
7369,3551,10741
7340,3416,11678
7166,2740,11245
7027,3010,10378
6787,3285,8866
6645,4380,10462
6880,3089,9367
6256,2364,10591
5822,2186,10548
6270,4119,9459
5898,4238,10541
5617,3665,10279
5539,4249,9192
5276,4261,9886
5013,4462,10176
4960,4912,9709
4959,6658,8233
4985,6526,8556
5084,6123,9161
4870,6475,8097
4873,5790,8565
4708,4889,9512
4681,4187,8979
4501,3833,8706
4254,3836,8812
4263,3711,8737
4463,4127,8386
4244,4221,8155
4282,4635,8344
4320,5090,8338
4230,5350,8247
4192,6006,8342
4770,6480,9425
4876,7073,7697
5012,7210,7989
5400,7811,7730
5447,7920,7237
5632,8026,7192
5815,7983,7353
5982,8148,7301
6138,7521,7427
6347,7597,7673
6757,7225,7876
6784,6622,7499
6653,6080,7045
6845,5839,7251
6898,5324,7699
6513,4930,7841
6843,5477,8142
6769,5723,7879
6715,5962,8261
6575,6174,8656
6461,6546,8772
6417,7066,8772
6449,7403,8492
6539,7496,8724
6795,7727,9003
7074,7764,8952
7484,7700,8899
7961,7548,9153
8293,7610,9381
8801,7818,9390
8960,7402,9399
9591,8340,8769
8623,4586,8595
10519,8452,9669
10704,7137,9322
10507,5882,9715
10726,7129,10460
11024,7575,10324
10906,6477,10422
11214,6817,11379
11144,6682,10826
11388,6837,10607
11325,6179,10466
11541,6705,10192
11697,6854,9876
11689,6480,10488
11658,5791,11350
11705,5149,12081
11714,4621,11959
11710,4207,11809
11716,3332,12100
11816,2893,12227
11787,2382,11770
11744,1840,11169
11548,1216,10790
11896,1724,11624
10619,-185,10232
10831,432,10819
10447,283,10505
10025,63,11779
9653,-224,13679
9164,730,13379
8715,658,15730
8334,1123,16445
7880,607,17982
7591,1430,19152
7487,1833,18328
7571,2815,18701
7402,3179,17563
7563,3706,17541
7548,4152,16063
7919,4889,15776
7919,4997,15279
8740,6073,14045
9644,7234,13647
9368,8062,12905
9434,9933,13637
9304,11321,14857
8395,10696,10643
10242,15148,11847
9384,16351,11819
8820,16756,13084
8555,16609,15839
8477,16703,15249
8143,17232,13622
8127,15299,17931
7458,14572,15712
6489,12505,16290
7891,12327,19380
7231,14465,13230
6445,11720,12111
8698,12895,17685
7061,11452,13898
7659,11568,15795
7025,10139,17010
6352,8652,17531
6346,8923,16943
6280,8371,17457
6114,7450,17196
6335,7889,17823
6153,7134,17572
6054,6523,17684
6271,6593,18900
6313,6941,18766
6764,7622,17797
6955,7549,16757
6982,8626,15849
7115,8997,15883
7450,9658,16312
7648,11111,15233
7711,11642,15004
7709,11883,14814
7649,12306,15188
7345,12036,16211
7413,12488,16511
7295,12392,16895
7250,11922,16825
7140,11327,17521
7150,10742,17793
6887,10518,18300
6637,9353,17077
6659,8420,16969
6530,7446,16538
6569,7029,17137
6516,7132,17140
6505,7138,16891
6436,6529,15725
6688,6723,15944
6511,6176,14759
6811,7272,15068
6692,5828,15227
6947,7096,13426
7102,6362,13762
7192,6301,13151
7531,6672,12742
7697,6895,13010
10700,7908,12329
6744,4780,11501
8211,5639,13827
8244,5761,11560
8608,5586,9782
8660,5562,10696
8726,5700,9768
8511,4368,10625
8693,4824,10320
8566,4600,8599
8733,4805,9802
8500,3714,9361
8769,3762,8831
9530,4069,8997
10470,3797,10363
11356,3749,10749
12606,3265,11535
13740,3665,11097
14832,2093,11896
15008,1772,11662
11736,6960,15088
17065,1375,12357
16107,-2224,15826
15901,-786,12987
15482,341,13931
14360,-1111,13349
14431,-210,16049
14030,1641,15222
13544,2663,14835
13163,4034,15993
12494,4531,16217
12100,6884,15302
11762,8548,15364
11486,8984,16980
11721,10365,18213
11913,10948,17360
11753,10872,15821
12228,11329,16164
12277,9555,17776
12571,8306,17772
12898,7995,15082
13142,6542,16293
13037,3387,17793
13466,3403,16749
13365,2967,13244
13575,1751,14881
13299,7,16317
13451,194,14877
12193,-3841,12362
12822,-915,14814
12131,-923,17446
12008,1568,17401
11547,988,18502
11184,2583,18910
10848,3472,20186
10436,3627,19402
10360,5453,17503
10065,5612,17746
9970,6095,17719
9987,7344,16568
10044,8001,15740
10032,8405,15225
9837,8456,14697
9828,8485,13883
9840,5960,9055
9639,4666,8568
9597,4041,8295
9645,3546,8420
9395,3619,7218
9587,3360,6751
9627,2915,7652
9604,2576,7644
9680,3399,6919
9633,2741,6740
9520,2840,6720
9458,2391,6882
9316,2698,7592
9249,2263,7613
9240,2619,7459
8906,2199,7816
8772,2439,7406
8507,2139,7403
8183,2126,7145
8077,2122,7582
7917,2407,7145
7554,2348,6837
7381,2899,5379
7157,2918,6963
6652,2765,8063
6579,3168,8629
6037,3121,8424
5740,769,9987
5412,-398,12822
4235,-2256,11564
4990,1281,10329
4552,-2083,12868
4527,-1030,13253
4675,632,11340
4715,855,12623
4552,1119,13735
4700,3660,11547
4701,3905,11214
4585,5381,12752
4222,5711,11060
4712,7907,13241
4529,8710,12127
4567,9577,13487
4530,10245,13246
4896,11084,14994
4576,10700,12984
4590,10880,13641
4635,10921,15269
4997,11535,14774
4993,10258,13895
4911,9960,14862
5279,10283,15184
5164,9082,13566
5379,8855,12510
5557,8236,14348
5702,8624,12635
5996,8130,13381
6111,8208,12615
6339,7873,11822
6307,7119,12173
6378,6573,11589
6535,6601,11571
7110,6035,12313
6732,6189,10827
6206,6111,11984
8040,-351,6234
7591,6211,16167
7626,3510,15672
7254,2717,14728
7271,4415,12120
7432,4428,13350
7366,3253,11862
7469,4055,13244
7473,3521,12949
7597,4429,12261
7916,3305,14090
7550,4401,9930
8268,4366,10606
8489,5007,12245
9017,5780,9476
9790,4760,10788
9768,4101,11441
10065,3590,11561
10430,3931,11391
10659,3756,10839
10804,3343,10868
11113,2283,12886
11111,2372,13678
11636,2090,14121
11706,2241,13886
11823,2700,12942
11524,2181,12660
11318,2568,13783
11022,1968,14572
10550,2996,13067
10428,3443,12723
10029,4194,12207
9781,4453,12314
9518,4156,13773
9014,3924,14483
8991,4339,14200
9057,4668,14249
8979,4853,14739
8889,4746,15302
8584,4033,14939
8859,4048,15652
8448,3782,13933
8642,3100,14815
8479,2344,15400
8038,1477,14993
8384,1797,16430
8292,1231,16821
8320,649,18169
8019,-68,18148
7805,-123,18418
7788,16,17791
7538,-371,16468
8027,2157,19312
7327,-346,17881
7197,52,19056
6795,893,19189
6639,1075,16048
6819,2726,18281
6730,4245,17360
6768,4456,18412
6466,4278,17635
6678,4723,18589
6541,4996,18211
6705,5807,18038
6635,6083,17248
6614,6297,16742
6589,6230,17105
6566,6405,16891
6476,6472,16630
6493,6754,16303
6617,6689,16345
6500,7113,15306
6496,7008,14951
6430,6661,15016
6335,6341,14778
6365,6406,14584
6309,6398,14295
6266,6204,14036
6279,5983,13997
6027,4727,15058
6450,6129,11850
6400,4810,11607
6418,4603,12098
6232,3437,12375
6110,3831,12335
6186,2868,12563
6257,2791,12775
6051,2245,12018
6221,2643,11356
6100,2122,11410
6205,2159,11615
5961,2123,11051
5978,2657,10636
5994,2446,10942
5845,2056,12324
5712,2098,12346
5642,2073,12959
5466,1819,12678
5345,1675,13506
5250,1352,13584
5228,1520,14163
4988,1424,14159
4887,1472,14064
4785,1502,13654
4768,1809,14499
4772,1554,15506
4518,1898,15064
4511,2292,14989
4472,2368,15191
4441,2578,15250
4496,2933,15067
4466,3079,15160
4526,2974,15442
4559,3041,15641
4646,3542,16739
4098,2700,15301
4681,2284,18385
4765,3590,14636
5112,3413,16301
4811,2600,16618
5068,3058,16406
5242,2967,17543
5279,1897,16696
5453,3440,15227
5864,3558,16283
5888,3083,17207
5899,2783,16439
6301,3744,17549
6260,2948,17066
6640,3383,17733
7073,4390,17268
7076,3355,17742
7323,3675,18256
7558,3641,17884
7705,3912,18137
7856,3700,17835
7995,3895,18281
8071,3677,19037
8212,3596,18698
8152,3344,18791
8418,3453,19454
8617,3568,19174
8640,3249,20223
8553,2904,20615
8526,3090,20124
8510,3036,20002
8731,3222,20699
8783,3157,21496
8697,2824,22110
8986,2712,22964
9342,2841,23039
11709,1230,21616
12204,581,21485
12345,2,21097
12437,-435,20705
12378,-982,20750
12338,-1161,21028
12319,-1147,21164
12127,-1118,21556
11709,-1105,21142
11605,-749,20903
11464,-936,21334
11367,-341,20854
11223,-140,20256
11132,203,19658
11089,440,19534
10795,1200,18196
10620,2150,18181
10464,2522,17539
10135,3477,17410
9690,3872,17791
9377,4972,17920
9145,6049,18435
8997,6862,18212
9005,7557,18061
9264,8575,17524
9285,9129,16710
9423,9540,16554
9767,9958,16537
9855,10071,16678
10215,9335,18141
10248,9660,16586
10511,9903,15691
10684,9105,17163
10749,7432,17524
10713,7115,17709
10995,5549,20073
11105,4523,18298
11365,4552,15706
11257,1983,19085
11121,1315,18037
11281,1573,17093
10941,631,17842
10938,672,17914
10794,520,17814
10890,1130,17779
10742,1231,18014
10740,1926,17093
10735,2942,16748
10491,2661,16702
10501,3345,16283
10575,3871,17523
10091,3555,15755
9360,2901,17921
9495,2645,18009
9282,2395,17308
8930,2400,15951
8713,1892,16979
8282,2027,16652
7942,2284,16042
7738,3185,15749
8409,3920,17261
8042,4962,14966
7728,4970,13797
8097,6001,13578
8161,7115,12342
8147,6490,13190
7956,7758,11021
7845,9606,7600
7597,8522,9485
7352,8007,10764
7109,8183,9809
6743,7666,10004
6789,7229,11281
6172,5886,10285
5856,5333,9407
5756,4377,9669
5562,3093,10748
5162,2316,10030
5016,2229,9068
4921,2207,9087
5108,1852,9694
4679,1921,8079
4736,2977,7468
4445,2482,7497
4623,3102,7681
4472,3742,7452
4522,3994,7235
4456,3840,7290
4429,4416,6179
4309,4281,6384
4254,4210,6651
4236,4318,6040
4157,4056,5871
3962,3033,5684
4050,2744,5917
3973,2391,5801
4033,2646,5374
4008,2886,4938
3981,3412,4743
3848,3682,4638
4007,4591,4559
4019,4918,4744
3994,5463,4780
4166,5994,4951
4213,6280,4765
4236,6665,4468
4409,7241,4497
4502,7198,4487
4542,7037,4656
4589,6861,5010
4543,7310,4448
4461,5299,3536
5116,5853,7590
4908,5836,3821
5500,6015,6912
5290,5157,5484
5589,6128,5423
5285,5206,5835
5586,5988,5430
5518,6405,5609
5623,7048,5452
5731,7345,6123
5562,7793,6354
5749,8275,6532
5591,8074,6286
5799,8317,6592
5698,7932,6672
6174,8139,6937
6652,7920,7191
7192,7801,7110
7644,7597,6761
8167,7698,5751
8732,8050,5491
9202,7615,5628
9468,6980,6576
10016,7793,5670
10120,7475,5605
10390,6418,7476
10374,5964,7390
10409,6000,7473
10383,4872,8491
11538,4938,13702
10232,4204,6247
11344,8893,6128
10307,3775,8027
10264,3295,12654
10430,4817,11397
10033,5032,8848
10271,5279,12960
10446,5160,14303
10552,6770,12152
10779,7253,10687
11548,7221,12156
11999,7196,12229
12577,8540,9422
12879,8523,9530
13082,8402,10359
13544,9000,10066
13748,9176,9789
14043,9214,10999
14171,8673,12005
14345,8980,11579
14533,8914,12540
14440,7868,13293
14497,7927,13505
14464,7474,13618
14348,6723,13542
14385,6701,13641
14297,6339,13835
14228,6260,13776
14357,6146,14008
14458,6022,14890
14502,6255,14738
14510,6426,14384
14594,6450,14417
14543,6310,14461
14534,6221,14280
14443,6253,13831
14357,6158,13627
14281,6087,13627
14141,5648,13683
13946,5539,13977
13858,5513,13989
13657,5524,14110
13562,5532,13558
13288,5139,13730
13265,5199,13916
13106,5200,13524
12970,4900,13853
12904,4838,13828
12739,4592,13851
12699,4546,14047
12599,4465,14242
12516,4437,14372
12465,4343,14176
12292,4433,14404
12572,4484,13908
12430,4350,14192
12298,4277,13934
12309,4178,13771
12388,4113,14546
12366,4320,13771
12445,4383,13990
12369,3814,14862
12338,3819,14607
12359,3770,14699
12208,3308,14902
12043,2984,15196
12004,2926,15430
11935,2499,16153
11726,2035,16528
11325,2100,16567
11426,2491,16583
11348,2284,16711
11343,2512,16716
11314,2599,16542
10478,5144,16521
10298,5329,17487
10108,5412,17425
9908,5551,17739
9637,5799,18216
9703,6208,18318
9429,6538,18032
9544,7370,18035
9136,6995,17417
9423,9034,16112
9108,8392,16877
8904,7989,18653
8352,7879,17740
8691,8932,16362
8394,8360,16230
8525,8337,18394
8220,8267,16320
8284,8800,15705
8135,7953,17339
7978,7387,17897
7974,8118,16677
8216,7969,18080
7857,7435,18721
7904,7672,18495
7761,7499,17968
7841,7347,18731
7851,7502,18843
7709,7347,18441
7666,7856,17972
7599,7712,17827
7463,7374,19084
7419,7458,19504
7445,8067,19266
7296,7810,18888
7516,8204,18643
7581,7812,19268
7483,7574,19813
7754,7319,20010
7855,7390,19976
8162,7128,20309
8518,7190,20129
8831,6902,21438
9405,6556,20381
9631,6593,20006
9724,5772,20979
9827,5522,20836
10099,5553,19688
10142,4723,19980
10129,4277,20409
10104,4371,20057
10000,4272,19493
9997,4108,20037
9803,3731,20537
9469,3708,19624
9262,3864,18645
9237,3830,19105
8870,3603,19498
8651,3710,18999
8543,4167,18559
8279,4191,18442
8029,4210,18179
7683,4358,17292
7650,4353,17802
7545,4306,17665
7527,4705,17706
7693,4824,17941
7803,4385,18688
8170,4542,18047
8650,4625,17937
8956,4398,17783
9270,3895,17957
9743,3393,17921
10288,3318,18126
10465,2881,17945
11068,2515,18280
11525,2347,19127
12122,2698,18561
12725,2797,19472
12663,2518,20380
13276,2341,20338
14054,3701,19546
13856,2182,21705
14588,3065,20469
14648,3053,20554
14924,3235,21034
15651,3920,21991
16162,4415,21963
16649,5074,21240
17190,5976,20636
17658,6610,20613
17860,7064,20079
18423,8181,19790
18493,8243,19667
18815,9218,19026
18907,9283,19034
19030,9540,18877
19212,10072,18699
18805,9653,18112
19099,8189,21743
18920,9743,18827
19034,9422,18991
18774,8145,19089
18872,7422,20562
18650,6572,21280
18427,6166,19762
18576,4973,21291
18320,4690,19673
18269,4938,19051
17926,3360,19499
17823,2970,20481
17571,2265,20192
17822,3565,18582
17338,1448,19868
17113,1707,18457
16460,927,16514
16627,1409,17813
16380,570,17414
15944,1137,16273
15527,856,15705
15545,1025,16596
15115,890,14428
14728,936,14077
17239,-24,16650
13533,358,11111
13308,613,12270
13792,1755,13435
13115,1297,11745
12898,1426,12337
12348,1809,12200
12095,1923,10489
12166,3190,9959
11700,3132,10094
11339,3708,9089
10648,3205,8898
10246,3414,10735
9913,3306,9852
9573,3204,8921
9086,2173,9587
8654,1932,8328
8165,922,7829
7875,926,6753
7435,-98,6318
7079,-860,7351
6911,-2533,8977
6784,-3084,8384
6903,-3479,7991
6952,-4115,7611
6913,-4115,6367
6968,-4096,6242
7025,-3955,5934
7189,-3260,6078
7493,-1965,5748
7535,-373,5050
7521,701,4778
7607,2147,5158
7713,3237,5246
7726,4207,4791
7748,5259,4875
7658,5794,4913
7604,6147,5267
7460,6197,5317
7375,6235,4993
7300,5924,5183
7188,5406,5543
7012,5102,5450
6921,5028,5300
7036,4901,5324
7143,4852,5217
7093,4825,4543
7231,4950,4521
7175,4122,5386
7466,4520,5501
7780,4653,4749
8273,4920,5374
8576,5096,5112
8857,4728,5181
8932,4298,5715
9314,4348,5998
9509,4082,6126
9810,4141,6096
10132,3928,6285
9739,2392,6986
10084,2931,6247
10127,3055,7065
10156,2803,7119
9826,2824,6178
9678,2804,7714
9731,2972,7921
9717,3695,7233
9412,4299,6475
9426,4914,6976
9213,5151,7183
9200,5801,6923
9478,6299,7065
9836,6618,7066
10330,7011,7430
10954,7354,7589
11478,7377,7562
12063,7393,7516
12380,6961,7144
12047,6524,1930
13606,7664,7679
13891,6081,8800
13449,5175,7029
14349,5266,9133
14214,4883,10079
14192,4474,8490
14438,4190,11348
14264,3713,11684
14527,5718,8486
14964,6288,9351
14721,5467,10721
15057,7658,9420
15021,8403,8804
15181,9526,9438
15346,10359,10114
15324,9624,10400
15187,9566,10008
15066,8798,9003
14952,7912,10072
14645,7050,9905
14599,6175,10586
14172,5249,10671
13805,4764,10600
13364,3956,10714
13273,3469,11173
13115,3404,10481
13160,3055,10571
12997,3164,9651
13175,3497,8591
13351,3766,8609
13382,3396,9170
13614,3569,8806
13948,3686,8930
14022,3588,9039
14341,4146,9271
14846,4576,10060
14999,4852,10356
15259,4603,11293
15510,4720,11882
15114,4713,11868
15903,5551,13124
16128,5832,13268
16042,5740,13612
15925,5854,12729
15938,5546,12917
15965,5746,13845
16063,5970,13572
16000,5869,13645
15857,5651,14663
15616,5269,15306
15239,5157,15655
14938,5186,15512
14937,4911,15743
14807,4889,16328
14371,4591,16253
14252,4124,17373
14157,4008,17735
13278,2814,18971
13830,2891,16316
13678,2931,18465
13535,2630,20285
12728,874,20672
12634,2922,18704
12503,2371,21204
11732,1471,20766
11440,1979,20598
11324,2356,21471
10811,2141,21847
10394,3123,20787
10261,3560,21321
9884,3988,21431
9824,4631,21166
9416,5207,20942
9467,5845,21007
9352,6136,20631
9218,6535,20480
9076,6282,20800
8867,6226,21168
8357,6089,19419
9302,7160,21224
8994,6804,20842
8867,6828,19743
9273,6704,19728
8575,6285,19143
8810,6822,20413
8854,6593,20421
8958,7493,20909
8734,6462,20308
9300,5413,20054
8456,5772,20248
8471,6292,19968
8951,7158,20573
8256,6332,19294
7662,4986,19936
8764,6585,19070
8393,6372,16998
8463,5810,18295
8249,4785,18710
8421,5355,18454
8416,5290,18754
8421,4839,19490
8856,4976,19219
8864,4764,18184
9799,5009,20155
9447,3384,20654
9882,4427,19364
10070,4037,18537
10438,4116,19107
10362,3303,20003
10643,4055,18293
10538,3776,18628
10516,4233,19144
10287,4165,18085
10090,4282,18622
9911,4660,18084
9647,5159,17718
9207,5229,17540
8984,5673,17248
8621,6079,16908
8385,6482,16677
8191,6805,16402
8092,7235,16473
8127,7738,16212
8222,8047,16676
8502,8195,17179
8353,7999,17448
9177,8446,16882
9594,8543,16499
9968,8125,17203
10491,7745,17572
10940,7233,17808
11342,6839,17682
12006,6732,17297
12236,6178,17374
12632,5745,17838
13183,5525,18129
13608,5476,18270
13854,5208,18643
14182,4756,19334
14462,4842,19305
14462,4462,19481
15389,5159,20901
15311,4821,20649
15657,5112,21136
16086,5687,21356
16361,5852,21635
16478,5992,21202
17032,6705,21242
17029,6709,20778
17384,6853,21325
17700,7096,20964
17798,6388,21893
18117,7299,20075
18368,6320,21056
18595,6172,20404
18837,5700,20093
18843,5078,20737
18970,4932,19725
19124,3968,19598
19362,3494,21167
19315,3191,20620
19235,2970,19038
19104,2561,18849
19108,2303,20370
19098,1634,19445
19264,1979,18967
19220,1723,19657
18964,1289,19318
19056,1409,18595
18973,1438,17681
18922,1760,17558
18779,1430,17228
18559,1592,15652
18401,1600,15555
18067,1266,14994
17686,1099,13874
17423,1313,13946
17059,920,13974
16700,527,13479
16302,456,13061
15808,-73,13115
15442,-103,12599
15011,-837,12439
14545,-1453,12457
14292,-1568,12818
13836,-1998,12095
13525,-2010,11682
13340,-2190,11290
13451,-2058,11080
13167,-2874,10057
13401,-1719,8421
13132,-1362,7720
13481,-95,7456
12836,-263,7226
12775,302,6990
12554,1251,7709
12146,2053,7380
11859,2671,7729
11521,3240,7129
11301,4602,6838
11024,4543,6906
11514,6083,6225
10395,5618,5863
10388,6381,5346
10413,5867,6988
10110,6600,6329
9979,6788,5911
9862,6525,5943
9731,6446,5803
9772,6395,5621
9716,6032,5615
9640,5588,5743
9776,5122,5314
9738,4672,5464
9673,4201,5251
9694,4040,5124
9636,3843,5146
9416,3769,5440
9370,3041,3178
8705,512,5645
9359,4922,2374
9190,3169,6586
8995,3681,5623
8927,2807,5522
8866,3629,5340
8751,3218,5372
8806,3765,5875
8929,3469,5955
9350,4020,5986
9680,4091,6065
10207,4521,6252
10938,4351,7743
10774,4309,8030
10022,3638,7839
9941,3640,8867
9788,3511,9024
9362,3801,8411
9144,3800,8395
8869,4097,8495
8329,4105,7373
9054,6045,7453
8822,5343,8403
9412,6315,8741
9707,6553,7647
10213,7050,8239
10423,7127,6874
10861,6918,7625
10997,6828,7594
11430,6669,7820
11644,6017,7920
11948,5476,8409
12151,5329,8296
12431,5061,8239
12332,3827,9005
12573,4201,8093
12614,3870,8260
12622,4216,8441
12722,4499,8457
12900,5078,8385
13165,6124,9505
12435,8044,7175
13032,5588,9680
12967,6535,8618
13578,8647,9393
13209,8060,6437
13366,7334,11407
13525,8355,11235
13401,7310,9981
14757,6512,7394
14530,10041,9228
13179,6134,7675
13473,5512,11385
13381,5487,9338
13506,6149,8745
13229,4228,10795
13161,4646,10864
12761,4191,10458
12582,3644,10551
12625,3529,11601
12372,3514,10124
12490,3781,10164
12372,3795,10007
12324,3862,10305
12248,3911,10470
12301,4471,9916
12352,4732,10558
12398,4649,10895
12502,5229,11207
12514,5411,11228
12729,4892,12172
12789,4945,12237
12785,5100,12330
12933,5050,12853
13014,5233,14492
13128,5703,14944
13112,6034,14875
13034,5922,14949
13032,6048,15046
13031,6170,14023
13107,6588,12937
13375,7079,12285
13376,8044,11530
13444,9089,11098
13374,8631,12278
13195,8715,12983
13151,9426,13255
13047,9909,12222
13159,9824,13169
12945,9838,13173
13239,9565,13491
13036,9722,13772
12994,9282,15741
12862,9178,13728
12854,9231,13141
13074,9197,14470
12834,8399,14378
12752,9220,15860
12774,8518,14539
13036,9337,13274
13284,9233,15839
12756,8292,14508
12822,9336,15284
12827,8577,16121
12522,8331,15941
12359,8461,15641
12190,8406,16635
11900,8252,17045
11753,8207,16706
11551,8186,17321
11378,8197,17366
11262,8248,17997
11067,8185,18835
10776,8277,18763
10645,8270,19741
10423,8254,19457
10191,7914,20185
9930,8382,19824
10042,8769,20791
9395,7936,20523
9558,8966,20375
9125,7952,20685
9101,8565,21036
8820,8255,20790
8768,9500,21297
8141,7939,21824
7710,8723,20101
7735,8614,20673
7272,8511,20844
7232,9240,20828
6771,9240,21052
6483,9519,22417
5977,9107,19877
5976,9068,20972
5704,9247,21165
5565,9866,19945
5446,9253,20517
5501,9246,20220
5519,9080,19523
5441,9161,19578
5550,8780,19498
5698,8247,19577
5907,8485,18616
6046,8011,19205
6159,7874,18339
6346,8049,17919
6394,7333,18611
6425,7215,18189
6372,7055,17537
6352,7035,17895
6210,6847,18074
6061,6864,17708
5994,7318,17503
5862,7858,17197
5588,7858,17292
5685,8610,17108
5786,8788,17921
5671,8528,18184
6035,9452,17531
6383,9224,18389
6712,9491,18092
7054,9296,18082
7519,9051,18226
7882,8433,18830
8404,8358,19152
8898,8159,19256
9268,8156,19617
9572,7164,19918
10043,7476,20294
10344,6916,20868
10747,6707,21395
11117,6678,21205
11339,6652,22079
11754,6333,23007
12083,6131,23348
12462,6265,23958
12998,6223,24634
13604,6965,24478
13886,7192,24234
14598,7702,24340
14884,7977,24157
15524,8136,24621
16026,8998,24688
16535,9332,24848
16867,9154,24867
17456,9020,25589
17792,8548,24861
18403,8720,24846
18830,8417,25976
19001,7776,24782
19484,7064,26081
19679,7099,25383
19984,6278,26249
20194,6148,25093
20527,5838,25359
20858,5803,26519
20890,6050,25003
20693,5664,21988
20817,3965,26685
21130,5847,22236
21127,5038,24519
21054,3999,25126
21378,4722,22943
21497,4125,23281
21564,3947,21987
21706,3999,20869
21709,3816,19750
21630,3405,18725
21361,2972,17980
20985,2790,17416
21025,3013,17120
20595,2392,16703
20487,2803,15845
19917,1415,16675
19542,2790,14448
19136,2071,14929
18590,2165,14969
18140,2107,13135
17672,1726,14110
17258,1683,13450
16707,1488,13498
16292,1212,13146
15984,1084,11986
15696,975,11901
15301,987,11267
15147,1298,10798
14444,601,10232
14295,1187,10288
11790,33,8755
11545,-56,8658
11402,99,7484
11215,-112,7848
10832,113,6908
10669,1259,5195
10336,792,5925
10184,1370,4926
9758,1243,4946
9531,1804,4508
9176,2093,4632
8607,2604,5529
8377,3803,5374
7967,4230,6173
7411,5021,7231
7219,5864,7136
7019,6318,7420
6900,6543,7466
6840,6858,7067
6720,6827,6612
6652,7012,6102
6497,7049,5675
6410,6916,4195
6610,7159,7733
6156,7299,4690
5945,6701,5107
5700,5649,3485
5696,5052,5336
5612,5718,5026
5430,5160,3982
5348,4752,3252
5381,4393,2932
5498,5507,3664
5350,5283,2483
5435,5772,2676
5816,6253,2560
5942,6174,2500
6116,6486,2205
6451,6993,2134
6501,7017,2180
6459,6916,2367
6626,7002,3529
6672,7093,3429
6670,6989,3221
7135,7496,4007
7090,7027,3869
7259,7500,3488
7437,7540,4108
7471,7354,4507
7650,8009,4253
7728,8348,3997
7626,8423,4278
7698,9006,4145
7219,8370,3787
7384,8491,4427
7846,9891,2886
7577,5840,6475
9598,10983,13617
7233,9289,9127
7795,11574,533
8559,13214,711
8923,11643,7925
9090,11823,5277
9625,13033,3195
10099,12479,5684
9998,12158,5014
10291,12234,3386
10474,11348,5915
10510,10433,8151
10835,11036,7289
10696,10074,7101
10886,9321,7892
11185,9535,10004
11243,9234,8624
11084,8660,7860
11112,8075,9405
11003,7733,9657
10973,7458,9949
10971,7238,10375
11070,7507,10481
10863,7042,10930
10991,7014,11389
11078,6899,11393
11289,7416,11387
11360,7284,10761
11535,7631,10392
11470,7375,10371
11207,6416,11080
11266,6330,11733
11291,6668,9990
11300,6632,10216
11359,6336,10885
11288,5620,11229
11405,5415,10740
11397,4848,10784
13836,1554,-1949
10700,-187,18281
10776,3513,4954
12028,6484,7876
11287,-315,14882
11281,2037,11557
11717,2429,11059
11678,1140,10840
11920,1155,11654
11787,427,11800
11767,-1254,13111
11596,-1461,12501
12435,1338,8641
12038,-1926,13994
12352,-1112,13312
12261,-1347,14044
12303,-1938,14963
12563,-1419,15516
12469,-1003,15343
12796,-506,13923
13112,-59,14839
13535,819,15150
13375,907,15455
13613,2018,15788
13687,2688,15788
13998,3685,15674
14269,4675,15930
14297,5136,15402
14442,5879,15326
14739,7319,14903
14772,6652,18278
14836,7825,14676
14573,7731,14741
14547,7799,16171
14361,6604,18798
14343,7584,18550
14056,7617,17762
13925,7071,18360
13393,4138,21345
13765,6450,18339
13616,6208,19477
13259,6082,19477
12881,5362,19673
12799,5538,19447
12792,5706,19794
12524,6222,23943
12922,7111,23474
11984,2698,19441
12181,8341,23020
12107,7685,16755
11452,4882,23202
11627,7525,22659
11375,8300,24039
11197,10071,16036
11890,11541,20977
11177,10247,21776
11106,11993,20309
10742,12722,20614
10678,12726,21083
10560,14486,21025
10292,14792,19684
10816,16431,20380
9684,15292,20512
9490,15968,21038
9077,16679,20746
8852,16957,20612
8655,17169,21686
7852,15981,21477
8075,17058,20230
7446,15866,20229
7571,16278,21245
7156,15536,20734
6897,15217,21801
6347,15049,20813
6302,14482,21201
4976,14065,25678
6094,13617,21285
5721,11715,20271
6495,11935,20385
6107,11490,20251
6628,12849,18618
6390,9417,20500
6628,8475,22346
7145,9896,20040
7082,7900,18982
7855,7343,18420
8391,7102,19788
8585,7661,17447
8711,6121,18742
8419,4196,19591
8678,5843,18437
8434,4470,19132
8380,4320,19616
7962,4060,19183
7808,4622,19107
7431,4560,18479
7005,4202,19109
6848,4448,18407
6343,5096,17698
6064,5207,17976
6057,5581,17396
5968,6143,17334
6039,6001,16402
6043,5925,12689
7311,6030,27159
6359,8613,13169
7544,11373,14985
6703,4126,21815
7499,7572,17632
8248,8812,14928
8353,7552,18038
8774,6611,20911
8961,6227,19386
9401,6789,17249
9741,5864,19468
9766,5147,19745
9929,5251,19268
11769,6083,18936
9756,4620,18682
10924,5410,19434
11200,4997,19409
13498,5775,20273
13564,3247,24909
13847,4247,23528
14269,6427,21225
14398,5619,22980
14536,5712,23455
14865,6225,22553
14671,4941,25983
14699,6821,21703
15566,6075,22933
15172,6296,20945
15470,6301,18520
15216,5462,22184
15844,5916,22191
15223,5424,20072
15200,4128,21122
15376,3922,21411
15174,3170,20575
15510,2541,21826
15668,2429,20971
15971,2973,21611
15997,1023,19727
16302,73,20531
15429,-1449,18631
16821,1181,19581
15000,-2091,18892
16966,997,20459
16010,389,17967
16402,785,17765
14688,-2233,16429
17139,703,19688
15199,-1176,14032
16930,597,17445
16575,1158,13811
20175,3976,13704
13978,-2566,15476
15362,645,15992
16281,4071,9627
15378,1684,9824
15191,2655,13862
14528,2485,10657
14217,3810,9578
14057,3750,11471
13601,3905,10231
13357,3930,9426
13069,3585,8972
12736,3457,8514
12399,3287,8290
12123,3487,8130
11585,3610,5526
11932,4701,7663
11196,3348,8495
10932,4299,6632
10761,5196,6652
10751,4920,7588
10425,5153,6909
10569,6495,5471
10009,5975,5946
9947,6402,5658
9805,7061,5663
9580,6895,6518
9175,6936,6718
8897,7240,7086
8640,7152,6863
8479,7670,7342
8299,8112,7402
8130,8505,6744
8044,9363,7133
7775,9579,7877
7715,9738,8350
6755,8640,5636
7465,8229,10870
6831,8520,7102
6850,6809,9768
6083,5099,8613
6008,5025,8542
5797,4613,8947
5415,4167,8696
5001,4279,8502
4895,4255,8779
4747,4561,9062
4526,4930,8244
4567,5716,7874
4744,6367,7247
4901,6805,6409
5217,7173,5888
5452,7881,5916
5364,7646,4596
5676,8293,4286
5671,8234,4784
5440,7578,4748
5579,8089,4776
5648,8225,5031
5330,7529,4986
5220,7188,4919
5133,6743,4726
4960,6789,4997
4675,6457,5567
4247,5595,5329
4136,5972,6170
3703,5750,6470
3550,6031,6813
3054,6044,8082
3177,7022,6967
2648,5888,-3203
2519,4112,10306
2813,9060,7197
3517,12279,4733
3445,9941,12437
3509,10692,10080
4547,12162,9159
4828,12020,6883
5571,12780,7766
6162,12294,6895
6243,11675,6505
6524,11590,8637
6060,10712,9094
6499,10245,10489
6308,10296,9699
6354,9988,10612
6231,9709,11401
6197,9994,12351
6293,9669,11806
6325,9938,11813
6449,9883,11805
6552,10241,11542
7274,10772,13768
11043,16657,22859
5987,4515,7132
8580,12681,2893
7759,7210,17496
7730,8639,12762
8857,11177,7067
8209,5273,9909
9710,9462,9708
9220,8540,7357
9163,5779,9939
9305,5850,11010
8718,5319,10531
8893,5723,6480
9322,6345,7109
9071,4494,7194
10720,2699,7000
9408,4579,10069
8493,1993,4931
9365,4449,3072
9237,1808,7728
8701,1687,6555
9271,2258,4768
9237,1737,5148
7645,-2556,4317
9073,2164,7261
8311,315,2395
9419,2265,4577
9930,2352,7448
9542,3705,3882
10047,4447,4498
9903,4309,6041
9893,4631,6284
10025,5027,5659
10490,5796,6550
10608,7497,6004
12104,8027,7482
11541,3585,9964
8185,2700,5009
10633,4923,16358
11265,7817,11184
13244,13696,1993
11923,8703,5108
11674,3813,12649
11539,3697,8700
10201,1785,7824
10796,1329,12631
10903,1155,10744
11813,1666,9075
11446,186,8925
11448,-1502,11231
11982,-947,11669
12384,-337,11866
13114,-687,13130
13161,-400,13010
13204,-831,13152
13533,-756,13977
12887,-3115,17012
13111,-1821,18249
13255,-567,19201
13332,504,18469
13491,1490,18256
13444,3044,18355
13668,4689,19108
14067,6995,18403
14457,9689,18086
14561,10848,17429
14767,11706,17666
14631,12066,17411
16533,13260,20473
14034,10282,19090
14378,11083,17703
14599,10344,18221
14487,9005,19544
14062,7955,18882
13837,6757,20383
13761,5928,21108
13677,5275,21135
13461,4454,21926
13475,3992,24338
12939,3334,20794
12989,3386,22136
12184,2291,22906
11860,1716,23357
11785,1808,23129
11563,2339,23493
11207,2289,24302
10974,2123,25465
10211,2540,24606
10207,3541,24597
8189,8704,24080
7624,7838,24030
6949,7774,24333
7154,7772,20545
7304,9398,22982
7401,9506,25853
7418,9836,21297
7564,8773,22858
7858,8621,23185
8219,7966,22223
8496,7595,25136
8500,7928,19470
8860,6418,21192
8330,6305,21614
8368,6600,22490
7879,6613,20815
7158,5239,20964
6828,6001,21577
6272,6648,20465
5569,6677,19988
5175,6941,19506
4509,7326,18942
4064,7464,18680
3676,7732,19529
4225,8518,22281
3517,7653,17422
4152,9075,18704
4172,7903,21231
3971,7657,19109
4810,7623,19561
4964,7797,20321
4848,7481,19115
5223,7114,18705
5435,6669,19572
6202,8307,19665
5993,5079,18966
6796,7348,17169
6943,6638,19928
7167,6909,22574
7349,8007,20039
7510,8805,21733
7320,8501,22726
7697,9764,22894
7960,10537,22282
8590,11269,22662
8683,11795,23029
8756,11115,23711
9109,11294,24022
9406,11039,23499
9710,10967,24318
10067,10020,25181
10592,9771,24757
10982,9406,24272
11457,8353,24840
10647,6889,24120
12030,6947,24340
12334,6417,23554
11077,3486,22283
13222,6304,25058
13631,8144,22771
12899,5995,22316
13522,5185,27924
13135,4594,22298
13401,5363,21837
12998,2852,23544
14122,5714,22945
14234,4415,23506
14315,3377,23593
14453,2562,21753
14856,3530,23820
15404,2526,24510
15279,664,22484
15871,2330,22668
16118,1028,24302
16022,652,20575
16281,785,19488
16700,694,21469
16450,-159,21649
16760,703,18393
17049,1020,18546
16712,-424,18660
16797,742,18782
16426,965,18129
15966,256,19086
16242,1966,18352
15664,66,18688
15659,1456,16295
15225,275,17923
15413,1076,18045
14710,920,15238
14580,1991,15469
14489,1230,15861
14208,1234,15221
13595,1625,13685
13718,1617,15536
12797,790,13790
14020,4314,13742
12449,2013,10953
11627,817,13228
11379,1338,14003
11715,2332,14222
9825,1095,11732
10242,2029,14279
10068,1957,12525
10133,2655,11788
10205,3681,11131
10195,4292,10469
9983,5202,8882
9836,6407,7958
9546,7298,7690
9223,8252,7106
8856,8772,7112
8594,9282,7583
8232,9544,8330
8050,9364,8746
7821,9111,9077
7508,8807,8961
7482,8599,9240
7506,8220,9460
7504,9264,9648
7346,8410,9151
6943,8022,8419
6941,8115,8376
6752,8627,7864
6711,9093,6589
6512,9840,6553
6410,10593,6395
6225,11741,5797
5953,12472,5958
5895,13346,6176
5737,14294,5559
5786,15203,5231
5880,15617,5123
5942,16093,4532
6004,16001,4146
5830,15876,3786
6261,16628,3228
6230,16354,3798
6239,15902,3148
6280,15616,3149
6208,15131,3294
6282,14950,3170
5624,13804,3078
5958,14959,3930
5169,13444,4817
5122,13777,1956
4954,13237,3543
4457,12469,3794
3936,10173,1558
4133,12343,6440
2661,11218,3109
2485,8779,3527
2423,10312,7041
1984,13127,-219
2255,8974,9010
1344,8298,741
2511,9237,9499
1640,6511,9147
2023,7293,5900
2407,5853,5634
2880,6517,6401
3775,8816,5866
4099,7750,21584
2798,6612,2799
4432,11764,3228
3517,6586,3240
3661,5424,9807
5059,11517,4389
4992,11539,3657
4395,8898,8198
4545,9198,5329
4900,10566,4018
4903,9870,5852
4939,9517,6349
5367,10619,4516
5630,10972,4853
5708,10511,4588
6477,17168,1345
4143,6050,726
5792,1886,19983
5169,6430,8160
10035,21176,-10383
5813,4601,11237
5993,2724,12776
6955,11281,-1619
6731,6710,1610
6107,3447,12345
5237,3067,4601
6971,11771,-1006
6320,7084,7260
6210,6662,9861
6237,8832,2973
6527,8872,3749
5662,5431,8355
7610,10398,3447
6713,7590,2553
6925,7726,5765
6765,8300,3744
6867,7920,5476
6965,6863,5930
7362,9149,4385
7455,9501,1451
7272,7334,3137
7301,6597,3399
7384,6417,3285
7706,7218,2628
7603,5960,3372
7924,6007,3173
8181,6278,2771
8307,4823,4124
8416,4382,3504
8773,4839,2364
9160,4799,3175
9281,4062,4698
9558,4091,5593
9840,4368,5820
11228,4728,8371
11543,4433,9101
11704,4429,10157
11861,4776,9810
12097,4408,10288
12288,4248,10659
12594,4743,10969
12956,4464,10920
13303,4354,11767
13367,3767,11927
13859,3983,12829
14277,3511,13300
14441,2931,13694
14887,3187,14999
14923,3215,15641
14969,2381,15943
15404,509,16202
15234,-378,21438
15859,4756,10449
15507,200,17932
16126,1905,21130
15698,67,20458
16162,1542,20243
16358,1987,21337
16404,2816,20670
16678,3645,21760
16663,3282,23008
16700,4202,24660
16621,5589,24317
16768,6824,23954
16827,7598,25479
16676,8399,26234
16783,9545,26436
16811,10853,25854
16762,12084,24906
16610,13177,24241
16981,11979,22273
16467,15278,26028
16147,16043,22786
16000,19156,22352
15476,18872,22684
15021,19597,27006
14100,20748,23849
13841,23085,25237
12312,20117,23332
12407,24856,24997
11654,24458,26346
10621,23701,30199
9811,23475,23425
9304,23487,23115
8810,22142,25901
7917,20979,24554
8299,21415,24744
7870,21110,25591
7577,18738,27428
7576,17493,26521
7569,16975,24718
7221,15297,24851
6968,13941,24948
6812,12801,22554
6848,11536,23605
6840,10537,23808
6926,9817,22639
6801,8274,22565
7151,7543,22640
6990,7657,22947
6549,6732,23235
6668,6847,23161
5952,6283,22928
3350,5827,25412
5074,3284,31599
4261,5636,15064
5072,9796,19078
2844,3010,24569
2839,5020,19999
2682,6215,16325
2714,5285,20318
2080,5553,20019
2776,6839,18227
2632,6488,18420
2703,7277,16571
2946,7942,17201
3494,8713,17592
4510,9704,17056
2876,7615,14454
4112,8327,18355
3250,6954,16803
5004,8389,16164
4786,6832,18521
5281,7914,21909
4999,7668,19092
4903,7294,19186
5139,7062,22507
5106,7022,21010
5287,8348,20507
5188,5830,21648
4744,3872,25134
5157,9053,20463
5185,5888,22833
3695,16996,19120
6723,4095,21313
6806,3458,31277
5989,-908,30982
6468,2260,29124
7223,6356,22399
6975,7937,24143
7187,4072,23359
8231,3722,28077
8754,3003,29207
8451,5266,22940
9336,4080,29903
9809,6161,20279
10196,3262,25112
10472,3559,23536
11140,4396,22997
11316,3562,24940
11632,3644,22962
12090,4073,23384
12433,3305,23644
12773,2924,23637
13109,2792,23204
13796,2791,22112
14348,2004,23051
14644,2248,20445
14915,1206,23713
15137,1172,20499
15366,1276,20823
15521,56,23004
15776,-384,22364
15934,-372,21489
13525,-3768,22000
19564,6421,21383
16808,-995,15763
14147,-8134,24614
18596,-476,24781
16957,-2669,19896
16930,-4376,24248
19143,-1520,21480
18624,-1891,19569
18399,-4133,17241
19532,-1585,17958
19223,-2794,17503
17363,-2923,15944
17475,-1815,20360
18051,-772,19112
18311,1160,17090
18105,1361,16662
18254,1380,17423
17598,563,15561
17202,2017,14780
15936,379,14814
14607,990,16530
15906,2650,15989
17045,5372,14388
13352,2163,9189
15763,4465,16016
15318,5954,9689
13537,3281,10631
13469,3607,13845
13023,3364,12920
13112,3613,10335
13239,3894,10724
13485,3800,9971
13283,3967,8370
12641,3642,7732
12253,4179,7001
11997,4989,6733
11972,5617,6033
11860,6191,5842
11297,6114,6118
11077,6147,6356
10837,7363,5006
10354,5986,6426
10241,7243,4972
10095,7145,4402
9997,7207,3906
9906,7207,5256
10062,9370,2132
9857,9097,2522
9621,9274,2402
9427,10871,1964
8795,10035,2718
9102,12535,2485
8635,12069,4296
8393,12322,3725
8151,12532,3890
7370,11807,5527
7301,11838,5750
7356,12085,4745
7273,11534,4789
7272,10595,4993
7373,10082,4671
7618,9512,3785
7939,9644,3198
7957,9084,3909
8037,9006,2776
8011,8736,2934
8008,8130,3741
7954,7993,4158
7828,7748,3710
7728,8087,4130
7691,7972,5183
7318,7277,5368
7313,7776,5249
7260,7746,5207
7318,7924,4795
7231,7940,4603
7132,6931,3324
7217,8792,3789
7678,9433,2274
7347,8949,1942
7619,8272,1768
7209,8986,3257
7074,9960,2698
7241,10440,5377
5868,9341,7190
9343,7241,7175
8403,3990,8844
9530,4028,8406
9197,2846,9031
13233,-775,19045
2954,-7931,20030
10276,1107,11666
10060,2550,5161
10210,-2758,12119
9812,-2021,11280
10546,-1941,13734
9766,-1105,10645
10058,-158,11792
9921,-1119,14046
10230,876,12554
10251,1823,11737
10332,-6937,-2018
17690,23686,9191
9309,-13205,20008
10058,3195,20247
11015,14374,-6031
11591,9719,10897
10618,2636,20214
10817,7616,13632
11345,10611,4971
11794,10815,10280
10940,7895,10745
10751,7081,11117
11635,10650,8798
11317,11484,9202
10999,8097,10371
10717,7734,10578
10923,8130,10010
10539,7557,10859
11227,7079,11466
11848,12443,5886
11431,9201,10087
10945,8658,8984
11052,7323,9080
11707,8184,8753
12089,10881,4066
12239,10229,6357
12986,12527,4098
13104,12895,4427
12699,10113,8141
12367,11411,5708
12686,12102,11985
12927,17097,5645
12789,15781,8227
11968,13324,11731
12712,15411,11000
13067,17046,7409
12876,14994,8190
12492,12132,9846
12178,11067,10590
12876,12797,10049
12769,15036,12045
12439,9882,15619
11424,8259,10979
12863,10014,12770
12050,7933,13155
11384,5843,14104
12860,9087,14191
11557,6387,11563
11712,5594,15945
11376,4356,15867
10970,4939,14631
11127,5056,15577
13366,6817,21115
10977,3991,16031
10762,4189,15680
10429,3471,19281
10098,2025,19089
10517,4307,16320
9491,3431,18838
8775,933,21054
8860,2899,20191
8732,2699,19425
8659,2522,21122
9049,3659,20062
8106,2336,20440
8116,3370,20381
7924,3391,19822
8043,3583,21208
7854,3803,20780
7702,4182,21065
7888,4871,21210
7802,5356,20989
7817,6033,21316
7700,6176,21425
7927,7593,20175
6210,6029,22945
7475,7414,23647
7791,8190,22332
7634,9201,21512
7340,9200,22027
7503,9318,22259
7271,9739,21667
7244,9902,21660
7283,10199,21464
7076,10551,20756
7119,10773,20683
6669,10390,20749
6774,10668,20784
6653,10819,20662
6276,10748,19992
6462,10723,19709
5729,8927,21588
6070,10838,18117
6368,10813,18789
5917,8884,20357
6264,9675,20321
6031,9298,19468
6367,9357,19622
6423,7393,20723
6928,7895,19812
7069,7683,19771
7335,6975,19141
7362,6320,18493
7768,5778,19816
7584,5305,19304
7558,5979,18881
7186,4224,17322
7180,4033,18552
7080,4860,16748
6715,4552,17227
6061,4934,16786
5832,4745,17218
4284,5228,19794
5225,5833,17410
4407,4605,14879
5543,6028,17112
4649,5321,17032
4854,6223,17071
5318,6484,16206
5738,6209,17424
5521,4548,20864
6477,9279,14774
6777,5463,19749
6878,6005,19101
7878,6650,18981
8432,5963,19149
8890,6029,17898
9408,5806,19305
9677,5235,19474
10688,6317,19463
10089,5872,18885
10944,4935,19298
11676,7302,20922
11819,6750,20350
11582,6473,20641
11782,5679,22130
11803,6151,21106
12102,6254,22448
12169,6502,22329
12079,5764,22380
12293,6360,21096
12565,5897,21414
12677,6034,22037
12822,6415,21888
13061,6395,22483
13442,6613,22475
13363,5882,25997
13954,8607,19727
13960,7343,20935
14204,6835,23333
14356,8146,21015
14463,7890,20777
14749,7786,20737
15166,8676,20728
15313,8548,19314
15155,8124,17518
16259,9011,18871
16084,8635,17586
16390,9635,16469
16362,8071,15867
16896,8726,15693
17488,8733,13575
15781,7429,17354
15348,12200,6285
16336,7422,19805
15258,2937,18639
16983,11479,10963
17420,6237,15313
16841,5044,14951
16195,7015,12188
15858,5823,10047
16649,6394,14385
16397,5650,13998
15868,6345,11561
15544,5634,11826
15503,5615,11940
15432,6140,11666
15195,5707,10078
15020,5827,9307
14588,5036,9158
14417,5672,8184
14107,5692,6857
14037,5735,8185
13433,4974,7246
13468,6540,8123
12559,5569,7937
12704,7234,7919
11952,5464,7349
11956,6735,7225
11748,6151,7277
11506,6329,7060
11240,6055,6237
11161,6257,5634
10960,6073,5197
10840,5963,4944
10662,5683,5116
10469,5487,5004
10443,5466,5147
10370,5402,5133
10289,5053,4929
10093,3922,6078
10028,3951,6046
10093,3980,6069
10042,4034,5950
9951,4199,6086
9883,4365,6028
9789,4539,6098
9659,4690,6140
9534,4951,5968
9212,5143,5790
9574,5050,7427
9101,5670,6659
8857,5411,5770
8642,5240,5965
8769,5177,6590
8773,5983,4822
9213,4959,9959
8982,5364,6365
9196,5232,5408
9527,4192,8092
9660,4147,7343
9565,4063,5733
9883,3713,7236
10085,4281,7788
9724,4122,6208
9728,3766,7342
9846,4177,6856
9788,4161,7313
9599,3929,7501
9525,3911,7784
9235,3559,8235
9020,3456,8561
8253,904,11754
8584,5146,6641
8305,2717,11697
7761,2501,9629
8036,3435,5418
7960,3187,9603
7715,2547,9807
8001,3805,8019
7888,3167,8611
7890,2909,9381
8416,3741,8183
9075,6024,11340
8722,2434,8206
9979,6659,9652
9704,2370,11980
9999,4775,8036
10682,4725,7237
10847,3035,11438
10602,1976,9573
11688,3945,9834
11531,2962,11823
11851,3949,12345
11993,3894,9555
12629,4212,12514
12351,3472,11976
12861,4791,10607
12920,5105,11033
12970,5837,11632
12978,6167,12248
13178,6758,12926
13376,7805,12204
13254,8120,11944
13318,8409,11871
13323,8760,12155
13345,8941,12058
13312,8940,11994
13155,8706,11925
13044,8658,11718
12962,8381,12012
12871,8016,12694
12675,7763,12458
12362,7398,12337
12335,5750,11989
12386,6515,11364
12243,5778,10973
12200,5345,10680
12383,5421,9330
12667,5164,7646
12716,4641,7289
12540,4252,8161
12255,4035,8826
12028,4183,10464
11915,5009,11923
12045,6082,13853
11722,6727,15173
11457,7065,15774
11431,7618,16021
10995,7771,16290
11312,8350,15955
11094,8647,14843
11351,9592,13669
10609,8229,13605
12666,10053,14489
11563,8872,10866
11962,8373,11884
11722,7485,11851
12149,7672,11774
12314,7194,11754
12409,6664,12492
12201,6113,12570
12207,5976,13008
12305,5630,14479
12212,5285,14269
12359,5364,14886
12278,5264,15160
12244,5442,15019
12209,5766,15498
12115,6040,15360
12118,6327,15559
12354,6850,14777
12437,7760,14368
12157,6851,14345
12560,8786,13985
12694,9461,14128
12634,9798,13519
12684,10314,13928
12555,10309,14548
12643,10555,14356
12444,10642,14180
12450,10830,14835
12274,10948,14199
12399,11664,14789
12194,11277,15261
12401,11999,15868
12089,12265,15410
12105,12354,16409
11926,12428,16292
11812,13127,16512
11727,13048,16551
11695,13390,16948
11504,13479,17025
11412,14209,16627
11241,14293,17641
10917,14539,17374
10802,14897,17361
10665,15111,18118
10524,15476,17978
10173,15339,18755
10166,16131,17354
9901,14598,17867
9681,15288,18477
9425,15157,18231
9512,16099,19311
9366,15027,18983
9107,14926,18853
9104,14374,19088
9097,14369,19059
8963,13522,19467
9052,13341,19729
9108,12904,19737
9172,12830,19367
9211,12813,20087
9287,12723,19367
9454,12341,18948
9705,12518,18161
9937,12385,17453
10408,12469,17168
10993,12531,16861
11039,11649,16837
11283,11514,16625
11695,11238,16664
12050,11187,15683
12018,10688,15442
11838,10419,15148
11566,10340,15472
11284,10013,14625
11118,10712,14917
10690,10503,15509
10170,10528,15080
9703,10872,14648
9518,11044,14662
9142,11135,14217
9066,11306,15415
8835,11551,14602
8956,11995,14776
8953,11814,14939
9295,11922,15205
9608,12043,14706
9721,11330,15441
10174,11024,15407
10589,11078,15440
10909,10404,15494
11329,9682,16036
11897,9515,16311
12347,9180,16805
13006,8959,17325
13492,8851,17773
14070,8785,18200
14606,8561,18615
15148,8456,18899
15540,9049,19885
16167,8459,19230
16680,8590,19550
17270,8743,18720
17392,8680,19658
17822,8921,20056
18200,9197,20238
18364,8998,20759
18646,8200,20759
18773,8791,20779
18950,9285,21011
19030,9131,20881
19161,9148,21238
19368,9565,20551
19501,9498,20114
19363,9083,20737
19460,8942,20162
19365,8730,20324
19354,8120,20310
19419,7665,20021
19240,6112,21289
19481,7818,17920
19439,7290,19470
19207,5949,18696
18658,3667,15407
18471,2815,16926
18352,2597,15536
18170,2568,14444
18251,2265,14952
17800,1941,14136
17600,2156,13253
17478,1445,14898
17185,1892,13178
17031,1886,13142
16739,1504,13609
16380,1886,13038
16387,2363,11829
15826,2075,10989
15171,1191,13116
14978,1981,11571
14375,1896,10832
13776,1318,11839
13373,1808,10117
12983,1916,10667
10088,-340,9540
13384,3006,8958
12471,1359,6378
12346,998,6945
12398,1225,6360
12187,2013,4772
11680,1229,5091
11862,2844,4274
11347,2934,3996
10944,3255,3698
10731,4056,4237
10327,4313,4885
10195,5032,4174
10082,5359,3993
10073,5826,3458
9893,6064,2919
9866,5854,2852
9860,6107,2133
9634,6098,1376
9671,6569,138
9525,5874,224
9511,5759,846
9644,5920,420
9679,6032,134
9564,6020,941
9546,5623,1126
9326,6421,1572
9481,3712,123
9958,4611,3057
9314,5718,645
9448,5639,3049
9122,4150,2533
9099,4507,2224
8841,3952,1978
8778,3973,1382
8769,4265,2176
8502,3570,3169
8342,3695,3308
8203,3594,2492
8287,3733,2708
8267,3098,3331
8423,3065,3555
8406,2788,3605
8441,2547,3935
8615,2512,4656
8808,2329,4936
8887,2330,4796
8899,2390,5446
9046,2386,6038
9158,2514,6124
9212,2516,6434
9404,2663,6997
9729,2669,7176
9981,2795,7377
9988,3031,7073
10103,3275,7475
10142,3545,8032
10150,3808,8459
10016,4182,8493
9986,4576,8838
9949,4953,9078
9876,5340,9093
9753,5557,9190
9731,5769,9246
9856,6252,8822
9871,6689,8593
9884,6773,8565
10033,6819,8647
10219,6925,8815
14462,9118,8487
12275,12614,-4684
11553,7092,15018
11695,3009,32062
11369,10310,1759
12213,11911,7290
11912,6626,6981
12166,6174,21541
12549,5930,12316
12850,6835,10702
13466,9610,8440
13148,9652,12211
12956,8602,12505
13345,10588,12995
13602,8193,14936
12673,10602,6973
13144,12732,3063
13906,12948,18396
13241,11996,14784
13204,14613,9402
14043,14586,9908
13116,10994,11508
13615,13214,11702
13941,8827,18897
13175,9509,11394
14145,11707,10157
13828,7754,13159
13817,6867,13767
13775,6688,13269
13599,5556,14003
13422,5399,14285
13460,5210,12826
13341,4868,12710
13137,3627,14279
12914,3255,14337
12961,3797,13039
12985,3651,12105
12929,3197,12395
12666,2893,12805
12820,3034,13075
12791,3152,11649
12896,3543,11860
12966,3782,12308
13041,3603,13383
12976,4002,13040
13029,4307,13030
13042,4890,12802
13065,4689,13878
13076,4952,14262
12929,4862,15072
13071,5073,15336
13288,6166,14881
13114,5865,15282
13251,6221,15584
13039,5443,16318
13013,6068,16058
12938,6228,16046
12888,6177,16450
12758,5845,17168
12767,6447,16687
12610,6164,17287
12323,5925,17016
12382,6059,17909
12106,5916,17591
11863,6061,17559
11802,5891,18091
11328,5544,18234
11182,5532,18700
10933,5396,19320
10601,5806,19255
10284,5970,19439
10012,6152,19912
9719,6384,20244
9580,6728,20378
9372,7088,20513
9040,7629,20151
8783,8320,18981
8579,8195,20824
7867,8295,20465
8293,9974,19872
7554,9087,19950
7273,9517,21899
6988,10438,19987
6685,10245,21540
6233,10255,20497
6175,11135,21350
5606,11003,21632
5643,11662,21987
5237,12371,23174
5168,12087,23592
4816,12395,23289
4846,12170,23556
4929,12839,22684
4404,11936,23244
4335,12351,22343
6311,10889,26015
5170,14802,23964
4254,11208,23528
4539,12873,22863
4174,11116,21827
4204,10610,23136
4543,10641,21614
4701,10934,21609
4683,9861,22863
4861,10209,21814
4922,9809,22345
4938,9357,21497
5041,9230,21908
5016,9032,20415
5451,9830,21398
5428,8930,21437
5512,8804,20067
5583,8202,20333
5946,8264,19904
6088,7660,19000
6711,7559,19122
6942,7989,18335
6999,6315,20127
7604,6508,19574
7983,7074,19375
8336,6851,18735
8603,6304,19039
8779,6430,18363
8968,6232,18495
8701,6152,19099
8500,5748,20332
8925,6130,18585
7722,6702,18415
8001,5587,22024
8158,6136,19014
8521,6281,20456
8668,6168,20411
9236,5808,21623
9712,5962,21365
10262,5843,21014
10778,5728,22458
11316,5177,22481
12007,5756,22551
12493,5365,23265
13020,5117,23503
13566,5297,23093
14176,5288,23911
14768,5071,23673
15063,5046,23954
15791,5330,24381
16265,4924,25338
16435,5306,23495
16867,5355,24462
16830,3970,24965
17766,5204,24503
18003,5210,24332
18118,4800,24375
18396,5338,23320
18543,5150,24644
18778,5212,24592
19084,5427,24220
19162,5140,24511
19298,5173,23904
19468,5115,23442
19674,4877,23344
19760,4790,23278
19823,4998,22728
19910,4630,22631
19668,4398,22327
19921,4403,21865
19926,4596,21529
19809,4183,21445
19806,4143,20203
19719,4049,19787
19532,4035,19494
19239,3524,19231
19246,3708,18652
19101,3379,18658
18892,3294,17704
18763,3021,17404
18531,2930,16653
18259,2446,16595
17792,2159,15042
18055,2984,15035
17518,1646,15546
17110,2509,13790
17123,2477,12088
16673,1736,13171
16028,1173,11825
14406,921,12936
15799,2206,10710
14999,1144,11351
14844,2187,11143
14501,1393,9957
14285,1520,10539
13796,2019,9868
13547,2132,9614
12993,1688,9268
12731,2816,9076
12491,3247,9018
11978,3356,8248
11604,3425,7823
11336,3766,9079
11195,4489,7620
10778,4677,6852
10425,4769,6712
10258,4796,6588
9818,4801,5785
9516,4671,5285
9285,4529,5175
