-1374,-18982,7006,
-2268,-18922,7146,
-2733,-19093,7238,
-3185,-19366,7264,
-3324,-19506,7177,
-4135,-20276,7460,
-4931,-20956,7811,
-5153,-21256,7624,
-5428,-21424,7347,
-5842,-21751,7237,
-6385,-22234,7176,
-6662,-22523,7105,
-6933,-22709,6730,
-7159,-22942,6547,
-7387,-23146,6512,
-7630,-23372,6357,
-7875,-23572,6189,
-8039,-23712,6106,
-8164,-23872,5826,
-8299,-24041,5676,
-8430,-24203,5562,
-8543,-24378,5409,
-8585,-24466,5289,
-8625,-24528,5118,
-8632,-24524,4840,
-8660,-24526,4652,
-8614,-24468,4501,
-8495,-24345,4261,
-8452,-24157,4134,
-8390,-23998,3998,
-8370,-23802,3923,
-8296,-23733,3928,
-8215,-23567,3897,
-8164,-23339,3824,
-8164,-23113,3777,
-8029,-22828,3718,
-8011,-22456,3693,
-7992,-22282,3724,
-7892,-22000,3669,
-7800,-21617,3621,
-7694,-21092,3440,
-7615,-21022,3612,
-7735,-21305,3730,
-8023,-21225,3837,
-8134,-21007,3813,
-8264,-20932,3718,
-8456,-20847,3595,
-8627,-20731,3628,
-8805,-20712,3561,
-8944,-20625,3495,
-9092,-20414,3364,
-9205,-20356,3160,
-9336,-20307,3043,
-9429,-20056,2953,
-9468,-19859,2696,
-9565,-19692,2444,
-9533,-19514,2388,
-9496,-19273,2165,
-9416,-19010,1939,
-9298,-18758,1739,
-9124,-18541,1572,
-9101,-18300,1442,
-8925,-18037,1384,
-8840,-17829,1339,
-8758,-17805,1382,
-8461,-17024,1205,
-8302,-16766,1126,
-8303,-16538,1044,
-8146,-16225,1015,
-8021,-15891,1106,
-7966,-15641,1305,
-8083,-15381,1350,
-8178,-15100,1358,
-8276,-14672,1396,
-8551,-14389,1447,
-8682,-14056,1604,
-8848,-13607,1455,
-9210,-13407,1581,
-8976,-12801,1530,
-8940,-12247,1382,
-9250,-12066,1526,
-9429,-11998,1640,
-9453,-11829,1649,
-9495,-11683,1627,
-9589,-11607,1729,
-9720,-11589,1930,
-9790,-11436,1762,
-9901,-11235,1774,
-10059,-10953,1729,
-10121,-10649,1753,
-10121,-10476,1744,
-10133,-10291,1707,
-10206,-10215,1789,
-9952,-10009,1724,
-10125,-9888,1890,
-10208,-10070,1977,
-10378,-10444,2245,
-10662,-10979,2897,
-10733,-11289,2985,
-10884,-11347,3352,
-11152,-11604,3698,
-11339,-11938,3973,
-11442,-12557,4799,
-11840,-12210,4287,
-11677,-12290,4371,
-11339,-12248,3971,
-11343,-12497,3945,
-10669,-11871,3476,
-9917,-11331,2831,
-9497,-11030,2783,
-9046,-10598,2674,
-8797,-10688,3232,
-8662,-10709,3739,
-8547,-10499,4322,
-8601,-10193,5162,
-8611,-9938,6149,
-8583,-9807,7171,
-8534,-9638,8322,
-8508,-9720,9169,
-8464,-9963,9672,
-8434,-10546,9538,
-8230,-10792,10862,
-7975,-11375,10626,
-7674,-11945,10527,
-7456,-12386,10401,
-7363,-12899,9943,
-7422,-13340,9824,
-7483,-14047,9590,
-7601,-14467,9417,
-7859,-14884,9184,
-7963,-15074,9394,
-7974,-15403,9597,
-8432,-15955,9917,
-8750,-16356,10559,
-8570,-16735,10782,
-8620,-17120,10932,
-8514,-17339,11022,
-8091,-17483,11352,
-8223,-18057,11750,
-8072,-18160,12130,
-8030,-18596,12097,
-7904,-18832,12222,
-7595,-18798,11748,
-7433,-18763,11935,
-7084,-18893,11547,
-6642,-18340,11380,
-6954,-18849,11502,
-6798,-18941,11222,
-6401,-19004,11354,
-6170,-18896,10789,
-6057,-18996,10528,
-5925,-19076,10324,
-5788,-18947,9896,
-5688,-19038,9555,
-5595,-19085,9313,
-5385,-17841,9876,
-5580,-18251,10086,
-5483,-18844,8619,
-5223,-18804,8486,
-5334,-19097,7648,
-5355,-18799,8230,
-5408,-18863,8194,
-5455,-19083,8207,
-5510,-18767,8050,
-5093,-18313,8248,
-5522,-18867,7808,
-5598,-18644,7839,
-5769,-18662,8166,
-5921,-19084,8048,
-6395,-19196,8590,
-6657,-19360,8794,
-6788,-19414,8992,
-6772,-19488,9316,
-6842,-19510,9513,
-6791,-19564,9628,
-6789,-19570,9804,
-6631,-19536,9942,
-6297,-19666,10086,
-5901,-19923,10233,
-5552,-20045,10327,
-5145,-19955,10484,
-4763,-20000,11220,
-4278,-20081,10340,
-3925,-20067,10173,
-3496,-20130,10165,
-3009,-20108,10015,
-2683,-20000,9894,
-2262,-19841,9887,
-2131,-19842,9879,
-1865,-19792,9838,
-1730,-19664,9962,
-1593,-19561,10036,
-1559,-19377,10156,
-1504,-19312,10412,
-1406,-19255,10560,
-1396,-19128,10554,
-960,-19379,11028,
-901,-19420,11008,
-857,-19298,11239,
-678,-19243,11281,
-422,-19256,11348,
-52,-19313,11423,
249,-19347,11462,
588,-19075,11523,
899,-18878,11448,
1057,-18869,11241,
1124,-18796,11261,
1205,-18520,11124,
983,-18656,11083,
1024,-18733,11054,
680,-18767,10943,
352,-19173,10791,
16,-19825,10753,
-349,-20586,10929,
-461,-21637,11062,
-424,-22363,10879,
-215,-22695,10765,
-77,-22840,10297,
191,-23243,9281,
612,-23272,10493,
936,-23220,9594,
1456,-22592,9106,
1702,-22140,8640,
1890,-21600,8429,
2021,-21023,8209,
1969,-20578,8108,
1863,-20091,8067,
1566,-19440,8009,
1218,-18974,8137,
922,-18574,8073,
595,-18246,8204,
305,-18141,8394,
-25,-18085,8504,
-380,-17986,8624,
-726,-17986,8670,
-1071,-18086,8694,
-1519,-18254,8779,
-1921,-18483,8721,
-2262,-18659,8647,
-2637,-18902,8579,
-2972,-19184,8583,
-3348,-19623,8507,
-3741,-19909,8520,
-4075,-20239,8436,
-4380,-20566,8284,
-4730,-20873,8190,
-5054,-21235,8036,
-5373,-21542,7903,
-5660,-21854,7757,
-5911,-22092,7583,
-6154,-22258,7337,
-6332,-22602,7231,
-6496,-22810,7049,
-6740,-22885,7071,
-6810,-23122,6764,
-6925,-23208,6521,
-6995,-23218,6130,
-7009,-23220,6221,
-6988,-23211,6170,
-7031,-23118,5997,
-6990,-22960,5840,
-6977,-22751,5777,
-6980,-22554,5656,
-6897,-22362,5548,
-6805,-22154,5582,
-6723,-21950,5510,
-6690,-21798,5535,
-6592,-21600,5624,
-6501,-21443,5742,
-6420,-21314,5684,
-6331,-21241,5853,
-6318,-21064,5857,
-6276,-20988,5924,
-6282,-20867,6097,
-6353,-20755,6208,
-6455,-20794,6189,
-6622,-20776,6165,
-6625,-20505,6194,
-6723,-20453,6186,
-6920,-20356,6143,
-6960,-20186,6034,
-6988,-19968,5839,
-6992,-19800,5678,
-6927,-19654,5583,
-6957,-19553,5429,
-6909,-19422,5414,
-6937,-19302,5432,
-6937,-19124,5425,
-7004,-18989,5265,
-7029,-18820,5275,
-7072,-18711,4966,
-7195,-18333,4999,
-7184,-18084,4839,
-7222,-17772,4657,
-7307,-17516,4536,
-7408,-17310,4505,
-7378,-17092,4346,
-7378,-16790,4127,
-7427,-16537,3949,
-7414,-16289,3808,
-7364,-15924,3704,
-7074,-15368,3188,
-7276,-15459,3406,
-7597,-15554,3522,
-7562,-15457,3592,
-7621,-15022,3519,
-7687,-14628,3575,
-7781,-14474,3678,
-7902,-14197,3782,
-7974,-14010,3923,
-8024,-13676,3924,
-7949,-13329,4073,
-7951,-13025,4097,
-7861,-12784,4105,
-7748,-12600,3976,
-7586,-12448,4015,
-7494,-12339,4035,
-7373,-12170,3976,
-7235,-12023,3862,
-7004,-12029,3887,
-6961,-11834,3709,
-6826,-11531,3774,
-6642,-11548,3835,
-6600,-11672,3922,
-6625,-11618,4165,
-6544,-11284,4390,
-6444,-10989,4472,
-6361,-10664,4650,
-6495,-10589,4837,
-6480,-10634,5128,
-6617,-10717,5211,
-6806,-10913,5494,
-6992,-11211,5667,
-7116,-11595,5889,
-7438,-12181,6152,
-7641,-12534,6354,
-7858,-12981,6477,
-8069,-13377,6506,
-8170,-13565,6444,
-8185,-13632,6291,
-7961,-13556,6116,
-7735,-13507,5934,
-7424,-13343,5730,
-7038,-13154,5492,
-6737,-13001,5483,
-6474,-12739,5520,
-6090,-12371,5689,
-5793,-12035,5896,
-5388,-11697,6263,
-4943,-11234,6676,
-4578,-10934,7130,
-4255,-10766,7714,
-3964,-10605,8101,
-3781,-10546,8553,
-3648,-10436,9062,
-3658,-10494,9320,
-3678,-10585,9414,
-3806,-10781,9581,
-3957,-10968,9674,
-4203,-11142,9586,
-4504,-11597,9660,
-4806,-11966,9635,
-5073,-12237,9634,
-5361,-12718,9744,
-5562,-13168,9809,
-5691,-13583,9770,
-5893,-14235,9671,
-5964,-14701,9570,
-6042,-15200,9526,
-6182,-15909,9263,
-6300,-16357,9028,
-6318,-16853,8959,
-6273,-17482,8786,
-6245,-17933,8720,
-6028,-18252,8679,
-5802,-18583,8692,
-5722,-18835,8758,
-5562,-19060,8919,
-5462,-19122,9090,
-5308,-19101,9195,
-5166,-19063,9339,
-5064,-18901,9295,
-5048,-18695,9400,
-5077,-18564,9439,
-4904,-18447,9376,
-4944,-18357,9453,
-4931,-18168,9328,
-4920,-18076,9326,
-4888,-17969,9213,
-4857,-17936,9206,
-4808,-17968,9248,
-4821,-17986,9338,
-4851,-17982,9473,
-4865,-17956,9611,
-4946,-17973,9759,
-5017,-18005,9957,
-5140,-17982,10117,
-5241,-18043,10304,
-5369,-18143,10574,
-5452,-18292,10773,
-5616,-18339,10944,
-5736,-18555,11204,
-5854,-18752,11200,
-6040,-18892,10886,
-6008,-19328,11378,
-6091,-19719,11467,
-6164,-20091,11596,
-6160,-20537,11760,
-6181,-20958,11979,
-6310,-21756,11884,
-6262,-22367,12752,
-6110,-22962,13204,
-5823,-23507,13838,
-5533,-24018,13904,
-5273,-24650,14564,
-4540,-24605,14368,
-3780,-24548,14954,
-2833,-24689,14100,
-2200,-24512,14660,
-1202,-24493,15511,
-332,-24702,14919,
957,-24132,14562,
1059,-23596,14088,
2927,-23763,13124,
3559,-23396,13327,
4481,-23311,13214,
5273,-23093,12975,
5548,-22839,12605,
5977,-22544,12575,
6243,-22399,12410,
6176,-22264,12145,
6038,-22073,12075,
6061,-21947,12001,
5908,-21945,11766,
5732,-21846,11685,
3968,-21305,10688,
5007,-21916,11256,
4229,-21709,10779,
3552,-21490,10575,
2841,-21370,10306,
2452,-21052,10122,
1738,-20853,10041,
1441,-20784,9628,
922,-20464,9594,
407,-19981,8950,
-33,-19609,8386,
-403,-19488,7790,
-742,-19124,7448,
-989,-19132,7047,
-1299,-19178,6477,
-2004,-19774,6374,
-2388,-20261,6316,
-2834,-20912,6182,
-3445,-21577,5847,
-3823,-22160,5548,
-4282,-22646,5070,
-4630,-23110,4510,
-4672,-23224,4071,
-4667,-23185,3500,
-4634,-23097,2875,
-4727,-22856,2478,
-4743,-22577,2166,
-4654,-22108,1933,
-4607,-21843,1800,
-4640,-21383,1560,
-4546,-20979,1381,
-4710,-20697,1310,
-4966,-19903,1223,
-4978,-19459,1429,
-4918,-19213,1464,
-5125,-18726,2226,
-5246,-18685,1767,
-5055,-18595,2124,
-5042,-18349,2333,
-4815,-18432,2636,
-4852,-18461,3174,
-4674,-18980,2914,
-4671,-19076,3111,
-4628,-19374,3224,
-4594,-19771,3308,
-4685,-20158,3348,
-4761,-20764,3330,
-4917,-21218,3320,
-5075,-21656,3138,
-5234,-22003,2909,
-5424,-22379,2638,
-5553,-22670,2555,
-5664,-22960,2389,
-5840,-23317,2255,
-5972,-23560,2186,
-6186,-23787,1962,
-6197,-24004,2264,
-3604,-22588,3849,
-6876,-26345,1935,
-6519,-24154,2296,
-6534,-24550,822,
-6455,-24012,1661,
-6445,-24241,2085,
-6704,-24278,1471,
-6850,-24359,1818,
-7044,-24360,1615,
-7135,-24168,1445,
-7350,-23875,1460,
-7466,-23707,1720,
-7583,-23586,1875,
-7514,-23335,2047,
-7587,-23058,2445,
-7609,-22906,2523,
-7585,-23328,2671,
-7677,-22614,2983,
-7572,-22618,3035,
-7377,-21812,2815,
-7561,-22159,3771,
-7277,-21876,3866,
-6964,-21566,4282,
-6901,-21389,4408,
-7012,-21265,4680,
-7078,-21059,4963,
-7129,-21067,4981,
-7273,-20566,5147,
-7466,-20192,5340,
-7784,-19933,5279,
-8056,-19481,4905,
-8299,-19209,5211,
-8455,-18838,5193,
-8520,-18379,4858,
-8734,-17964,4798,
-8830,-17541,4834,
-8956,-17020,4553,
-8790,-16763,4545,
-8964,-15913,4660,
-8907,-15497,4230,
-8932,-15141,4026,
-9172,-14595,4073,
-9372,-14008,3889,
-9708,-13685,4186,
-9765,-13102,3982,
-10006,-12225,3824,
-10382,-11510,3906,
-10424,-10901,3859,
-10686,-10173,4049,
-10709,-9675,3642,
-10572,-9300,4159,
-10548,-8961,4224,
-10558,-8921,4499,
-10099,-8889,4518,
-9925,-9124,4588,
-9747,-9350,4801,
-9473,-9979,4804,
-9239,-10368,4955,
-8820,-10804,5037,
-8341,-11151,5180,
-7895,-11454,5195,
-7571,-11861,5377,
-7263,-12302,5614,
-6991,-12916,5849,
-6918,-13137,6354,
-6706,-13517,6494,
-6515,-13832,6644,
-6419,-13809,6911,
-6386,-14112,7282,
-6367,-14249,7646,
-6338,-14125,7974,
-6393,-14252,8259,
-6397,-14620,8496,
-8539,-12777,-3907,
-6035,-18711,4486,
-6205,-14327,6316,
-7517,-15156,7350,
-6820,-16040,11158,
-6962,-15700,8704,
-6622,-16047,8870,
-6810,-16160,9335,
-6548,-15646,8479,
-6975,-16448,7043,
-5793,-16114,7249,
-5869,-15068,6563,
-5542,-14204,6543,
-4797,-13779,6401,
-4583,-12665,8175,
-4094,-11727,8139,
-3997,-10983,8820,
-3679,-9961,9430,
-3585,-9255,9859,
-3233,-8869,10935,
-3355,-8340,11240,
-3417,-7921,11503,
-3492,-7991,11834,
-3609,-7792,11667,
-3789,-8188,11399,
-4101,-8196,11459,
-4547,-8857,11210,
-4922,-9420,10964,
-5005,-10009,10272,
-5222,-10642,10491,
-5491,-11767,9577,
-5579,-12398,9340,
-5752,-13140,9065,
-5845,-14016,8650,
-5836,-14687,8250,
-5664,-15310,8143,
-5485,-15966,8161,
-5236,-16586,8032,
-5056,-17052,7756,
-4851,-17671,7939,
-4659,-17979,7959,
-4494,-18316,7914,
-4221,-18517,8059,
-4089,-18608,8166,
-3978,-18620,8672,
-3857,-18489,8953,
-3887,-18436,9487,
-3809,-18090,10141,
-3701,-17864,10270,
-3584,-17412,10975,
-3483,-16813,11332,
-3260,-16549,11934,
-3120,-16161,12279,
-2983,-15958,12649,
-2873,-15708,12790,
-2796,-15455,12806,
-2657,-15284,12632,
-2716,-15201,12795,
-2525,-14985,12732,
-2294,-14997,12345,
-2271,-14726,12400,
-2131,-15041,12046,
-2158,-15115,11408,
-2215,-15267,11530,
-2193,-15522,11110,
-2230,-15744,10814,
-2251,-16102,10591,
-2218,-16332,10491,
-2168,-16577,10435,
-2058,-16978,10143,
-2016,-17305,10091,
-1949,-17397,10164,
-1762,-17818,10463,
-1613,-18310,10357,
-1627,-18442,10298,
-1474,-18532,10326,
-1266,-18782,10210,
-1187,-18918,10199,
-1117,-19072,10239,
-903,-19174,10299,
-908,-19204,10154,
-807,-19203,10051,
-637,-19288,10047,
-544,-19315,10091,
-386,-19460,10116,
-198,-19579,10156,
-59,-19548,10131,
192,-19602,10108,
501,-19625,10169,
815,-19724,10170,
1097,-19877,10338,
1480,-19973,10416,
1755,-20120,10339,
2052,-20247,10275,
2523,-20344,10455,
2864,-20660,10431,
3203,-20905,10573,
3554,-21197,10521,
3922,-21330,10756,
4209,-21632,10948,
4530,-21810,10571,
4420,-21996,10898,
4657,-22512,10529,
4622,-22494,10620,
4738,-22559,10596,
4943,-22316,10150,
4855,-22448,10638,
4878,-22116,10753,
4926,-22322,10405,
4772,-21801,10375,
4521,-21945,10112,
4299,-21191,9747,
4122,-20755,9658,
3811,-20204,9356,
3459,-19699,9093,
3096,-19320,9012,
2662,-19063,8765,
2050,-19210,8812,
1395,-19601,8811,
976,-20155,8960,
666,-20865,9169,
364,-21280,9049,
131,-21450,8877,
311,-21334,8617,
420,-21018,8276,
605,-20622,7895,
757,-20176,7703,
938,-19821,7483,
1139,-19257,7078,
1206,-18874,6906,
1246,-18429,6835,
1207,-17980,6498,
1131,-17539,6422,
1071,-17196,6399,
947,-16739,6329,
790,-16389,6276,
575,-16120,6320,
263,-15992,6385,
-5,-15933,6648,
-210,-16110,6787,
-568,-16470,6882,
-844,-16699,7020,
-1107,-17078,7058,
-1533,-17601,7076,
-1795,-18154,7180,
-2209,-18695,7140,
-2655,-19349,7150,
-3038,-19819,7017,
-3294,-20150,6848,
-3838,-20643,6686,
-4223,-21051,6659,
-4531,-21528,6410,
-4940,-21732,6236,
-5306,-22037,6065,
-5653,-22372,5973,
-6028,-22644,5897,
-6332,-22904,5748,
-6939,-23163,5796,
-7027,-23313,5820,
-7257,-23513,5799,
-7424,-23609,5693,
-7574,-23562,5547,
-7562,-23254,5387,
-7429,-22912,5199,
-7308,-22571,5014,
-7127,-22353,4994,
-7015,-21945,5188,
-6654,-21860,5069,
-6311,-21507,5005,
-5899,-20795,5016,
-5582,-20374,5032,
-5243,-20004,5118,
-4763,-19546,5367,
-4493,-19180,5495,
-4296,-18817,5666,
-4036,-18409,5791,
-3879,-18063,5910,
-3728,-17746,6041,
-3612,-17274,6126,
-3572,-17003,6184,
-3676,-16719,6270,
-3676,-16523,6361,
-3708,-16364,6415,
-3788,-16178,6424,
-3837,-16093,6398,
-4006,-16093,6409,
-3880,-15466,6374,
-4023,-15416,6272,
-4257,-15457,6232,
-4341,-15416,6125,
-4439,-15310,6051,
-4687,-15531,6011,
-4775,-15267,5833,
-4951,-15265,5587,
-5036,-15221,5441,
-5195,-15181,5040,
-5323,-15107,4906,
-5449,-15119,4670,
-5563,-15084,4487,
-5700,-15164,4221,
-5853,-15154,3937,
-5984,-15163,3577,
-6138,-15113,3395,
-6228,-15100,3187,
-6277,-15002,3003,
-6376,-14903,2820,
-6426,-14694,2722,
-6536,-14558,2627,
-6643,-14453,2617,
-6729,-14246,2565,
-6810,-14109,2605,
-6898,-13963,2631,
-6939,-13727,2645,
-7009,-13637,2676,
-7046,-13445,2696,
-7291,-13204,2909,
-7177,-13171,3162,
-7283,-13136,3455,
-7299,-12985,3867,
-7288,-12905,4174,
-7345,-12833,4585,
-7494,-12819,5108,
-7567,-12795,5371,
-7628,-12787,5605,
-7822,-12937,5920,
-8096,-13109,6166,
-8254,-13212,6317,
-8484,-13334,6419,
-8510,-13311,6327,
-8520,-13206,6351,
-8437,-13165,6313,
-8315,-13065,6349,
-8103,-12997,6264,
-7784,-12928,6314,
-7546,-13022,6519,
-7330,-13331,6714,
-7013,-13715,6863,
-7074,-13686,6760,
-6983,-14308,7187,
-7121,-14756,7236,
-7092,-15259,7205,
-6938,-15556,6983,
-6874,-15605,6799,
-6694,-15533,6615,
-6629,-15398,5960,
-6520,-15249,5786,
-6307,-14959,5561,
-6076,-14522,5404,
-5789,-14080,5354,
-5485,-13658,5404,
-5173,-13156,5591,
-4784,-12616,5728,
-4405,-12113,5798,
-3941,-11516,5996,
-3644,-11142,6301,
-3270,-10790,6595,
-2831,-10431,6902,
-2588,-10254,7257,
-2385,-10178,7715,
-2294,-10247,7996,
-2309,-10333,8178,
-2324,-10448,8384,
-2556,-10795,8534,
-2734,-11106,8628,
-3000,-11494,8569,
-3326,-11835,8559,
-3657,-12272,8514,
-4108,-13004,8457,
-4504,-13574,8251,
-4848,-14147,8042,
-5191,-14908,7628,
-5403,-15456,7308,
-5548,-15934,7013,
-5761,-16580,6565,
-5871,-17040,6215,
-5947,-17434,5866,
-5932,-17925,5573,
-5945,-18364,5318,
-5865,-18765,4973,
-5803,-19145,4578,
-5768,-19371,4379,
-5637,-19508,4179,
-5467,-19669,4058,
-5335,-19748,3874,
-5208,-19632,3723,
-5075,-19505,3568,
-4987,-19332,3539,
-4863,-19268,3510,
-4679,-19015,3469,
-4598,-18735,3478,
-4502,-18436,3567,
-4466,-18106,3665,
-4403,-17769,3901,
-4483,-17465,3949,
-4485,-17049,4480,
-4598,-16708,4649,
-4662,-16369,5051,
-4806,-16088,5393,
-4958,-15761,5606,
-5129,-15594,5702,
-5208,-15240,5717,
-5301,-15119,6068,
-5253,-15566,6285,
-5324,-15534,6510,
-5506,-15510,6584,
-5592,-15493,6640,
-5622,-15670,6709,
-5695,-15871,6940,
-5777,-16149,6972,
-5869,-16325,6921,
-5979,-16540,6996,
-6033,-16840,6911,
-6113,-17089,6839,
-6155,-17388,6727,
-6111,-17663,6566,
-6047,-17813,6385,
-6026,-17924,6170,
-5997,-17982,5961,
-5960,-17975,5818,
-5886,-18105,5531,
-5910,-18240,5487,
-5912,-18471,5469,
-5932,-18805,5602,
-5927,-18965,5624,
-5825,-19161,5610,
-5791,-19298,5777,
-5575,-19628,6032,
-5406,-19886,6226,
-5027,-20315,6605,
-4734,-20680,6785,
-4422,-21057,6942,
-3969,-21529,7310,
-3481,-21800,7567,
-2993,-22098,7913,
-2439,-22428,8324,
-1985,-22578,8626,
-1399,-22516,8799,
-726,-22520,9193,
-395,-22825,9447,
122,-22844,9626,
797,-22823,9569,
1267,-22915,9369,
1715,-23003,9216,
2208,-23196,9045,
2619,-23314,8897,
3078,-23330,8525,
3807,-23609,8236,
4338,-23648,8076,
4901,-23786,7747,
5565,-23913,7434,
5905,-23883,7237,
6218,-23644,6939,
6064,-23688,6596,
5806,-23957,6718,
5069,-24829,6945,
4410,-25347,6966,
3466,-25755,6930,
2491,-26253,7042,
1639,-26350,7018,
930,-26429,7095,
286,-25990,6831,
-214,-25343,6336,
-714,-24622,6347,
-1224,-23492,6296,
-582,-22360,6380,
-1544,-22329,6000,
-2373,-20142,5483,
-2903,-19381,5668,
-3140,-18575,6031,
-3096,-17699,6238,
-3411,-17223,6401,
-3569,-16896,6323,
-3571,-16417,6266,
-3483,-16184,6303,
-3326,-16104,6543,
-3188,-16078,6845,
-2712,-16371,7229,
-3163,-16674,7008,
-3328,-16752,7269,
-3179,-17123,7120,
-3228,-17701,6996,
-3464,-18432,6886,
-3793,-19051,6832,
-4136,-19611,6503,
-4371,-19999,6214,
-4731,-20444,5862,
-5150,-20854,5564,
-5487,-21259,5384,
-5867,-21685,5146,
-6341,-22137,4790,
-6673,-22499,4392,
-6992,-22748,4058,
-7329,-22963,3497,
-7612,-23116,3256,
-7659,-22613,3139,
-7964,-23536,2999,
-8053,-23401,2781,
-7927,-23485,3610,
-7988,-23376,1886,
-7821,-23355,1813,
-7634,-23445,2147,
-7587,-23100,2021,
-7508,-22919,2234,
-7296,-22579,2049,
-7037,-22285,2257,
-6821,-21912,2257,
-6632,-21501,2209,
-6402,-21250,2569,
-6220,-21088,2709,
-6078,-20597,2870,
-5932,-20046,3270,
-5655,-20248,3068,
-5230,-19932,3192,
-5389,-19775,3234,
-5179,-19268,3579,
-5089,-19034,3754,
-5043,-18898,3909,
-4965,-18680,3806,
-5034,-18467,4047,
-5077,-18310,4102,
-5145,-18358,4071,
-5246,-18142,4102,
-5394,-18070,4073,
-5539,-18024,4021,
-5667,-17919,3808,
-5720,-17887,3654,
-5869,-17787,3673,
-6012,-17750,3279,
-6060,-17607,3014,
-6108,-17495,2628,
-6124,-17447,2526,
-6135,-17348,2397,
-6193,-17315,2144,
-6228,-17256,1953,
-6285,-17232,1818,
-6430,-17143,1669,
-6552,-17028,1520,
-6656,-16884,1333,
-6825,-16752,1218,
-6902,-16580,1160,
-6993,-16395,1095,
-7074,-16073,868,
-7284,-15793,974,
-7407,-15386,936,
-7774,-15531,-43,
-8136,-14544,1043,
-7868,-13949,1119,
-8264,-13362,1355,
-8780,-13151,1742,
-9192,-12703,1601,
-9964,-12431,1781,
-10073,-12037,1795,
-10169,-11469,1479,
-11028,-11535,1378,
-11343,-11578,1228,
-11605,-11691,975,
-11741,-11791,1349,
-11885,-11768,284,
-11896,-12099,-76,
-11565,-12130,-129,
-11639,-12237,-18,
-11691,-12293,16,
-11466,-12230,-24,
-11261,-12383,-46,
-11538,-11843,-235,
-11419,-11605,-22,
-11373,-11299,-109,
-11574,-11033,62,
-11631,-10746,291,
-11848,-10512,644,
-12262,-11026,1181,
-12716,-11479,1727,
-13126,-12055,2253,
-13193,-12785,2311,
-13484,-13924,2887,
-13652,-14927,3941,
-13141,-15625,3965,
-12541,-16129,4701,
-12012,-16676,4622,
-11376,-17441,4602,
-10676,-17710,4887,
-9972,-17619,4824,
-9220,-17160,4303,
-8781,-16833,3979,
-8445,-16563,3952,
-8149,-16113,3314,
-8101,-15846,4095,
-7870,-15355,3908,
-7716,-14949,4210,
-7659,-14719,4579,
-7615,-14295,5078,
-7489,-14038,5566,
-7368,-13840,6032,
-7211,-13708,6705,
-7002,-13761,7351,
-6707,-13783,7761,
-6422,-13746,8482,
-6130,-13768,8937,
-5887,-13863,8392,
-5536,-14281,9859,
-5409,-14412,9971,
-5218,-14611,10248,
-5181,-14928,10176,
-5130,-15147,10110,
-5254,-15434,10049,
-5416,-16007,9930,
-5550,-16359,9758,
-5753,-16716,9675,
-5990,-17515,9355,
-6154,-17809,9227,
-6192,-18252,8961,
-6438,-17451,8300,
-6674,-19138,8567,
-6685,-19633,8424,
-6611,-19842,8083,
-6507,-20185,8251,
-6636,-20304,7820,
-6690,-20370,7398,
-6536,-20511,7354,
-6441,-20299,7018,
-6336,-20294,6963,
-6212,-20001,6706,
-6021,-19595,6601,
-5901,-19365,6534,
-5732,-19122,6599,
-5616,-18873,6696,
-5409,-18654,6811,
-5377,-18494,6904,
-5208,-18233,7025,
-5087,-18031,7138,
-5068,-17879,7342,
-5011,-17687,7476,
-4539,-17287,7211,
-4518,-18657,7461,
-4708,-17020,7056,
-4519,-17059,7861,
-4701,-17396,12010,
-4531,-16708,7670,
-4594,-17003,7957,
-4811,-17077,7269,
-4833,-17124,7368,
-4840,-17213,7608,
-4954,-17424,7191,
-4754,-18056,8769,
-5092,-18151,7019,
-4935,-18164,7489,
-5158,-18585,6927,
-5068,-18685,6860,
-5011,-19074,6565,
-5029,-19340,6505,
-4877,-19549,6417,
-4875,-19720,6054,
-4808,-19892,5996,
-4710,-20080,5792,
-4465,-20257,5771,
-4257,-20388,5871,
-3962,-20441,5587,
-3544,-20507,5741,
-3356,-20586,5717,
-3116,-20644,5701,
-2807,-20601,5727,
-2595,-20649,5802,
-2397,-20724,5939,
-2133,-20836,6273,
-1900,-20666,6321,
-1652,-20637,6444,
-1373,-20575,6601,
-1230,-20488,6672,
-1057,-20465,6578,
-712,-20425,6636,
-495,-20366,6719,
-83,-20107,6452,
444,-19945,6738,
822,-20113,6668,
1008,-19913,6774,
1335,-19865,6759,
1676,-19829,6748,
1990,-20008,6939,
2182,-20152,7058,
2504,-19847,6928,
2566,-19897,6996,
2462,-20178,6898,
2700,-19972,6856,
3053,-19964,6754,
3080,-20176,7038,
2901,-20451,6657,
2647,-21119,6918,
2268,-22130,7147,
1723,-23298,7185,
1123,-24875,7356,
749,-25970,7402,
428,-26849,7177,
321,-27483,6934,
273,-27672,6565,
482,-27413,6255,
895,-26653,5548,
1091,-25808,5077,
1392,-25124,4747,
1672,-23843,4205,
1803,-22808,3979,
1806,-21585,3862,
1527,-20644,3961,
1148,-19668,4005,
774,-18747,4191,
166,-18264,4470,
-386,-17893,4774,
-997,-17403,5137,
-1345,-17080,5387,
-1857,-17174,5740,
-2483,-17186,6123,
-2742,-17268,6365,
-3243,-17599,6576,
-3827,-18105,6850,
-4134,-18507,6946,
-4401,-18801,6776,
-4925,-19469,6711,
-5285,-20097,6501,
-5442,-20525,6185,
-5816,-20994,5543,
-6043,-21302,5426,
-6237,-21804,5171,
-6546,-22196,4509,
-6735,-22548,4093,
-7005,-22935,3539,
-7218,-23553,3278,
-7390,-23985,2946,
-7562,-24469,2511,
-7824,-24821,2278,
-7798,-25063,2136,
-8210,-25208,1604,
-8330,-25184,2169,
-8453,-25209,1226,
-8427,-25287,1147,
-8395,-25237,1119,
-8484,-25053,1097,
-8410,-24787,1472,
-8379,-24817,1251,
-8304,-24570,1511,
-8105,-24295,1676,
-8031,-23992,1939,
-7847,-23715,2054,
-7275,-22689,3542,
-7164,-22407,3277,
-7510,-22512,2516,
-7260,-22036,3581,
-6813,-21930,3943,
-7466,-22088,4119,
-7455,-21507,4372,
-7335,-20987,4188,
-7130,-20883,4498,
-7106,-20787,4656,
-7219,-20665,4890,
-7147,-20496,4792,
-7003,-20190,4708,
-6974,-20006,4707,
-6963,-19872,4607,
-6964,-19726,4488,
-6993,-19658,4312,
-7024,-19488,4064,
-6932,-19201,3793,
-6885,-19225,3866,
-7029,-18853,3907,
-7051,-18675,3963,
-7143,-18294,3882,
-7285,-18013,4039,
-7439,-17936,3931,
-7532,-17788,4010,
-7727,-17383,4063,
-7813,-17341,3952,
-7978,-16812,3994,
-8511,-16203,3439,
-8545,-16126,3803,
-8360,-15398,3264,
-8531,-14975,3861,
-9054,-14460,2734,
-9053,-14098,2134,
-9328,-13108,2023,
-9767,-12587,1716,
-10199,-12047,1676,
-10648,-11321,1690,
-10964,-10769,1539,
-11446,-10304,1724,
-11830,-10042,1922,
-11971,-9857,2086,
-12124,-9675,2104,
-12276,-9654,2124,
-12283,-9673,2361,
-12173,-9859,2467,
-12085,-10057,2596,
-11880,-10097,2576,
-11551,-10170,2818,
-11217,-10123,2913,
-10834,-10139,3223,
-10360,-10579,3510,
-10047,-10738,3575,
-9712,-10838,3778,
-9330,-10739,3933,
-9184,-10902,4230,
-8997,-10931,4512,
-8926,-11091,4709,
-9017,-11421,4988,
-9235,-11786,5220,
-9485,-12283,5546,
-9792,-12857,5611,
-10101,-13338,5611,
-10473,-14082,5740,
-10639,-14354,5789,
-10642,-14475,5533,
-10479,-14453,5358,
-10558,-14521,5321,
-10273,-14416,5001,
-9781,-13891,4706,
-9420,-13638,4645,
-9019,-13251,4667,
-8398,-12785,4753,
-7922,-12435,4979,
-7361,-12060,5246,
-6930,-11724,5430,
-6518,-11476,5673,
-6169,-11240,5998,
-5899,-11135,6295,
-5644,-10971,6535,
-5750,-11263,7022,
-5619,-11446,7428,
-5480,-11552,7694,
-5459,-11800,7975,
-5505,-11974,8021,
-5553,-12307,7991,
-5664,-12691,7923,
-5791,-13090,7867,
-5905,-13461,7704,
-6011,-14000,7681,
-6167,-14454,7673,
-6268,-14886,7645,
-6385,-15336,7596,
-6652,-16013,7623,
-6910,-16597,7724,
-6811,-16967,7627,
-7000,-17363,7476,
-6840,-17489,7291,
-7140,-18089,7543,
-6995,-18301,7473,
-6979,-18725,7363,
-6855,-18769,7275,
-6764,-18854,7130,
-7003,-19197,7261,
-6877,-19324,7171,
-6878,-19577,7065,
-6574,-19417,6756,
-6866,-19710,6906,
-6697,-19588,6815,
-6543,-19631,6614,
-6433,-19499,6512,
-6343,-19321,6347,
-6241,-19142,6319,
-6149,-19126,6347,
-6074,-18993,6209,
-6031,-18806,6171,
-6042,-18691,6078,
-6046,-18593,6019,
-5969,-18601,6125,
-5895,-18503,6223,
-5864,-18510,6377,
-5921,-18428,6521,
-6029,-18398,6680,
-6023,-18446,6977,
-6116,-18433,7184,
-6169,-18434,7345,
-6308,-18337,7533,
-6508,-18485,7679,
-6733,-18772,8045,
-7018,-18763,8220,
-7118,-18853,8511,
-7285,-19114,8809,
-7509,-19540,9343,
-7663,-19849,9599,
-7699,-20197,9869,
-7729,-20600,10103,
-7661,-21000,10336,
-7418,-21297,10484,
-7114,-21567,10562,
-6795,-21894,10530,
-6482,-22128,10676,
-5990,-22385,10559,
-5568,-22613,10352,
-5107,-22904,10135,
-4572,-23300,10273,
-4229,-23628,9594,
-3790,-23929,9396,
-3333,-24126,9355,
-2871,-24420,9246,
-2479,-24594,9071,
-1953,-24681,9008,
-1531,-24599,8958,
-1021,-24534,8813,
-303,-24441,8780,
318,-24192,8716,
930,-23946,8707,
1690,-23794,8814,
2254,-23638,8747,
3024,-23449,8635,
3594,-23353,8667,
4021,-23217,8668,
4512,-22962,8613,
4879,-22713,8520,
5102,-22449,8512,
5062,-22261,8419,
5056,-22000,8373,
4925,-21720,8136,
4628,-21153,8036,
4408,-20817,8067,
4093,-20254,7777,
3612,-19691,7941,
2986,-19172,7754,
1998,-18777,7104,
2698,-18566,7727,
2083,-18342,7535,
1280,-18503,7770,
458,-18688,7587,
-125,-19366,7880,
-809,-19873,7891,
-1599,-20489,7915,
-2138,-20871,7693,
-2491,-21144,7337,
-2811,-21136,6917,
-2943,-20925,6540,
-2882,-20508,5972,
-2820,-20092,5588,
-2632,-19531,5247,
-2511,-18836,4856,
-2422,-18350,4738,
-2408,-18044,4719,
-2267,-17580,4662,
-2286,-17374,4768,
-2365,-17341,4929,
-2574,-17485,5280,
-2730,-17674,5408,
-2899,-17950,5596,
-3074,-18404,5720,
-3365,-18847,5763,
-3622,-19382,5828,
-3975,-20107,5815,
-4351,-20728,5800,
-4638,-21207,5687,
-5040,-21917,5500,
-5389,-22378,5323,
-5693,-22799,5033,
-6217,-23393,4867,
-6568,-23849,4614,
-6871,-24148,4413,
-7291,-24553,4166,
-7646,-24816,3924,
-7958,-25030,3667,
-8268,-25078,3454,
-8518,-25132,3327,
-8716,-25206,3212,
-8932,-25269,2977,
-8999,-25298,2911,
-9015,-25349,2797,
-8960,-25218,2754,
-8894,-25158,2732,
-8865,-25145,2692,
-8656,-24994,2749,
-8755,-25450,4301,
-8054,-24749,2563,
-8239,-24124,2249,
-7539,-23364,2987,
-7488,-23393,2991,
-7424,-23067,3189,
-7104,-22701,3348,
-6775,-22207,3403,
-6657,-21746,3751,
-6537,-21343,4089,
-6402,-20887,4388,
-6333,-20532,4598,
-6354,-20286,5013,
-6450,-20080,5250,
-6585,-19997,5565,
-6639,-19953,5815,
-6790,-19534,5906,
-6880,-19365,5998,
-7020,-19007,6048,
-7326,-18912,6104,
-7455,-18701,6099,
-7666,-18460,6158,
-7865,-18457,6063,
-7999,-18338,6109,
-8155,-18220,6009,
-8149,-17897,5963,
-8322,-17800,5933,
-8330,-17586,5731,
-8406,-17540,5638,
-8465,-17374,5471,
-8472,-17203,5095,
-8363,-16944,4859,
-8356,-16727,4840,
-8250,-16351,4705,
-8269,-16123,4766,
-8286,-15875,4725,
-8332,-15548,4780,
-8421,-15299,4640,
-8445,-15019,4513,
-8484,-14687,4445,
-8521,-14380,4074,
-8514,-14060,4071,
-8655,-13714,4018,
-8794,-13477,3898,
-8884,-13050,3885,
-8988,-12631,3661,
-9152,-12357,3618,
-9282,-12041,3630,
-9413,-11755,3641,
-9554,-11502,3619,
-9750,-11124,3611,
-9931,-10942,3756,
-10138,-10821,3938,
-10335,-10583,4147,
-10499,-10371,4191,
-10643,-10359,4225,
-10702,-10333,4182,
-10752,-10359,3959,
-10706,-10397,3799,
-10660,-10367,3628,
-10530,-10385,3558,
-10405,-10407,3497,
-10212,-10431,3558,
-10068,-10382,3548,
-9840,-10319,3591,
-9544,-10442,3810,
-9346,-10443,4136,
-9199,-10406,4281,
-8884,-10212,4653,
-8620,-10026,4890,
-8554,-10046,5305,
-8575,-10308,5631,
-8604,-10552,5932,
-8711,-10955,6257,
-8889,-11433,6355,
-8912,-11757,6555,
-8963,-12223,6637,
-9103,-12650,6663,
-9142,-12959,6546,
-9141,-13241,6510,
-8841,-13267,6421,
-8637,-13113,6140,
-8349,-12804,5749,
-8143,-12608,5581,
-7970,-12621,5504,
-7787,-12566,5542,
-7657,-12611,5602,
-7590,-12612,5685,
-7529,-12569,5743,
-7463,-12548,5736,
-7528,-12504,6028,
-7841,-12858,6940,
-7764,-13227,6549,
-7761,-13440,7035,
-7700,-13698,6889,
-7795,-14027,6991,
-7849,-14385,7070,
-8123,-14997,7098,
-8454,-15648,7144,
-8462,-16079,6943,
-8600,-16551,6777,
-8844,-17052,6710,
-9017,-17748,6643,
-9379,-18328,6607,
-9518,-18859,6449,
-9783,-19333,6223,
-9976,-19761,6166,
-10119,-20203,6166,
-10234,-20738,6187,
-10292,-21123,6167,
-10299,-21438,6171,
-10287,-21741,6267,
-10242,-21965,6431,
-10105,-22098,6748,
-9970,-22543,6608,
-9790,-22642,6793,
-9494,-22572,6995,
-9029,-22598,7163,
-8719,-22504,7348,
-8304,-22518,7497,
-7865,-22403,7693,
-7600,-22386,7777,
-7274,-22239,7769,
-6945,-22048,7684,
-6711,-21869,7529,
-6470,-21706,7545,
-6227,-21595,7288,
-5945,-21422,7198,
-5793,-21308,7013,
-5617,-21138,6904,
-5405,-21056,6717,
-5269,-20988,6664,
-5181,-20936,6626,
-5135,-20889,6583,
-5028,-20845,6551,
-5014,-20746,6552,
-5042,-20753,6577,
-4961,-20795,6666,
-4912,-20694,6645,
-4920,-20658,6667,
-4896,-20824,6822,
-4806,-20715,6675,
-4742,-20723,6767,
-4695,-20726,6730,
-4566,-20771,6769,
-4593,-20786,6642,
-4547,-20755,6560,
-4451,-20695,6362,
-4377,-20646,6185,
-4211,-20585,6052,
-4119,-20560,5963,
-4019,-20464,5805,
-3835,-20419,5679,
-3787,-20465,5630,
-3725,-20481,5553,
-3562,-20475,5428,
-3496,-20350,5321,
-3398,-20362,5363,
-3231,-20404,5409,
-3087,-20332,5449,
-2998,-20239,5501,
-2729,-20137,5620,
-2644,-20059,5751,
-2394,-19966,5926,
-2274,-19714,5860,
-2060,-19721,6515,
-1824,-19731,6591,
-1736,-19707,6636,
-1542,-19577,6683,
-1395,-19484,6791,
-1307,-19509,6842,
-1272,-19609,7093,
-1188,-19732,7203,
-1119,-19821,7220,
-1093,-19879,7196,
-1012,-19963,7160,
-875,-20042,7243,
-769,-20134,7175,
-583,-20226,7099,
-402,-20231,7031,
-216,-20137,6965,
152,-20104,6920,
391,-20017,6923,
705,-19926,6869,
1070,-19726,6852,
1338,-19647,6792,
1605,-19641,6853,
1759,-19698,6876,
1770,-20045,7105,
1602,-20676,7347,
1482,-21224,7629,
1253,-21860,7850,
999,-22531,8004,
795,-22944,8106,
587,-23305,8137,
385,-23573,8108,
356,-23514,7962,
358,-23298,7686,
382,-22910,7336,
350,-22517,7142,
330,-22169,6997,
164,-21763,6800,
-55,-21288,6619,
-289,-20743,6473,
-728,-20223,6358,
-731,-20034,6692,
-1191,-19874,6762,
-1693,-19645,7032,
-2027,-19462,7102,
-2299,-19665,7330,
-2754,-19843,7559,
-3115,-19984,7735,
-3421,-20317,7868,
-3823,-20678,8033,
-4125,-20959,8165,
-4411,-21530,8234,
-4858,-21941,8258,
-5157,-22409,8345,
-5597,-23042,8325,
-5966,-23463,8276,
-6336,-23861,8111,
-6873,-24488,7939,
-7174,-24928,7688,
-7533,-25299,7336,
-7983,-25710,6995,
-8182,-26070,6698,
-8406,-26409,6545,
-8706,-26776,6214,
-8889,-26879,5928,
-9087,-27093,5733,
-9234,-27209,5373,
-9353,-27170,5041,
-9424,-27121,4803,
-9509,-27037,4575,
-9530,-26843,4386,
-9575,-26661,4299,
-9536,-26424,4186,
-9478,-26185,4201,
-9487,-25997,4217,
-9450,-25625,4394,
-9794,-24865,6840,
-9360,-25254,4408,
-9642,-23599,5119,
-9378,-24210,4541,
-9255,-23959,4617,
-9336,-23881,5053,
-9282,-23638,5042,
-9276,-23268,5150,
-9289,-22978,5185,
-9303,-22812,5173,
-9239,-22524,5268,
-9237,-22272,5219,
-9132,-22015,5019,
-9113,-21854,5245,
-9128,-21740,5374,
-9195,-21648,5461,
-9070,-21365,5323,
-9103,-21034,5302,
-8999,-20676,5154,
-8745,-20367,4850,
-8962,-20369,5198,
-9240,-20491,5149,
-9241,-20230,5102,
-9182,-19900,4927,
-9213,-19443,4694,
-9237,-19184,4589,
-9298,-18956,4429,
-9280,-18677,4357,
-9252,-18235,4043,
-9268,-17882,3980,
-9248,-17358,3833,
-9225,-17024,3701,
-9147,-16515,3543,
-9182,-16321,3620,
-8896,-15475,3677,
-8668,-15175,3694,
-8968,-14641,3615,
-9035,-14294,3631,
-9035,-13727,3537,
-8936,-13141,3340,
-9059,-12752,3185,
-9120,-12307,3152,
-9140,-11556,2931,
-9256,-11150,2702,
-9535,-10853,2659,
-9690,-10335,2682,
-9522,-9675,2511,
-9632,-9200,2275,
-9823,-8936,2492,
-9893,-8816,2803,
-9919,-8794,2940,
-9811,-8710,3021,
-9746,-8713,3035,
-9523,-8781,3364,
-9515,-8692,3092,
-9465,-8530,2939,
-9190,-8598,3079,
-8943,-8747,2914,
-8884,-8966,2956,
-8918,-9137,2980,
-8771,-9475,2651,
-8742,-9630,3149,
-8658,-9829,3397,
-8762,-9694,3327,
-8826,-9370,3685,
-8788,-9391,3490,
-8384,-9324,3965,
-8301,-9280,4063,
-8414,-9731,4486,
-8459,-10179,4713,
-8575,-10646,5260,
-8669,-11404,5541,
-8791,-12111,5922,
-9033,-12871,6097,
-9275,-13620,6153,
-9450,-14103,6356,
-9530,-14518,6333,
-9472,-14602,6927,
-9587,-14929,6371,
-9480,-14937,6339,
-9238,-14931,6383,
-8989,-14888,6411,
-8795,-14833,6478,
-8413,-14734,6577,
-8129,-14619,6754,
-7875,-14481,7147,
-7554,-14206,7311,
-7190,-13878,7601,
-6977,-13627,7956,
-6705,-13473,8258,
-6467,-13353,8510,
-6271,-13522,8861,
-6064,-13686,9048,
-5913,-13829,9151,
-5784,-14216,9154,
-5770,-14531,9024,
-5832,-14893,8929,
-6098,-15395,8950,
-6332,-15745,8807,
-6729,-16161,8958,
-7087,-16537,9076,
-7396,-16709,9332,
-7762,-16915,9633,
-8012,-17278,10011,
-8092,-17545,10151,
-8181,-17901,10231,
-8173,-18381,10276,
-8115,-18844,10220,
-8102,-19308,10151,
-7874,-19832,10005,
-7742,-20184,9884,
-7669,-20551,9711,
-7441,-20998,9701,
-7317,-21147,9533,
-7245,-21385,9365,
-7048,-21569,9342,
-6904,-21671,9311,
-6722,-21613,9134,
-6565,-21678,9151,
-6414,-21642,9069,
-6226,-21580,8830,
-6010,-21488,8726,
-5904,-21426,8503,
-5814,-21399,8266,
-5738,-21241,8213,
-5701,-21106,8087,
-5679,-21050,7886,
-5705,-20904,7869,
-5813,-20804,7787,
-5950,-20718,7738,
-5992,-20645,7637,
-5847,-20185,6158,
-6379,-19749,8888,
-6686,-20352,8278,
-6403,-20315,7827,
-6406,-20473,7543,
-6283,-20315,7239,
-6361,-20543,7697,
-6350,-20467,7416,
-6196,-20422,7269,
-6387,-20569,7285,
-6526,-20644,7013,
-6628,-20634,6838,
-6783,-20601,6598,
-7053,-20812,6521,
-7215,-20876,6406,
-7391,-20988,6347,
-7495,-20949,6274,
-7559,-20900,6309,
-7632,-20821,6446,
-7677,-20813,6583,
-7768,-20836,6723,
-7777,-20858,6902,
-7705,-20968,7071,
-7536,-21029,7144,
-7155,-20926,7463,
-6913,-21115,7669,
-6687,-21203,7874,
-6379,-21317,7965,
-6172,-21077,8290,
-5877,-21136,8384,
-5562,-21170,8527,
-5119,-21129,8614,
-4776,-21243,8607,
-4334,-21397,8648,
-3808,-21001,8879,
-3223,-20972,8697,
-2682,-21054,8843,
-2255,-21541,8550,
-1855,-21212,8822,
-1151,-20828,8661,
-727,-20675,8620,
-29,-20334,8518,
285,-20376,8635,
689,-20298,8584,
1229,-20216,8636,
1777,-20037,8529,
2162,-19997,8423,
2427,-20201,8539,
3014,-20092,8623,
3308,-20220,8762,
3574,-20466,8874,
3905,-20602,8835,
4247,-20609,8772,
4479,-20483,8599,
4557,-20448,8497,
4418,-20631,8498,
4344,-20658,8703,
3991,-21698,8789,
3084,-22318,8745,
2046,-23093,9297,
1544,-23568,9442,
750,-24051,9569,
-180,-24497,9435,
-805,-24523,9225,
-1238,-24132,8815,
-1510,-23391,8388,
-1704,-22754,8134,
-1993,-22009,7771,
-2332,-21331,7364,
-2429,-20729,7215,
-2771,-19904,6865,
-3079,-19394,6762,
-3370,-19008,6578,
-3838,-18676,6730,
-4334,-18588,6715,
-4709,-18577,6876,
-5219,-18588,6968,
-5569,-18679,7035,
-5937,-18797,7229,
-6267,-18973,7319,
-6516,-19151,7393,
-6771,-19451,7453,
-7105,-19873,7601,
-7298,-20126,7515,
-7472,-20235,7579,
-7482,-20650,7777,
-8402,-21258,7507,
-8524,-21196,7518,
-8545,-21559,7307,
-8553,-21856,7052,
-8821,-22102,7030,
-9013,-22495,6852,
-9092,-22836,6701,
-9116,-23186,6492,
-9380,-23677,6180,
-9437,-24019,6047,
-9568,-24393,5799,
-9675,-24598,5632,
-9669,-24873,5394,
-9779,-25018,5219,
-9839,-25099,5037,
-9799,-25156,4908,
-9745,-25115,4774,
-9705,-25034,4619,
-9591,-24768,4402,
-9180,-23574,4458,
-10251,-26529,5626,
-8863,-22955,4180,
-9340,-23946,3653,
-8972,-23519,4333,
-8255,-23349,4643,
-8150,-23336,4737,
-8187,-23244,4898,
-8084,-23250,4847,
-8319,-23507,4947,
-8232,-23110,4981,
-8468,-22966,5191,
-8976,-22134,6217,
-8847,-22860,4858,
-8986,-23280,5398,
-9407,-22972,4905,
-9609,-22548,5054,
-9949,-22328,4659,
-10038,-22305,4619,
-10238,-22374,4447,
-10342,-21889,4384,
-10432,-21722,4212,
-10415,-21472,3871,
-10528,-21285,4025,
-10390,-21520,3761,
-10625,-20824,3611,
-10631,-20544,3512,
-10478,-20393,3358,
-10453,-19754,3375,
-10485,-19774,2902,
-10487,-19482,2802,
-10401,-19037,2782,
-10323,-18808,2537,
-10214,-18629,2350,
-10015,-18532,2443,
-10282,-17624,2152,
-10104,-17451,2053,
-10100,-17092,2341,
-10074,-16626,2353,
-10126,-16231,2160,
-10135,-15779,2181,
-10167,-15257,2164,
-10156,-14787,2357,
-10200,-14361,2468,
-10165,-13855,2531,
-10101,-13508,2415,
-9991,-13033,2248,
-9923,-12818,2172,
-9825,-12524,2090,
-9762,-12145,1891,
-9756,-11854,1715,
-9664,-11599,1633,
-9684,-11369,1466,
-9693,-11277,1295,
-9807,-11193,1292,
-9924,-10981,1259,
-9949,-10870,1141,
-10120,-10654,1190,
-10275,-10510,1174,
-10333,-10309,1212,
-10376,-10176,1236,
-10517,-10112,1154,
-10517,-9990,1267,
-10521,-9940,1350,
-10456,-9935,1455,
-10426,-9967,1473,
-10282,-9932,1539,
-10070,-10136,1795,
-9995,-10459,2105,
-9454,-11231,2962,
-10349,-11023,2794,
-10416,-11718,3511,
-10317,-12257,3989,
-10438,-12570,4117,
-10579,-12752,4151,
-10546,-12872,4140,
-10435,-12894,4099,
-10260,-12873,4134,
-9980,-12828,4019,
-9773,-12682,3953,
-9469,-12485,3912,
-9020,-12182,3865,
-8738,-12037,4008,
-8382,-11992,4289,
-8097,-11807,4631,
-7867,-11661,5090,
