-14178,-9339,4232,
-13285,-8911,3991,
-12714,-9153,3894,
-12193,-9278,3792,
-11749,-9393,3577,
-11388,-9722,3459,
-10820,-9903,3271,
-10537,-10148,3030,
-10143,-10442,3006,
-9664,-10761,2952,
-9400,-10919,2866,
-9110,-11115,2786,
-8871,-11221,2841,
-8733,-11280,2849,
-8770,-11333,2774,
-9033,-11162,3042,
-9328,-11016,3205,
-9615,-10852,3530,
-10131,-11252,1787,
-10150,-10416,3719,
-10238,-10509,3848,
-10325,-10435,4161,
-10372,-10439,4153,
-10390,-10486,4171,
-10368,-10436,4066,
-10307,-10364,4017,
-10312,-10361,4024,
-10357,-10286,3980,
-10230,-10142,3962,
-10241,-9804,4001,
-10307,-9607,4069,
-10503,-9598,4165,
-10770,-9870,4432,
-11115,-10121,4877,
-11418,-10415,5138,
-11859,-10714,5308,
-12133,-10963,5813,
-12391,-11242,6297,
-12607,-11715,6582,
-12662,-11958,6768,
-12659,-11977,6843,
-12713,-12329,6971,
-12783,-12584,7248,
-12519,-12537,7383,
-12256,-12388,7530,
-12048,-12434,7792,
-11851,-12427,8161,
-11436,-12566,8210,
-11086,-12756,8165,
-10719,-12970,8037,
-10226,-13195,7923,
-9825,-13257,7685,
-9362,-13454,7420,
-8879,-13506,7016,
-8610,-13727,6715,
-8297,-14087,6305,
-8245,-14599,6077,
-8345,-15129,5881,
-8492,-15662,5852,
-8482,-15928,5864,
-8374,-16106,5992,
-8233,-16475,6378,
-8276,-16804,6930,
-8427,-17235,7040,
-8556,-17693,7719,
-8620,-17789,8075,
-8676,-17603,8378,
-9360,-18360,8586,
-9461,-18160,8520,
-9503,-18371,8916,
-9639,-19032,9067,
-9854,-19413,9005,
-9617,-19560,8822,
-9314,-19656,8604,
-9360,-18956,8111,
-8801,-20569,8490,
-8678,-20424,8028,
-8402,-20629,7811,
-8255,-20578,6744,
-7994,-20752,6603,
-7958,-20689,6339,
-7946,-20748,5942,
-7856,-20659,5897,
-7806,-20428,5547,
-7915,-20290,5443,
-7902,-20155,5371,
-7893,-20213,5112,
-7947,-20083,4842,
-8074,-19914,4869,
-7862,-19925,4652,
-7721,-19787,4694,
-7654,-19668,4377,
-7512,-19631,4479,
-7448,-19634,4346,
-7171,-19365,3994,
-7095,-19368,4268,
-7030,-19011,3752,
-6829,-19185,4799,
-6707,-19227,4589,
-6645,-19072,4343,
-6636,-19080,4038,
-6607,-18718,4263,
-6509,-18793,4234,
-6389,-18646,3501,
-6454,-18461,4456,
-6494,-18298,4403,
-6471,-18175,4374,
-6419,-18093,4281,
-6592,-18063,4459,
-6813,-18148,4331,
-7072,-18115,4135,
-7233,-18133,4063,
-7423,-18129,3969,
-7715,-18306,3956,
-7980,-18489,3899,
-8113,-18702,3787,
-8245,-18915,3622,
-8328,-19002,3636,
-8410,-19062,3662,
-8485,-19235,3652,
-8314,-19339,3836,
-8105,-19736,3887,
-8285,-19467,3846,
-8009,-19384,3993,
-7495,-19232,4254,
-7031,-19414,4318,
-6674,-19414,4518,
-6190,-19369,4677,
-5725,-19193,5087,
-5488,-19273,5369,
-5047,-19326,5687,
-4640,-19305,5804,
-4329,-19150,5799,
-4194,-19487,6302,
-4105,-19541,6774,
-3841,-19621,6977,
-3522,-19635,7336,
-3351,-19601,7752,
-3239,-19586,8059,
-3206,-19799,8751,
-3114,-19769,9383,
-2601,-20143,9054,
-2470,-19991,9600,
-2080,-19987,9233,
-1846,-19954,9358,
-1287,-20778,12804,
-416,-19283,8780,
-1043,-19608,9225,
-459,-19685,9269,
358,-19997,8775,
672,-20140,8798,
794,-20514,9164,
549,-20895,8903,
710,-22000,9657,
-159,-21173,8353,
-162,-22158,9141,
-446,-22543,9074,
-865,-22959,9209,
-1053,-23444,9275,
-1237,-23488,9278,
-1406,-23288,9150,
-1562,-23084,8984,
-1573,-22672,8841,
-1423,-22362,8599,
-1399,-22084,8384,
-1307,-21465,7985,
-1297,-21203,7812,
-1541,-20776,7696,
-1778,-20399,8081,
-1833,-20396,7549,
-2321,-20622,7670,
-3200,-20913,7693,
-3807,-21059,7670,
-4518,-21143,6997,
-5444,-21699,7689,
-5999,-21889,7743,
-6514,-22056,7651,
-7400,-22617,7681,
-7868,-23309,6498,
-8535,-23309,7598,
-9360,-23829,7487,
-10104,-23762,7693,
-10826,-23844,7271,
-11369,-23872,6723,
-12096,-24108,6395,
-12702,-24132,6241,
-12749,-23417,5796,
-13048,-23514,5306,
-13329,-23700,4997,
-13566,-23746,4944,
-13585,-23866,4808,
-13633,-23762,4686,
-13551,-23608,4656,
-13330,-23379,4732,
-12947,-23202,4874,
-12610,-22968,5122,
-12241,-22660,5312,
-11762,-22344,5645,
-11328,-22287,5964,
-11042,-21974,5865,
-10543,-21612,6403,
-9924,-21423,6250,
-9776,-21578,6630,
-9577,-21648,6562,
-9271,-21706,6570,
-8836,-21620,6634,
-8714,-21752,6618,
-8522,-21670,6423,
-8282,-21673,6247,
-8152,-21716,6011,
-8109,-21703,5661,
-8126,-21467,5312,
-8232,-21110,4795,
-8483,-20880,4373,
-8895,-20719,3884,
-9622,-20383,3557,
-10219,-20042,3523,
-10814,-19665,3015,
-11528,-19280,2926,
-12060,-18836,2824,
-12610,-18271,2881,
-13083,-17794,2852,
-13540,-17373,2881,
-14057,-16671,2999,
-14325,-16136,3207,
-14721,-15678,3274,
-14876,-14768,3474,
-14716,-13809,3477,
-14667,-13307,3439,
-14530,-12930,3514,
-14429,-12736,3715,
-14156,-12846,3833,
-13481,-12271,3365,
-13150,-12198,3240,
-12841,-11567,3055,
-12228,-11700,3044,
-11749,-11833,2772,
-11345,-11842,1745,
-10647,-11261,2356,
-10080,-10921,2062,
-9755,-11236,1883,
-9306,-11528,1590,
-8925,-11639,1748,
-8549,-11224,1657,
-8495,-11364,1425,
-8459,-11470,895,
-8440,-11809,923,
-8466,-11534,380,
-8568,-10878,249,
-8766,-11263,542,
-9071,-11388,271,
-9462,-11388,510,
-9884,-11358,479,
-10130,-11491,666,
-10252,-11275,613,
-10691,-11357,811,
-10889,-11472,839,
-11052,-11574,809,
-11295,-11541,822,
-11402,-11467,783,
-11467,-11471,765,
-11478,-11455,678,
-11506,-11612,753,
-11535,-11726,812,
-11512,-11828,953,
-11566,-11973,1145,
-11591,-12135,1391,
-11690,-12385,1779,
-11786,-12782,2288,
-11826,-13158,2919,
-11895,-13705,3449,
-12148,-14150,4089,
-11929,-14594,4615,
-11619,-14649,4815,
-11675,-15028,5010,
-11551,-15418,5037,
-11187,-15489,5102,
-10837,-15751,4959,
-10523,-15388,4700,
-10207,-15130,4473,
-9732,-14860,4323,
-9222,-14628,4177,
-8923,-14391,4210,
-8638,-14261,4397,
-8219,-13869,4577,
-7958,-13521,4745,
-7859,-13216,5097,
-7805,-13011,5611,
-7751,-12848,6000,
-7567,-12849,6516,
-7555,-12990,6735,
-7489,-13308,6928,
-7736,-14103,7174,
-7714,-14654,7210,
-7854,-15196,7308,
-8030,-15607,7022,
-8565,-16239,7057,
-8535,-16608,6940,
-8850,-17048,6918,
-9393,-17396,7007,
-9883,-17461,7245,
-10427,-17643,7576,
-11186,-17701,7830,
-11822,-17596,8041,
-12380,-17582,8244,
-12871,-17792,8378,
-13159,-17946,8517,
-13331,-18370,8593,
-13368,-18784,8676,
-13348,-19148,8553,
-12887,-19596,8278,
-12483,-19739,8066,
-12093,-19833,7633,
-11548,-19967,7440,
-11137,-20118,7562,
-10576,-20085,7543,
-9906,-20033,7583,
-9359,-20055,7684,
-8733,-19945,7779,
-7946,-20001,7958,
-7269,-19961,8075,
-6557,-19651,8162,
-5882,-19475,8180,
-5508,-19292,8263,
-5170,-19160,8212,
-4557,-19021,8444,
-4286,-18709,8427,
-3992,-18497,8502,
-3629,-18204,8497,
-3591,-18016,8474,
-3715,-17760,8058,
-3965,-17736,8556,
-4247,-17605,8450,
-4493,-17525,8299,
-4707,-17353,8215,
-4887,-17445,8215,
-5074,-17634,8201,
-5221,-17701,8066,
-5206,-17878,7994,
-5065,-17887,7624,
-5137,-18297,7663,
-5230,-18487,7522,
-5020,-18645,7103,
-4841,-18543,6787,
-4852,-18669,6490,
-5179,-19051,6332,
-5077,-19062,6223,
-5042,-19366,5951,
-5570,-19782,5932,
-5322,-19716,5837,
-5346,-19643,5660,
-5099,-19520,5366,
-5041,-19367,5380,
-4941,-19457,5421,
-4912,-19382,5400,
-5004,-19394,5279,
-5030,-19275,5243,
-5082,-19131,5152,
-4968,-18900,4959,
-5046,-18874,5005,
-5004,-18910,5145,
-4809,-18947,5320,
-4459,-18689,5246,
-4147,-18639,5415,
-3798,-18685,5684,
-3422,-18821,5889,
-2900,-18828,5939,
-2292,-18848,5970,
-1756,-18970,6009,
-1324,-19247,6098,
-889,-19354,6180,
-120,-19119,5946,
-123,-19677,6066,
-70,-20056,6277,
450,-19901,6249,
443,-19715,6157,
403,-19706,5989,
412,-19596,6181,
359,-19455,6030,
241,-19303,5805,
193,-19221,5981,
-69,-19444,5962,
-393,-19776,6171,
-907,-20446,6246,
-1208,-20992,6360,
-1420,-21660,6423,
-1629,-22003,6166,
-1779,-22418,5938,
-1764,-23539,5594,
-1747,-22553,5265,
-1973,-22752,4773,
-2184,-22821,4270,
-1842,-21947,4379,
-1921,-21713,4214,
-2243,-21343,4157,
-2337,-20866,4079,
-2571,-20369,3994,
-2845,-19741,4195,
-3124,-19330,4364,
-3369,-18947,4651,
-3595,-18755,5152,
-3786,-18668,5537,
-3992,-18585,5818,
-4121,-18556,6107,
-4373,-18696,6381,
-4585,-19014,6707,
-4869,-19448,7008,
-5114,-19869,7116,
-5291,-20201,7231,
-5511,-20781,7277,
-5718,-21270,7347,
-5888,-21571,7125,
-6076,-21997,6933,
-6131,-22282,6755,
-6213,-22712,6506,
-6183,-23051,6306,
-6173,-23453,6133,
-6098,-23931,5795,
-6060,-24221,5533,
-5954,-24481,5287,
-5928,-24750,4943,
-5940,-25012,4621,
-5915,-24937,4253,
-6268,-24301,3470,
-6950,-24158,2941,
-7923,-24211,2852,
-9111,-24236,2569,
-10047,-24075,2419,
-11041,-23904,2361,
-12578,-23190,1764,
-13724,-22680,1668,
-14430,-22201,2351,
-15312,-21699,2290,
-15788,-21323,2828,
-16010,-20803,3179,
-16112,-19980,3662,
-16152,-19243,4055,
-15997,-18523,4578,
-15631,-17726,5048,
-15226,-17215,5259,
-14631,-16774,5702,
-14009,-16397,6030,
-13286,-16106,6230,
-12112,-15768,6658,
-11725,-16230,6369,
-11034,-15882,6701,
-10301,-16002,6608,
-9951,-16538,6819,
-9107,-16387,6776,
-8672,-16206,6472,
-8314,-15888,7632,
-8415,-16387,6066,
-8158,-16251,6124,
-8032,-16185,5583,
-8003,-16159,5002,
-7940,-16090,4529,
-7933,-15987,4142,
-7750,-15983,3744,
-7756,-16073,3256,
-7907,-15956,3010,
-8192,-15938,2670,
-8566,-15775,2256,
-8993,-15610,1914,
-9461,-15350,1692,
-10231,-15018,1484,
-10816,-14758,1346,
-11517,-14357,1216,
-12337,-13766,1266,
-12799,-13065,1013,
-13187,-12458,1166,
-13526,-11937,1114,
-13876,-11549,1185,
-13702,-10878,1232,
-13667,-10651,1215,
-13591,-10708,1213,
-13215,-10671,1263,
-12759,-10929,1243,
-12299,-11155,1266,
-11837,-11412,1319,
-11308,-11580,1298,
-10864,-11718,1296,
-10507,-11915,1430,
-10282,-12111,1449,
-10091,-12117,1479,
-10144,-12204,1618,
-10374,-12097,1514,
-10672,-12140,1411,
-10921,-12101,1508,
-11175,-12198,1483,
-11451,-12225,1453,
-11719,-12413,1607,
-11960,-12473,1582,
-12188,-12443,1533,
-12410,-12457,1532,
-12540,-12501,1548,
-12625,-12455,1550,
-12818,-12523,1570,
-12901,-12847,1662,
-13012,-13385,1953,
-13133,-13892,2094,
-13120,-14317,2209,
-13050,-14893,2348,
-12950,-15220,2370,
-12974,-15611,2322,
-13143,-16001,2226,
-13268,-15963,2106,
-13271,-15455,1891,
-13343,-14901,1751,
-13441,-14553,1873,
-13339,-14068,1920,
-13232,-13321,1966,
-13212,-12837,2151,
-13200,-12623,2451,
-12838,-12714,3200,
-12676,-12243,3673,
-12643,-12137,3959,
-12763,-12667,4603,
-12391,-12403,4669,
-12222,-12611,5772,
-11893,-12502,5677,
-11400,-12225,5736,
-11644,-12935,6294,
-11604,-13653,6600,
-11499,-14174,6966,
-11378,-14469,6994,
-11394,-15117,7115,
-11249,-15446,7253,
-11397,-16259,7470,
-11416,-16713,7439,
-11281,-17475,7175,
-11384,-18081,7539,
-11268,-18527,7339,
-11140,-18791,7186,
-11054,-19144,6762,
-10848,-19419,6542,
-10743,-19746,6337,
-10463,-20001,5961,
-10203,-20124,5757,
-9980,-20366,5677,
-9503,-20482,5499,
-9132,-20388,5380,
-8829,-20348,5279,
-8572,-20333,5314,
-8323,-20224,5243,
-8106,-20081,5135,
-7959,-19929,5117,
-7918,-19821,5094,
-7839,-19678,5064,
-7710,-19430,4882,
-7450,-19092,4913,
-7264,-18842,4803,
-6934,-18753,4965,
-6576,-18653,5050,
-6230,-18612,5177,
-5906,-18616,5368,
-5628,-18379,5283,
-4937,-18519,5613,
-4662,-18388,5451,
-4515,-18397,5634,
-4491,-18343,5634,
-4453,-18356,5653,
-4438,-18228,5632,
-4420,-17851,5540,
-4575,-18235,5694,
-4501,-18017,5513,
-4350,-18071,5729,
-4427,-17987,5630,
-4595,-18200,5756,
-4348,-18426,5757,
-4293,-18891,5783,
-4212,-18623,5548,
-4263,-18660,5538,
-4015,-18582,5398,
-3974,-18794,5217,
-4398,-19165,5140,
-4152,-18960,5079,
-4076,-19230,4915,
-4366,-19676,4632,
-4306,-19878,4773,
-3926,-19847,4757,
-3870,-20127,4635,
-3714,-20255,4489,
-3280,-19976,4440,
-2766,-19949,4368,
-2467,-19970,4357,
-1916,-20058,4387,
-1408,-19989,4296,
-1013,-19913,4214,
-596,-19967,4190,
-394,-19936,4256,
-207,-20012,4325,
-134,-20190,4359,
-250,-20179,4590,
-229,-20434,4646,
-172,-20720,5006,
-203,-20795,5099,
-173,-20600,5212,
-63,-20301,5211,
33,-19931,5087,
233,-19648,5187,
163,-19432,5232,
226,-19290,5306,
304,-19155,5260,
278,-19082,5210,
197,-19026,5263,
188,-19058,5445,
144,-18963,5524,
51,-18891,5510,
-27,-18775,5437,
-138,-18674,5418,
-235,-18546,5473,
-353,-18403,5433,
-523,-18300,5391,
-632,-18265,5325,
-894,-18327,5237,
-1081,-18480,5277,
-1501,-18821,5407,
-1993,-19491,5685,
-2348,-20029,5933,
-2595,-20546,6172,
-2896,-21397,6578,
-3044,-21843,6831,
-3039,-22173,6944,
-2932,-22405,6944,
-2677,-22387,6800,
-2359,-22212,6646,
-2197,-21983,6413,
-1956,-21724,6213,
-1737,-21445,5961,
-1397,-21266,5610,
-1235,-21117,5408,
-1043,-20869,5235,
-957,-20724,4917,
-961,-20594,4776,
-1081,-20604,4709,
-1159,-20596,4587,
-1227,-20489,4492,
-1535,-20356,4390,
-2171,-20411,4497,
-2602,-20530,4276,
-3285,-20619,4352,
-4369,-20802,4548,
-5297,-21114,4801,
-6134,-21401,4964,
-6851,-21384,5027,
-7608,-21536,5386,
-8270,-21883,5811,
-8628,-22225,6030,
-8929,-22482,6238,
-9140,-22758,6509,
-9199,-23012,6676,
-9236,-23270,6707,
-8995,-23666,6650,
-8913,-23991,6484,
-8761,-24291,6207,
-8751,-24702,5994,
-8652,-25083,5644,
-8543,-25361,5355,
-8469,-24978,5643,
-8535,-25808,5273,
-7411,-25668,3595,
-8231,-25266,3593,
-8135,-25153,3209,
-8105,-24932,3559,
-6746,-23192,1751,
-7417,-24112,2883,
-8263,-24896,3137,
-7996,-24464,3145,
-8021,-23748,3164,
-8426,-23826,2907,
-8617,-23376,2714,
-8370,-22888,1745,
-8303,-23466,382,
-8909,-21465,5854,
-8847,-21839,2185,
-8935,-20977,3433,
-9509,-20691,3578,
-9815,-20281,3805,
-10210,-19606,3621,
-10469,-19071,3822,
-10869,-18533,4299,
-11303,-18028,3872,
-11665,-17977,4736,
-11918,-17198,5239,
-12098,-16756,5994,
-12225,-16640,6096,
-12249,-16353,6268,
-12058,-16053,6447,
-12039,-15984,6435,
-11017,-14293,840,
-11565,-16135,5509,
-11296,-15702,5247,
-11411,-15752,4424,
-11356,-15460,3910,
-12377,-14542,3992,
-12880,-14234,2856,
-13458,-14066,2578,
-14020,-13955,2282,
-14705,-13531,1931,
-14821,-12851,1955,
-15101,-12555,1089,
-15265,-12036,1046,
-14837,-11171,1026,
-14279,-10678,1381,
-13676,-9979,1069,
-13553,-9708,825,
-13248,-10096,887,
-12224,-10102,1288,
-11344,-10351,1248,
-10547,-10516,1309,
-9538,-10815,1261,
-8881,-11027,1260,
-8238,-11243,1628,
-7779,-11613,1747,
-7375,-11949,1902,
-7217,-12162,2117,
-7098,-12477,2415,
-6976,-12778,2499,
-7095,-12989,2743,
-7194,-13263,2865,
-7428,-13447,2847,
-7525,-13224,3024,
-7638,-13123,3072,
-7840,-13012,3072,
-8059,-12924,3482,
-8541,-13113,3042,
-8851,-13216,3003,
-9260,-12736,2954,
-9521,-12612,3113,
-9859,-12387,2848,
-10269,-12148,2908,
-10547,-12088,2866,
-10853,-11987,2859,
-11083,-12168,3300,
-11345,-12632,3531,
-11549,-13151,4043,
-11616,-13964,4387,
-11632,-14555,4635,
-11420,-15141,4955,
-11231,-16059,5279,
-10987,-16534,5323,
-10640,-16775,5425,
-10137,-16859,5238,
-9727,-16921,5092,
-9272,-16856,5013,
-8701,-16676,4892,
-8355,-16534,4686,
-7883,-16346,4632,
-7344,-16051,4558,
-6926,-15785,4561,
-6489,-15467,4609,
-5925,-15189,4731,
-5606,-14962,4854,
-5185,-14815,5106,
-4715,-14565,5247,
-4642,-14516,5485,
-4835,-15328,5936,
-4394,-15029,5744,
-4487,-15187,5444,
-4584,-15954,6364,
-4264,-16066,5538,
-4494,-16740,6923,
-4586,-17605,6989,
-4442,-17855,7233,
-4277,-18119,7175,
-4186,-18652,7039,
-4158,-19017,6193,
-4513,-19032,7278,
-3905,-19516,7877,
-3762,-19612,7579,
-3932,-19620,7474,
-4179,-19587,7555,
-4147,-19622,7572,
-4067,-19678,7538,
-4098,-19636,7365,
-4102,-19524,7385,
-4182,-19401,7085,
-4146,-19362,6854,
-4067,-19262,6991,
-4117,-19061,6743,
-4122,-18872,6565,
-4107,-18768,6479,
-4079,-18574,6472,
-4055,-18387,6366,
-3981,-18254,6355,
-4006,-17970,6083,
-4073,-17876,6093,
-4024,-17864,6117,
-3946,-17942,6254,
-4051,-17856,6330,
-4098,-17853,6293,
-4198,-17706,6176,
-4283,-17666,6166,
-4340,-17754,6215,
-4403,-17784,6172,
-4461,-17771,6201,
-4461,-17744,6281,
-4482,-17705,6322,
-4516,-17641,6317,
-4506,-17769,6317,
-4474,-17962,6363,
-4454,-18086,6363,
-4412,-18168,6318,
-4504,-18237,6151,
-4441,-18338,6101,
-4375,-18421,5952,
-4288,-18667,5925,
-4233,-18801,5816,
-4147,-18937,5691,
-4036,-19012,5636,
-3935,-19141,5521,
-3883,-19295,5671,
-3782,-19397,5628,
-3652,-19526,5707,
-3535,-19701,5825,
-3409,-19809,5959,
-3242,-19911,6023,
-2976,-20016,6171,
-2794,-20153,6250,
-2406,-20181,6990,
-2174,-20073,6351,
-1917,-19930,6653,
-1731,-19872,6517,
-1257,-19799,6584,
-940,-19492,6871,
-614,-19627,6981,
-106,-19473,7224,
252,-19370,7250,
574,-19215,7504,
1046,-19120,7672,
1314,-19026,7750,
1796,-18742,7963,
2221,-18657,8151,
2458,-18844,8148,
2555,-19033,8370,
2700,-18894,8432,
2653,-19005,8424,
1648,-19306,8376,
2377,-19525,8341,
2301,-19840,8017,
2231,-19629,8023,
2104,-19797,8035,
1989,-20116,7964,
1988,-20254,7862,
1950,-20264,7802,
2259,-20032,7690,
2324,-19889,7734,
2409,-19723,7737,
2392,-19681,7774,
2460,-19817,8053,
2474,-19698,8251,
2274,-19846,8433,
2018,-20184,8653,
1813,-20526,8829,
1730,-21423,9017,
1325,-21116,9000,
1156,-21271,9083,
1137,-21197,8944,
1046,-21047,8962,
1025,-20901,8856,
907,-20644,8761,
737,-20369,8657,
446,-20051,8589,
168,-19576,8721,
-129,-19290,8723,
-334,-18984,8703,
-576,-18819,8732,
-600,-18360,8603,
-641,-18186,8499,
-775,-18207,8282,
-702,-18379,8145,
-788,-18560,7990,
-955,-18894,7665,
-1155,-19487,7541,
-1468,-20031,7388,
-1997,-20726,7400,
-2483,-21155,7429,
-2945,-21617,7502,
-3748,-22164,7756,
-4371,-22595,7853,
-5042,-22974,8167,
-5858,-23219,8366,
-6472,-23418,8676,
-7090,-23537,9131,
-7518,-23569,9346,
-7896,-23624,9446,
-8045,-23631,9439,
-8177,-23727,9613,
-8015,-23807,9648,
-7799,-23892,9472,
-7510,-24061,9298,
-7206,-24216,9106,
-6995,-24474,8564,
-6654,-24544,8200,
-6164,-23842,6732,
-6035,-24332,7026,
-6145,-24009,6705,
-6011,-24113,6398,
-6161,-23669,5982,
-6123,-23583,5621,
-6283,-23123,5565,
-6565,-23416,5215,
-6578,-22483,5106,
-6635,-22306,5108,
-6715,-21599,5121,
-6929,-21368,5104,
-6957,-21125,5041,
-7001,-20620,5231,
-7004,-20320,5246,
-7165,-20170,5085,
-7211,-19723,5322,
-7343,-19553,5476,
-7426,-19040,5880,
-7716,-18963,5560,
-7788,-18632,5650,
-8102,-18320,5711,
-8347,-17961,5608,
-8673,-17679,5437,
-8986,-17321,5507,
-9234,-16963,5478,
-9451,-16603,5262,
-9778,-16193,5124,
-10102,-15901,5011,
-10363,-15629,5127,
-10858,-15494,5116,
-10725,-14862,4779,
-10840,-14483,4703,
-11241,-14382,4613,
-11329,-14024,4635,
-11303,-13605,4573,
-11269,-13090,4374,
-11089,-13007,4346,
-10992,-12713,4231,
-10955,-12415,3878,
-10800,-12144,3838,
-10603,-11981,3752,
-10381,-11929,3506,
-10363,-11685,3488,
-10366,-11482,3336,
-10082,-11351,3074,
-10038,-11177,3089,
-9959,-11194,3118,
-9938,-11151,3169,
-9826,-11067,3245,
-9847,-11027,3428,
-9951,-11015,3646,
-9979,-11004,3894,
-9993,-10920,4067,
-10120,-10948,4209,
-10207,-11036,4424,
-10336,-11131,4507,
-10253,-11152,4525,
-10006,-11257,4502,
-9857,-11311,4429,
-9627,-11417,4317,
-9507,-11456,4112,
-9323,-11538,3874,
-9218,-11591,3714,
-9137,-11603,3484,
-9213,-11617,3173,
-9291,-11641,3015,
-9306,-11688,2953,
-9517,-11646,2860,
-9607,-11600,2868,
-9695,-11480,2951,
-9953,-11392,3128,
-10202,-11579,3392,
-10449,-12037,3789,
-10856,-12795,4216,
-11082,-13425,4478,
-11312,-14129,4665,
-11601,-15061,4817,
-11801,-15810,4899,
-11880,-16348,4807,
-11728,-16619,4547,
-11520,-16542,4338,
-11285,-16149,3956,
-10989,-15652,3631,
-10644,-15351,3383,
-10307,-14731,3271,
-10060,-14356,3295,
-9817,-13926,3429,
-9409,-13524,3664,
-9196,-13243,4069,
-8912,-13038,4484,
-8521,-12797,5045,
-8279,-12605,5407,
-8065,-12610,5804,
-7667,-12803,6279,
-7413,-13132,6685,
-7212,-13473,6974,
-6913,-13978,7194,
-6709,-14436,7357,
-6451,-14850,7438,
-6262,-15404,7547,
-6118,-15792,7602,
-6080,-16228,7590,
-6101,-16800,7587,
-6105,-17197,7535,
-6057,-17521,7389,
-6057,-17913,7336,
-6129,-18120,7401,
-6103,-18442,7225,
-6102,-18530,7163,
-6099,-18645,7192,
-6185,-18755,7153,
-6294,-18945,7144,
-6376,-18990,7078,
-6378,-19125,6976,
-6396,-19243,6894,
-6405,-19345,6783,
-6390,-19512,6717,
-6289,-19576,6537,
-6166,-19547,6470,
-6055,-19614,6362,
-5912,-19665,6366,
-5792,-19888,6455,
-5602,-19526,6486,
-5504,-19418,6565,
-5407,-19284,6652,
-5284,-19094,6801,
-5232,-18947,6939,
-5029,-18763,7050,
-4865,-18443,7217,
-4648,-18331,7100,
-4482,-17788,7097,
-4454,-17785,7477,
-4704,-18286,8771,
-4674,-17874,5850,
-4004,-17692,6526,
-4103,-17818,8360,
-4722,-18127,7293,
-4084,-16925,6777,
-3568,-18112,8748,
-4596,-17900,8135,
-4665,-17708,6374,
-3936,-17801,7309,
-4240,-17864,6300,
-4323,-19061,6342,
-4241,-19034,6292,
-4086,-19250,6901,
-4208,-19635,6516,
-4110,-19819,6165,
-4038,-19824,6154,
-4097,-20035,6078,
-4116,-20280,6004,
-4075,-20626,5836,
-3824,-19693,5845,
-3888,-20503,5883,
-3761,-20238,5834,
-4039,-21037,5334,
-3871,-20082,4516,
-3536,-20405,6144,
-3382,-19496,7876,
-3078,-20611,4575,
-2978,-20424,5241,
-2771,-20393,5165,
-2521,-20472,4901,
-2209,-20592,4947,
-2053,-20520,4897,
-1738,-20553,4920,
-1548,-20792,4923,
-1414,-20725,4950,
-1109,-20799,5133,
-959,-20871,5236,
-676,-20912,5305,
-443,-20784,5546,
-301,-20664,5678,
-158,-20530,5892,
-21,-20377,6115,
116,-20340,6285,
255,-20217,6378,
353,-20079,6376,
537,-20186,6532,
514,-20190,6506,
462,-20104,6384,
389,-20015,6264,
375,-20018,6082,
320,-19964,5973,
206,-19952,5595,
58,-19912,5314,
-267,-19835,5181,
-726,-19970,5261,
-1125,-20199,5329,
-1674,-20605,5550,
-2036,-21126,5660,
-2368,-21728,5838,
-2566,-22329,5967,
-2565,-22629,6016,
-2409,-22776,5937,
-2059,-22731,5847,
-1804,-22522,5730,
-1393,-22139,5628,
-1157,-21817,5538,
-948,-21376,5453,
-813,-20739,5449,
-840,-20302,5399,
-1003,-19872,5456,
-1297,-19461,5569,
-1698,-19137,5642,
-2011,-18964,5793,
-2537,-18914,6031,
-2927,-18912,6268,
-3296,-18892,6441,
-3733,-18954,6663,
-4118,-19056,6777,
-4473,-19151,6907,
-4826,-19405,6967,
-5160,-19652,6921,
-5426,-19954,6860,
-5739,-20317,6861,
-5990,-20702,6713,
-6156,-21150,6679,
-6365,-21577,6515,
-6611,-21842,6222,
-6797,-22107,5900,
-6872,-22287,5648,
-6996,-22360,5495,
-7061,-22435,5138,
-7211,-22461,4852,
-7341,-22424,4791,
-7573,-22388,4596,
-7734,-22207,4349,
-8021,-22091,4107,
-8316,-21917,3959,
-8546,-21801,3786,
-8825,-21588,3602,
-9148,-21363,3347,
-9373,-21244,3225,
-9481,-21025,3192,
-9632,-20661,3146,
-9775,-20384,3237,
-9621,-19662,3106,
-9536,-20026,2987,
-9453,-19880,4197,
-9579,-19110,3805,
-9711,-18916,3872,
-9776,-18698,4177,
-9872,-18795,4468,
-10099,-18324,4414,
-10342,-18065,4410,
-10636,-18187,4479,
-10867,-17932,4336,
-10910,-17803,3587,
-11211,-17570,4437,
-11361,-17401,4284,
-11293,-17074,4027,
-11180,-16806,3855,
-11276,-16649,3630,
-11305,-16373,3402,
-11394,-16118,2769,
-11536,-15911,2982,
-11694,-13677,3922,
-12170,-15626,1361,
-12259,-15661,2427,
-12445,-15517,2267,
-12294,-15384,2045,
-12217,-15137,2004,
-12138,-15013,2338,
-12155,-14881,2391,
-11957,-14705,2732,
-11676,-14553,2783,
-11442,-14437,2800,
-11260,-14186,2756,
-10820,-14051,3159,
-10282,-14050,3065,
-9889,-13982,2917,
-9417,-13951,2908,
-9145,-13542,2576,
-8950,-13515,2493,
-8952,-13453,2097,
-9277,-13261,1845,
-9369,-12579,1540,
-10114,-12956,1071,
-10391,-12543,1415,
-10310,-11639,415,
-11336,-11829,1166,
-11727,-11910,1190,
-11948,-11836,829,
-11920,-11473,599,
-12081,-11382,814,
-12506,-11454,963,
-12490,-11302,1016,
-12264,-11064,1048,
-12152,-11128,1054,
-12146,-10965,1084,
-12179,-11004,970,
-12432,-11117,991,
-12317,-10870,912,
-12485,-10873,915,
-12662,-10871,986,
-12741,-10835,1099,
-12838,-10802,1216,
-12804,-10757,1257,
-12936,-10925,1405,
-12958,-11069,1559,
-12922,-11191,1818,
-12728,-11504,1954,
-12680,-11891,2116,
-12624,-12575,2363,
-12500,-13224,2539,
-12456,-13981,2599,
-12258,-14822,2624,
-11911,-15300,2601,
-11640,-15570,2494,
-11440,-15572,2252,
-11322,-15461,2159,
-11055,-15054,1915,
-10841,-14279,1568,
-10716,-13568,1484,
-10649,-13073,1408,
-10652,-12544,1586,
-10679,-12046,1715,
-10602,-11635,2032,
-10506,-11229,2436,
-10407,-11035,2878,
-10337,-10866,3225,
-10010,-10864,3705,
-9715,-10967,4106,
-9527,-11275,4476,
-9320,-11747,4934,
-9035,-12272,5274,
-8814,-12736,5442,
-8497,-13325,5490,
-8375,-13799,5552,
-8309,-14275,5554,
-8371,-14801,5553,
-8480,-15233,5503,
-8441,-15668,5425,
-8496,-16010,5525,
-8536,-16348,5294,
-8433,-16679,5258,
-8373,-16842,5217,
-8303,-16968,5327,
-8272,-17261,5319,
-8280,-17468,5351,
-8216,-17622,5319,
-8137,-17858,5375,
-8037,-18026,5316,
-7952,-18213,5332,
-7882,-18313,5262,
-7754,-18532,5226,
-7686,-18677,5289,
-7720,-18749,5351,
-7685,-18828,5072,
-7658,-18928,5087,
-7589,-18994,4803,
-7491,-18888,4909,
-7322,-18821,4857,
-7140,-18717,4910,
-6931,-18733,4978,
-6547,-18284,5159,
-6179,-17674,5141,
-6141,-17577,5479,
-5852,-17441,5882,
-5501,-17181,6326,
-5213,-16923,6574,
-5008,-16593,6807,
-4816,-16347,7118,
-4626,-16179,7317,
-4580,-16023,7553,
-4707,-15931,7571,
-4781,-15925,7371,
-4913,-15986,7223,
-5196,-16047,7019,
-5493,-16213,6890,
-5721,-16291,6647,
-5886,-16321,6435,
-6211,-16672,6306,
-6548,-16997,6070,
-6690,-17051,6098,
-6785,-17260,5994,
-6806,-17497,5919,
-6759,-17678,5810,
-6784,-17556,5761,
-6615,-17853,5788,
-6564,-17884,5731,
-6613,-18115,5634,
-6688,-18345,5602,
-6609,-18499,5603,
-6477,-18581,5596,
-6303,-18713,5632,
-6141,-18896,5666,
-5936,-19003,5793,
-5715,-19080,5881,
-5521,-19103,5959,
-5239,-19102,6011,
-4769,-19125,6185,
-4465,-19225,6230,
-4109,-19332,6486,
-3913,-19210,6516,
-3582,-19149,6562,
-3216,-19145,6608,
-3040,-19082,6744,
-2821,-19006,6843,
-2551,-18985,6982,
-2388,-18915,7135,
-2273,-18864,7245,
-2092,-18811,7392,
-1992,-18866,7457,
-2107,-18903,7631,
-2152,-18770,7620,
-2109,-18779,7648,
-2117,-18822,7723,
-2095,-19006,7807,
-2175,-18995,7751,
-2133,-19084,7755,
-2062,-19178,7620,
-1979,-19204,7565,
-1883,-19212,7441,
-1775,-19150,7268,
-1661,-19138,7041,
-1553,-19153,6831,
-1536,-19310,6758,
-1680,-19684,6705,
-1898,-20293,6658,
-2174,-20823,6658,
-2382,-21244,6648,
-3134,-22219,6460,
-3562,-22831,6518,
-3754,-23189,6408,
-3918,-23120,6155,
-3961,-22885,5960,
-3897,-22510,5754,
-3736,-21857,5520,
-3550,-21267,5359,
-3365,-20680,5215,
-3122,-19943,5074,
-2865,-19425,4979,
-2831,-18984,4946,
-2776,-18540,4942,
-2871,-18244,4891,
-3074,-18072,4935,
-3340,-17939,5000,
-3576,-17989,5023,
-3984,-17985,5135,
-4431,-18160,5263,
-4679,-18355,5228,
-5079,-18607,5235,
-5634,-18914,5372,
-5989,-19189,5282,
-6386,-19587,5272,
-6963,-19898,5341,
-7396,-20218,5198,
-7751,-20592,5015,
-8066,-20833,4900,
-8264,-21172,4810,
-8409,-21524,4645,
-8412,-21715,4437,
-8377,-21833,4119,
-8330,-21996,3819,
-8245,-22119,3574,
-8203,-22146,3409,
-8137,-22260,3154,
-8004,-22256,2964,
-7918,-22286,2780,
-7798,-22147,2472,
-7715,-22024,2354,
-7618,-21920,2144,
-7571,-21684,2036,
-7599,-21462,2050,
-7685,-21209,2066,
-7819,-20853,2004,
-7918,-20600,1913,
-8041,-20262,1942,
-8212,-19863,2073,
-8306,-19666,2127,
-8327,-19442,2299,
-8382,-19114,2391,
-8435,-18817,2554,
-8380,-18508,2726,
-8395,-18337,2839,
-8454,-18144,2927,
-8465,-17904,2924,
-8435,-17639,2942,
-8433,-17398,2969,
-8520,-17229,2870,
-8582,-17145,2926,
-8690,-16958,2899,
-8714,-16791,2896,
-8847,-16569,2702,
-8926,-16323,2592,
-9161,-16252,2436,
-9355,-16133,2559,
-9431,-16107,2672,
-9568,-16052,2708,
-9755,-16110,2669,
-9850,-16041,2738,
-9870,-16057,2784,
-9880,-16037,2874,
-9821,-16074,2829,
-9718,-16132,2863,
-9464,-16056,2875,
-9301,-15922,2665,
-9153,-15628,2371,
-9056,-15283,2145,
-9066,-14834,2061,
-9232,-14505,1981,
-9476,-14288,1978,
-9824,-14061,2047,
-10264,-13821,2169,
-10516,-13548,2278,
-10858,-13217,2346,
-11049,-12946,2403,
-11164,-12896,2521,
-11277,-12678,2472,
-11158,-12534,2373,
-11008,-12418,2372,
-10773,-12278,2295,
-10535,-12104,2201,
-10310,-12022,2065,
-10084,-11832,1993,
-9906,-11637,1878,
-9833,-11526,1785,
-9808,-11386,1721,
-9814,-11280,1718,
-9886,-11094,1852,
-10112,-10874,1811,
-10317,-10703,1836,
-10560,-10578,1958,
-10940,-10553,2004,
-11141,-10440,1989,
-11302,-10332,2019,
-11608,-10242,2243,
-11746,-10259,2397,
-11793,-10227,2412,
-11829,-10266,2642,
-11787,-10540,2673,
-11869,-10854,2891,
-11997,-11296,2791,
-12090,-11733,2975,
-12232,-12356,3269,
-12624,-12452,3048,
-12893,-13022,3405,
-13287,-14306,3407,
-13625,-15087,3825,
-13888,-15415,3965,
-13955,-15560,3806,
-13840,-15482,3622,
-13616,-15161,3999,
-13232,-14795,3947,
-12957,-14393,3995,
-12432,-14005,3769,
-11610,-13389,3533,
-10816,-13063,3730,
-10127,-12759,3809,
-9318,-12605,4091,
-8771,-12481,4441,
-8309,-12378,4811,
-7776,-12169,5124,
-7648,-12116,5515,
-7694,-12244,6037,
-7828,-12571,6519,
-8083,-12898,7132,
-8221,-13349,7442,
-8423,-13714,7689,
-8669,-14112,7888,
-8776,-14395,8077,
-8990,-14833,8109,
-9142,-15051,8167,
-9462,-15499,8005,
-9737,-15913,7855,
-9942,-16169,7647,
-10269,-16561,7264,
-10387,-16703,7141,
-10595,-16891,7044,
-10650,-16908,6930,
-10905,-17209,6976,
-11067,-17468,7054,
-11111,-17591,7230,
-11028,-17660,7327,
-10877,-17690,7482,
-10562,-17696,7555,
-10243,-17797,7743,
-10023,-17831,7814,
-9496,-18049,7958,
-9125,-18106,8082,
-8720,-18117,8198,
-8175,-17997,8338,
-7964,-18398,8295,
-7496,-18264,8419,
-6968,-18290,8421,
-6748,-18530,8522,
-6259,-18396,8518,
-5942,-18492,8533,
-5887,-18532,8640,
-5690,-18664,8612,
-5341,-18347,8593,
-5319,-18131,8719,
-5837,-18720,8505,
-5552,-18579,8324,
-5250,-18155,7928,
-5660,-18629,7909,
-5463,-18788,7653,
-5340,-18859,7512,
-5383,-18894,7195,
-4978,-18879,6864,
-5175,-18966,6751,
-5063,-19137,6407,
-4728,-19770,7231,
-4601,-20103,6639,
-4608,-20282,6474,
-4607,-20120,6483,
-4472,-20025,6404,
-4545,-20088,6527,
-4713,-20161,6567,
-4873,-20155,6532,
-4947,-20028,6573,
-4985,-19719,6528,
-4976,-20076,6795,
-4896,-20139,6892,
-4850,-20235,6792,
-4610,-20347,6872,
-4215,-20620,6923,
-3906,-20559,6743,
-3296,-20672,6438,
-2829,-20637,6470,
-2379,-20676,6118,
-1826,-20537,5890,
-1445,-20578,5757,
-1084,-20540,5564,
-762,-20410,5543,
-443,-20244,5482,
-305,-20153,5468,
-71,-19899,5458,
-49,-19659,5480,
-13,-19468,5402,
35,-19286,5616,
33,-19143,5727,
-153,-19061,5671,
56,-19031,5958,
32,-18962,5909,
-79,-18948,5979,
-78,-18828,6009,
66,-18811,5927,
174,-18772,5858,
315,-18794,5851,
509,-18821,5782,
649,-18812,5700,
866,-18804,5552,
1089,-18631,5488,
1412,-18682,5180,
1000,-19136,5421,
1356,-19100,5116,
1622,-18808,4801,
1571,-18891,4492,
1385,-19112,4507,
845,-19697,4501,
260,-20199,4358,
-287,-20755,4368,
-985,-21492,4178,
-1573,-21932,4088,
-2126,-22537,3926,
-2699,-22926,3814,
-3036,-23117,3680,
-3311,-23056,3558,
-3420,-22754,3385,
-3431,-22358,3249,
-3444,-21933,3216,
-3397,-21352,3267,
-3328,-21030,3378,
-3332,-20622,3610,
-3360,-20216,3816,
-3438,-20038,4017,
-3530,-19934,4359,
-3732,-19950,4508,
-3915,-20047,4605,
-4083,-20229,4755,
-4288,-20543,4803,
-4536,-20907,4774,
-4933,-21496,4619,
-5187,-22018,4451,
-5428,-22557,4369,
-5761,-23177,4266,
-6036,-23558,4137,
-6377,-24006,4033,
-6807,-24471,3800,
-7170,-24713,3753,
-7436,-24983,3595,
-7916,-25307,3544,
-8172,-25380,3562,
-8373,-25428,3498,
-8591,-25445,3489,
-8758,-25385,3471,
-8845,-25290,3674,
-8966,-25168,3679,
-8995,-25080,3692,
-8830,-24714,3050,
-8947,-24674,3850,
-8939,-24847,3868,
-8729,-24298,2730,
-8730,-24265,2812,
-8357,-23985,3158,
-8232,-24295,3376,
-7951,-23881,3365,
-7725,-24073,2672,
-7593,-23804,3101,
-7520,-23211,3677,
-7539,-23018,3837,
-7516,-22930,3515,
-7450,-22511,3507,
-7535,-22471,3606,
-7488,-21985,3483,
-7581,-22092,3353,
-7346,-21036,3747,
-7475,-23305,2941,
-7551,-22416,4182,
-7482,-21627,8758,
-8302,-22459,4080,
-8153,-21900,4502,
-8530,-22270,4995,
-8807,-22171,4779,
-8898,-21595,4973,
-9020,-21196,4816,
-9195,-21039,5229,
-9265,-20867,4709,
-9331,-20563,4557,
-9551,-20184,4636,
-9402,-19920,4358,
-9134,-20310,4434,
-9411,-18880,3859,
-9426,-18463,3425,
-9817,-15317,6247,
-10051,-18005,2220,
-10133,-17344,2403,
-10560,-16674,1983,
-10960,-16293,1809,
-11543,-16169,1579,
-11796,-15183,1982,
-11854,-14959,956,
-12160,-14251,1903,
-12545,-13857,1696,
-12232,-13283,1768,
-12394,-12913,2153,
-12145,-12542,2298,
-11971,-12351,2800,
-11860,-12211,2785,
-11415,-11667,2937,
-10991,-11427,2799,
-10571,-11030,2444,
-10143,-10862,2226,
-9883,-10673,2363,
-9611,-10688,2283,
-9445,-10761,2137,
-9267,-10752,2054,
-9239,-11020,1960,
-9070,-11107,1702,
-9049,-11262,1753,
-9024,-11476,1754,
-9076,-11552,1709,
-9114,-11498,1472,
-9028,-11380,1405,
-9134,-11270,1356,
-9214,-11297,2006,
-9140,-11320,2063,
-9132,-11197,2414,
-9135,-10963,2411,
-9140,-10819,2603,
-9044,-10995,2807,
-8822,-10880,2717,
-8607,-10735,2857,
-8475,-10576,2875,
-8195,-10918,2441,
-7965,-11097,2162,
-7793,-11319,1978,
-7787,-11792,1619,
-7940,-12725,1628,
-8136,-13555,1655,
-8452,-14262,1875,
-9089,-15553,1886,
-9449,-16090,1861,
-9757,-16331,1818,
-10129,-16549,1746,
-10313,-16247,1710,
-10217,-15985,2250,
-10486,-14821,530,
-10536,-14023,911,
-10229,-13222,837,
-10091,-12312,690,
-9997,-11762,993,
-9758,-11356,1814,
-9501,-11110,2671,
-9278,-10823,3328,
-9065,-10890,4597,
-8960,-10902,5571,
-8651,-10592,6245,
-8972,-11706,7397,
-8657,-11934,8233,
-8695,-12513,8801,
-8871,-13267,9143,
-8826,-13808,9736,
-9033,-14646,9919,
-8987,-15469,10079,
-8902,-15963,10139,
-8843,-16602,10059,
-8834,-17488,9994,
-8660,-18159,9860,
-8438,-18608,9916,
-8338,-19389,9384,
-8264,-19594,6674,
-8173,-20223,9335,
-7846,-20376,10100,
-7730,-20346,10118,
-7585,-20491,10240,
-7248,-20497,10489,
-7183,-20738,10644,
-7125,-20901,10998,
-6750,-20922,11152,
-6675,-20802,10856,
-6536,-20662,10649,
-6374,-20644,10665,
-6184,-20579,10626,
-6074,-20482,10439,
-5972,-20373,10234,
-5768,-20334,10110,
-5625,-20361,10034,
-5602,-20208,9980,
-5452,-19975,9857,
-5398,-19776,9697,
-5380,-19710,9621,
-5358,-19531,9521,
-5418,-19413,9283,
-5347,-19250,9250,
-5293,-19166,9096,
-5183,-19067,8954,
-5180,-19132,8809,
-5154,-19233,8736,
-5192,-19407,8726,
-5199,-19507,8650,
-5273,-19596,8602,
-5348,-19488,8382,
-5412,-19503,8259,
-5414,-19506,7968,
-5435,-19547,7908,
-5430,-19468,8442,
-5350,-19557,7906,
-5304,-19577,7905,
-5062,-19644,8006,
-4756,-19715,8093,
-4471,-19638,8116,
-4131,-19538,8174,
-3625,-19304,8305,
-3249,-19223,8434,
-2874,-19096,8564,
-2453,-18916,8473,
-2221,-18840,8490,
-1992,-18865,8437,
-1925,-18739,8295,
-1920,-18579,8217,
-1901,-19050,8008,
-2024,-19095,7704,
-2018,-19298,7311,
-2066,-19272,7106,
-2069,-19277,6773,
-2027,-19328,6279,
-1983,-19316,6228,
-2011,-19410,5942,
-1987,-19420,5604,
-1980,-19343,5281,
-2021,-19216,5086,
-2018,-19133,4897,
-2119,-19101,4856,
-2284,-19106,4865,
-2500,-19097,4873,
-2740,-19130,4892,
-3020,-19272,5008,
-3274,-19436,5138,
-3628,-19785,5188,
-3698,-19798,5064,
-3707,-19710,4898,
-3713,-19678,4856,
-3695,-19713,4849,
-3598,-19745,4758,
-3403,-19691,4657,
-3286,-19721,4628,
-3101,-19614,4492,
-2842,-19544,4276,
-2648,-19465,4086,
-2445,-19275,3889,
-2208,-19075,3590,
-2025,-19029,3455,
-1882,-18969,3342,
-1826,-19082,3206,
-1963,-19381,3194,
-2175,-19871,3226,
-2585,-20531,3201,
-2916,-21003,3099,
-3279,-21443,2948,
-3690,-21921,2841,
-3984,-22267,2743,
-4201,-22461,2547,
-4351,-22472,2364,
-4309,-22326,2102,
-4346,-22158,1842,
-4287,-21926,1641,
-4112,-21788,1520,
-3897,-21546,1320,
-3808,-21206,1346,
-3623,-20880,1167,
-3510,-20533,1088,
-3427,-20306,1119,
-3537,-20152,1339,
-3504,-20031,1403,
-3479,-20040,1586,
-3664,-19963,1736,
-3884,-20079,1990,
-4149,-20199,2261,
-4409,-20465,2432,
-4787,-20722,2657,
-5110,-20979,2765,
-5470,-21198,2898,
-5972,-21539,2993,
-6266,-21743,3101,
-6570,-21870,3165,
-7077,-22018,3185,
-7389,-22073,3197,
-7701,-22100,3151,
-8068,-22199,3148,
-8310,-22268,2998,
-8543,-22385,2809,
-8752,-22720,2434,
-8870,-22961,2058,
-8975,-23202,1383,
-9074,-23513,1128,
-9199,-23750,737,
-9339,-23945,426,
-9486,-24193,-92,
-9657,-24367,-481,
-10023,-24580,-533,
-9838,-24132,-981,
-9705,-23670,-1131,
-9976,-23523,-966,
-9716,-23349,-874,
-9645,-23124,-621,
-9738,-22880,-285,
-9564,-22624,1,
-9317,-22356,390,
-9109,-21999,797,
-8967,-21692,1232,
-8750,-21432,1499,
-8555,-21188,1873,
-8331,-20949,2051,
-8082,-20752,2236,
-7934,-20377,2290,
-7932,-20492,1993,
-7952,-20103,2610,
-8084,-20106,2552,
-8113,-19982,2525,
-8149,-19787,2332,
-8270,-19602,2234,
-8460,-19540,2154,
-8603,-19385,1972,
-8706,-19258,1772,
-8857,-19150,1611,
-9042,-19007,1440,
-9192,-18861,1279,
-9368,-18676,1138,
-9550,-18400,935,
-9673,-18264,733,
-9850,-18085,810,
-9937,-17754,668,
-10006,-17779,456,
-10188,-17809,520,
-10028,-17212,389,
-10037,-16762,48,
-10286,-16888,-38,
-10188,-16982,-86,
-10232,-17052,-94,
-9835,-16812,-347,
-9675,-16610,-672,
-9723,-16774,-814,
-9544,-16953,-973,
-9195,-17133,-1214,
-8912,-17134,-1372,
-8573,-17195,-1617,
-8182,-17093,-1783,
-7807,-17109,-1915,
-7526,-17152,-2038,
-7263,-17131,-2026,
-7124,-16938,-2201,
-7053,-16490,-2323,
-7072,-16219,-2378,
-7403,-16015,-2248,
-7991,-15775,-2142,
-8487,-15719,-2047,
-9042,-15189,-1580,
-9108,-14404,-1485,
-9917,-14298,-1323,
-10249,-14361,-859,
-10647,-14737,-694,
-10872,-14170,-313,
-10923,-13627,14,
-10803,-13150,170,
-10683,-12948,241,
-10360,-12687,253,
-9960,-11976,182,
-10235,-12043,134,
-10468,-12206,529,
-10737,-12306,782,
-11327,-12295,820,
-11930,-12475,1255,
-12968,-12752,1504,
-13226,-12195,1519,
-13993,-12059,1751,
-15191,-12193,1881,
-15605,-11971,2254,
-15582,-11143,2387,
-15715,-10433,2126,
-15557,-9793,1981,
-15054,-9146,2266,
-14450,-8736,2188,
-14071,-8507,2486,
-13563,-8454,2902,
-12958,-8372,3301,
-12441,-8226,3709,
-11932,-8136,4292,
-11679,-8270,4831,
-11406,-8440,5322,
-11192,-9004,6062,
-10963,-9435,6531,
-10821,-9849,7006,
-10572,-10406,7406,
-10361,-10763,7614,
-10365,-11563,8075,
-10322,-12076,8203,
-10241,-12441,8275,
-10332,-12826,8209,
-10211,-13145,8451,
-9879,-13199,8475,
-10016,-13518,8252,
-9827,-13655,8546,
-10098,-13978,8649,
-10156,-14338,8716,
-10135,-14381,8728,
-10069,-14361,8746,
-10160,-14535,8742,
-10183,-14760,8824,
-10220,-15008,8781,
-10277,-15242,8671,
-10277,-15668,8392,
-10330,-15869,8237,
-10301,-16251,8070,
-10226,-16666,7828,
-10115,-16996,7715,
-9857,-17458,7550,
-9751,-17853,7569,
-9563,-18219,7337,
-9301,-18658,7186,
-9072,-19066,7090,
-8713,-19286,7152,
-8317,-19639,7176,
-8076,-19883,7242,
-7695,-20021,7253,
-7198,-20262,7300,
-6711,-20533,7328,
-6300,-20760,7385,
-5580,-20972,7337,
-5089,-21194,7296,
-4657,-21488,7391,
-4124,-21628,7525,
-3941,-21843,7628,
-3848,-22162,8061,
-3671,-22318,8361,
-3645,-22384,8751,
-3666,-22368,9180,
-3759,-22360,9643,
-3903,-22455,10083,
-4034,-22481,10553,
-4084,-22388,10767,
-4062,-22384,11108,
-3976,-22344,11349,
-3819,-22360,11390,
-3614,-22338,11453,
-3277,-22345,11306,
-3036,-22456,11236,
-2666,-22488,10983,
-2135,-22577,10610,
-1659,-22637,10304,
-1139,-22729,9938,
-552,-22834,9403,
-75,-22848,8985,
382,-22895,8650,
899,-22897,8265,
1219,-22970,8089,
1555,-23000,7911,
1973,-22897,7745,
2244,-22760,7669,
2516,-22505,7618,
2773,-22322,7716,
2821,-22299,7836,
