-7316,-11178,6357,
-6949,-11228,7217,
-6726,-11461,7689,
-6665,-11562,7948,
-6683,-11867,8371,
-6769,-12218,8571,
-7009,-12581,8599,
-7330,-12906,8832,
-7569,-13108,9183,
-7985,-13530,8632,
-8487,-13978,8447,
-8906,-14295,8404,
-9258,-14500,8300,
-9626,-15027,8012,
-9749,-15440,7638,
-9736,-16036,7203,
-9778,-16535,7015,
-9746,-17037,6591,
-9803,-17702,6236,
-9714,-17851,5806,
-9623,-17968,5697,
-9841,-19066,5455,
-9898,-19442,5673,
-9987,-19733,5761,
-9948,-19939,5917,
-9846,-20027,6117,
-9715,-20145,6291,
-9615,-20171,6585,
-9359,-20259,6755,
-9047,-20277,6976,
-8765,-20273,7247,
-8506,-20124,7348,
-8220,-19909,7435,
-7965,-19767,7525,
-7729,-19654,7598,
-7565,-19474,7582,
-7494,-19318,7567,
-7445,-19272,7546,
-7301,-19174,7471,
-7265,-19142,7491,
-7245,-19122,7602,
-7276,-19718,7995,
-7338,-18647,7759,
-7630,-19162,7428,
-7413,-19361,8091,
-7666,-19680,7891,
-7866,-20022,7325,
-7994,-19840,7414,
-7916,-19795,7076,
-8180,-20410,7408,
-8154,-20739,7184,
-8233,-20801,7125,
-8510,-21118,7546,
-8725,-21469,7271,
-8696,-21456,7604,
-8804,-21611,7070,
-8703,-21667,7470,
-8893,-21724,7417,
-8892,-21923,7609,
-9000,-22195,7549,
-9030,-22349,7695,
-8976,-22569,7873,
-8795,-22827,7898,
-8615,-22960,7882,
-8269,-23096,7915,
-7786,-23259,7732,
-7343,-23104,8150,
-6882,-23188,7855,
-6355,-22473,7065,
-5931,-23073,7512,
-5358,-22921,7411,
-4832,-22737,7506,
-4387,-22662,7463,
-3763,-22289,7547,
-3401,-21961,7552,
-3008,-21630,7650,
-2434,-21149,7644,
-2048,-20864,7698,
-1689,-20518,7828,
-1343,-20049,7867,
-1107,-19749,7932,
-928,-19493,7870,
-785,-19162,7849,
-698,-18973,7790,
-715,-18893,7729,
-780,-18879,8209,
-874,-18802,7642,
-1046,-18595,8508,
-1027,-18900,7334,
-1057,-18979,7269,
-1105,-19100,7133,
-1123,-19236,7082,
-1178,-19267,6738,
-1133,-19170,6514,
-1106,-19186,6383,
-1129,-19140,6160,
-1098,-19014,5783,
-1026,-18823,5482,
-875,-18653,5293,
-823,-18403,5004,
-724,-18316,4730,
-794,-18260,4594,
-1084,-18602,4595,
-1453,-19237,4535,
-1786,-19574,4626,
-2188,-20277,4765,
-2533,-20820,4743,
-2885,-21385,4713,
-3214,-21977,4756,
-3313,-22216,4661,
-3312,-22177,4490,
-3211,-21747,4143,
-3003,-21418,3936,
-2744,-20976,3861,
-2435,-20444,3701,
-2054,-19897,3751,
-1781,-19381,3727,
-1636,-18833,3797,
-1604,-18540,3935,
-1609,-18299,4231,
-1735,-18145,4428,
-1922,-18066,4617,
-2216,-18293,4901,
-2567,-18587,5125,
-2892,-18951,5268,
-3235,-19315,5475,
-3750,-19632,5645,
-4139,-20094,5800,
-4643,-20555,5921,
-4925,-21478,5923,
-5321,-21247,5856,
-5775,-21608,5795,
-6042,-21948,5763,
-6372,-22272,5583,
-6635,-22453,5374,
-6874,-22613,5239,
-7029,-22879,5105,
-7190,-23072,4928,
-7340,-23195,4756,
-7521,-23319,4583,
-7551,-23451,4433,
-7629,-23629,4380,
-7675,-23695,4278,
-7776,-23816,4186,
-7868,-23922,4101,
-7934,-23959,4091,
-7988,-24020,4111,
-7916,-24050,4099,
-7880,-23904,4142,
-7962,-23878,4242,
-7936,-23809,4321,
-7930,-23726,4556,
-7903,-23554,4621,
-7735,-23140,4951,
-7957,-23201,5292,
-7899,-22771,5379,
-7977,-22692,5348,
-7997,-22590,5263,
-8259,-22587,5405,
-8519,-22703,6137,
-8699,-22393,6227,
-8978,-22090,5938,
-9294,-21777,5600,
-9630,-21550,6836,
-9655,-21201,5516,
-10476,-20907,5415,
-11156,-20748,4563,
-11374,-20246,4714,
-11768,-19803,5128,
-12124,-19387,4626,
-12224,-19371,3503,
-12332,-18747,3980,
-12368,-17961,3847,
-12395,-17560,3869,
-12356,-17293,3653,
-12371,-17974,3461,
-12120,-16859,3612,
-11877,-16453,3577,
-11635,-16134,3818,
-11155,-16017,3367,
-10837,-15701,3132,
-10478,-15528,2999,
-10267,-15383,2932,
-9895,-15206,2676,
-9768,-14883,2596,
-9629,-14767,2274,
-9528,-14460,2248,
-9451,-14341,1748,
-9419,-14092,1996,
-9524,-13808,2135,
-9576,-13631,1924,
-9653,-13579,1983,
-9879,-13446,2089,
-9932,-13334,1979,
-10070,-13300,1987,
-10210,-13186,2047,
-10307,-13127,2087,
-10396,-13045,1989,
-10461,-12932,1916,
-10449,-12841,1909,
-10377,-12788,1884,
-10371,-12742,1889,
-10359,-12645,1812,
-10288,-12577,1831,
-10254,-12497,1834,
-10243,-12459,1850,
-10166,-12445,1726,
-10124,-12236,1553,
-10024,-12164,1386,
-10001,-12039,1426,
-9929,-12088,1304,
-9743,-12055,1675,
-9876,-12206,1081,
-9739,-12103,1088,
-9725,-12166,1019,
-9602,-12077,911,
-9584,-12198,954,
-9628,-12166,993,
-9628,-12103,977,
-9706,-12069,1228,
-9932,-12323,1526,
-10249,-12488,1985,
-10432,-12705,2292,
-10593,-12858,2647,
-10745,-13205,3044,
-10797,-13461,3291,
-10877,-13822,3585,
-10953,-14252,3744,
-10945,-14567,3752,
-10892,-14815,3800,
-10730,-15026,3742,
-10477,-15008,3731,
-10131,-14815,3709,
-9756,-14664,3753,
-9544,-14573,3878,
-9239,-14477,4062,
-8794,-14140,4075,
-8461,-13718,4105,
-8186,-13274,4250,
-7834,-13062,4497,
-7675,-12923,4768,
-7421,-12827,5173,
-7201,-12830,5397,
-6980,-12803,5649,
-6761,-12870,6004,
-6550,-12966,6277,
-6330,-13161,6500,
-6071,-13475,6769,
-5929,-13666,6890,
-5791,-13874,7073,
-5709,-14167,7171,
-5606,-14313,7235,
-5551,-14520,7321,
-5511,-14867,7510,
-5589,-15119,7538,
-5682,-15308,7498,
-5767,-15973,7294,
-6023,-16038,7865,
-6139,-16391,7717,
-6361,-16722,7626,
-6526,-16923,7664,
-6671,-17146,7596,
-6863,-17402,7629,
-6989,-17648,7573,
-7097,-17802,7618,
-7193,-17844,7420,
-7133,-17829,7379,
-7146,-17950,7171,
-7052,-18009,7141,
-6991,-18121,6945,
-6871,-18219,6822,
-6804,-18157,6611,
-6757,-18117,6439,
-6573,-18140,6321,
-6448,-18118,6130,
-6431,-18112,6188,
-6245,-17849,5989,
-6142,-17787,5888,
-5919,-17583,5793,
-6035,-17772,5844,
-5950,-17726,5865,
-5880,-17655,5880,
-5850,-17587,5983,
-5866,-17482,6023,
-5905,-17488,6110,
-5805,-18223,5533,
-6018,-17618,6408,
-6084,-17453,5824,
-6192,-17476,7713,
-6483,-16704,7537,
-6374,-17179,7581,
-6608,-17749,7461,
-6559,-17612,7924,
-6580,-17694,8043,
-6543,-17852,8257,
-6563,-17971,8508,
-6549,-18204,8779,
-6593,-18192,8967,
-6514,-18127,8881,
-6049,-18691,8690,
-6403,-18572,9210,
-6139,-18499,9317,
-6224,-18715,9693,
-6112,-19126,9824,
-6077,-19279,9864,
-5988,-19475,10208,
-5766,-19764,10101,
-5560,-19967,10314,
-5267,-20376,10423,
-4958,-20544,10503,
-4608,-20654,10492,
-4162,-20802,10439,
-3967,-21109,10334,
-3636,-21427,10311,
-2992,-21450,10139,
-2582,-21519,9939,
-2265,-21577,9575,
-1820,-21627,9513,
-1432,-21653,9239,
-1086,-21546,8889,
-725,-21581,8664,
-419,-21534,8528,
-147,-21297,8190,
204,-21189,7944,
523,-21072,7725,
882,-20913,7471,
1128,-20699,7228,
1307,-20547,6984,
1581,-20373,6704,
1710,-20224,6582,
1767,-20211,6472,
1853,-20112,6298,
1935,-19963,6203,
1988,-19818,6074,
1953,-19708,5962,
2005,-19652,5869,
1895,-19631,5799,
1664,-19506,5699,
675,-19373,5121,
1243,-20553,6173,
170,-21171,5969,
-555,-21672,6219,
-1033,-22132,6108,
-1445,-22603,5955,
-1915,-23037,5826,
-2315,-23417,5567,
-2782,-23652,5262,
-2967,-23593,4910,
-3036,-23278,4320,
-3071,-22908,3933,
-3019,-22412,3570,
-2986,-21689,3185,
-2905,-21128,2889,
-2898,-20550,2777,
-2882,-19866,2535,
-2894,-19409,2523,
-3068,-18972,2548,
-3297,-18567,2682,
-3490,-18456,2778,
-3627,-18267,3077,
-3808,-18157,3451,
-3913,-18109,3678,
-3990,-18082,3977,
-4094,-18209,4341,
-4190,-18302,4660,
-4285,-18429,4943,
-4439,-18673,5090,
-4513,-18819,5648,
-4615,-18752,5591,
-4703,-19150,5484,
-4769,-19179,5505,
-4771,-19223,5388,
-4907,-19410,5390,
-5052,-19581,5412,
-5168,-19681,5259,
-5293,-19885,5198,
-5397,-20030,5116,
-5627,-20384,5003,
-5842,-20643,4836,
-5987,-20892,4710,
-6175,-21257,4502,
-6350,-21454,4279,
-6440,-21689,4116,
-6546,-21957,3874,
-6527,-22134,3745,
-6525,-22334,3615,
-6593,-22548,3483,
-6487,-22595,3452,
-6460,-22716,3371,
-6464,-22803,3300,
-6446,-22756,3204,
-6357,-22599,3163,
-6221,-22340,3242,
-6192,-22207,3261,
-6188,-22073,3404,
-6148,-21861,3627,
-6146,-21729,3824,
-6172,-21621,4144,
-6203,-21375,4436,
-6372,-21219,4747,
-6508,-21104,5092,
-6615,-20857,5355,
-6765,-20716,5632,
-6949,-20542,5931,
-7186,-20455,6185,
-7419,-20328,6429,
-7700,-20159,6715,
-7985,-19985,6818,
-8243,-19785,6893,
-8470,-19484,6990,
-8539,-19297,6980,
-8759,-19069,7023,
-8799,-18810,6934,
-8774,-18592,6904,
-8809,-18437,6818,
-8769,-18208,6645,
-8797,-18091,6389,
-8722,-17933,6345,
-8713,-17820,6196,
-8657,-17683,6112,
-8475,-17590,5741,
-8291,-17462,5548,
-8149,-17403,5499,
-8076,-17351,5355,
-8098,-17192,5191,
-8010,-17015,5081,
-8017,-16862,4927,
-7945,-16570,4870,
-7989,-16413,4819,
-8029,-16217,4706,
-8074,-15902,4593,
-8136,-15619,4542,
-8224,-15375,4468,
-8308,-15137,4398,
-8458,-14745,4230,
-8558,-14396,4117,
-8708,-14114,4058,
-8854,-13947,3985,
-9030,-13685,3835,
-9179,-13402,3732,
-9307,-13149,3618,
-9417,-12818,3548,
-9495,-12568,3560,
-9514,-12399,3571,
-9509,-12152,3648,
-9436,-12035,3625,
-9442,-11831,3651,
-9314,-11554,3578,
-9284,-11421,3611,
-9084,-11267,3666,
-8994,-11168,3595,
-8887,-11106,3612,
-8762,-10999,3519,
-8616,-10837,3510,
-8498,-10776,3427,
-8393,-10658,3361,
-8281,-10647,3340,
-8238,-10879,3552,
-8514,-11057,3724,
-8740,-11582,3977,
-8874,-12036,4132,
-9080,-12458,4267,
-9207,-12824,4274,
-9275,-13059,4303,
-9268,-13446,4485,
-9264,-13570,4534,
-9176,-13630,4493,
-8980,-13468,4313,
-8681,-13289,4226,
-8450,-13089,4080,
-8062,-12747,3908,
-7732,-12464,3867,
-7525,-12272,3854,
-7206,-12041,3877,
-6978,-11867,3978,
-6697,-11785,4115,
-6512,-11701,4470,
-6362,-11691,4775,
-6260,-11725,5116,
-6089,-11780,5476,
-5942,-11861,5809,
-5860,-11932,6069,
-5824,-12189,6366,
-5772,-12458,6612,
-5783,-12745,6881,
-5938,-13124,7017,
-6092,-13471,7057,
-6266,-13913,7103,
-6467,-14386,7106,
-6725,-14847,7061,
-6999,-15441,7004,
-7209,-15929,6845,
-7367,-16365,6698,
-7504,-16842,6532,
-7453,-17168,6392,
-7392,-17480,6308,
-7270,-17806,6243,
-7200,-18052,6286,
-7023,-18187,6310,
-6815,-18208,6286,
-6677,-18257,6298,
-6475,-18252,6328,
-6265,-18244,6230,
-6165,-18213,6184,
-5908,-18182,6141,
-5695,-18195,6105,
-5511,-18066,6046,
-5366,-17995,5978,
-5128,-17853,5818,
-5054,-17664,5741,
-5022,-17521,5622,
-5048,-17398,5596,
-5074,-17272,5562,
-5132,-17117,5542,
-5143,-16992,5546,
-5231,-16827,5487,
-5354,-16717,5509,
-5447,-16729,5583,
-5625,-16742,5613,
-5721,-16782,5676,
-5863,-16812,5746,
-5926,-16913,5862,
-6061,-16953,6008,
-6175,-17081,6139,
-6224,-17210,6259,
-6359,-17438,6443,
-6477,-17576,6578,
-6488,-17784,6668,
-6631,-18050,6800,
-6696,-18293,6931,
-6770,-18581,7061,
-6798,-18896,7109,
-6990,-19528,7254,
-6927,-19544,7146,
-6946,-19475,8619,
-6793,-20179,7456,
-6626,-20123,6735,
-6609,-20531,6573,
-6798,-21297,6911,
-6611,-21372,6799,
-6338,-21242,6399,
-6181,-21318,6240,
-6105,-21484,6099,
-5927,-21621,6185,
-5803,-21755,6097,
-5627,-21794,5975,
-5466,-21898,5953,
-5282,-21963,5934,
-5015,-22001,5964,
-4734,-22051,6022,
-4507,-22058,6104,
-4134,-22089,6145,
-3854,-22064,6289,
-3485,-22026,6407,
-3113,-22020,6619,
-2777,-22041,6769,
-2484,-21955,6907,
-2093,-21894,7016,
-1828,-21827,7180,
-1527,-21735,7258,
-1088,-21693,7334,
-770,-21595,7391,
-477,-21583,7427,
-128,-21569,7509,
189,-21562,7578,
468,-21553,7559,
773,-21562,7555,
1000,-21516,7454,
1296,-21436,7402,
1641,-21184,7295,
1841,-21185,7322,
2078,-21053,7339,
2215,-20886,7181,
2189,-20852,7084,
2025,-21242,7188,
1549,-21896,7494,
1130,-22514,7727,
718,-22737,7851,
629,-23738,7935,
187,-24044,7626,
-173,-24320,7532,
-374,-24429,7205,
-803,-24825,7182,
-817,-24436,6746,
-601,-23789,5994,
-492,-23092,5635,
-478,-22307,5237,
-514,-21602,5115,
-550,-20952,4934,
-708,-20128,4763,
-865,-19462,4783,
-1073,-18921,4899,
-1337,-18370,5160,
-1619,-18038,5464,
-1832,-17716,5777,
-2195,-17574,6142,
-2353,-17498,6403,
-2492,-17411,6689,
-2668,-17516,6846,
-2810,-17605,7001,
-2979,-17873,7179,
-3131,-18068,7158,
-3280,-18323,7173,
-3499,-18626,7049,
-3656,-18921,6999,
-3976,-19326,7015,
-4249,-19787,6724,
-4521,-20092,6614,
-4807,-20444,6269,
-5135,-20978,6053,
-5393,-21646,5786,
-6029,-21587,5350,
-6192,-22070,5102,
-6424,-22508,4791,
-6681,-22820,4524,
-7057,-23311,4053,
-7290,-23547,3761,
-7542,-23800,3401,
-7601,-23998,3087,
-7691,-24246,2814,
-7768,-24237,2636,
-7799,-24305,2363,
-7720,-24258,2123,
-7600,-24108,1963,
-7433,-24001,1950,
-7364,-23916,2027,
-7159,-23697,2378,
-7066,-23435,2173,
-6993,-22987,2265,
-6910,-22653,2462,
-6814,-22290,2675,
-6731,-21929,2970,
-6696,-21469,3342,
-6755,-21078,3628,
-6674,-20472,4185,
-6566,-20624,4493,
-6682,-20409,4885,
-6840,-20151,5111,
-6817,-19947,5431,
-6869,-19792,5582,
-6997,-19645,5828,
-7138,-19354,5902,
-7175,-19352,5913,
-7262,-19270,6000,
-7357,-19150,5929,
-7376,-19268,4897,
-7621,-19066,5661,
-7757,-19019,5512,
-7804,-18918,5369,
-7851,-18876,5233,
-7978,-18846,5003,
-7983,-18703,4781,
-8000,-18721,4511,
-8026,-18651,4272,
-8102,-18663,4130,
-8101,-18411,3947,
-8033,-18415,3703,
-8110,-18227,3547,
-8149,-18136,3335,
-8235,-17984,3251,
-8286,-17280,3428,
-8369,-17649,2895,
-8398,-17339,3192,
-8363,-17043,2662,
-8506,-16875,2745,
-8477,-16577,2772,
-8595,-16307,2663,
-8672,-16090,2536,
-8701,-15766,2530,
-8673,-15510,2422,
-8713,-14987,2291,
-8702,-14650,2251,
-8666,-14314,2227,
-8651,-13940,2199,
-8606,-13688,2239,
-8619,-13479,2322,
-8617,-13088,2214,
-8566,-12653,2227,
-8559,-12451,1934,
-8675,-12468,2861,
-8537,-12220,2705,
-8615,-11906,2560,
-8729,-11652,2648,
-8690,-11159,2822,
-8809,-11130,2979,
-8989,-10931,3200,
-9035,-10757,3486,
-9205,-10405,3800,
-9189,-10161,3872,
-9179,-9877,4421,
-9151,-9742,4432,
-9064,-9589,4498,
-9127,-9695,4540,
-9104,-9810,4697,
-9158,-10001,4735,
-9205,-10228,4706,
-9283,-10791,4219,
-9296,-11250,4337,
-9226,-12145,4458,
-9288,-12831,4013,
-9224,-13235,3601,
-9016,-13570,3277,
-9136,-13743,2882,
-8970,-13723,2861,
-8907,-13627,2624,
-8746,-13324,2674,
-8687,-13126,2845,
-8604,-12682,3373,
-8394,-11940,3870,
-8197,-11377,4637,
-8013,-11040,5604,
-7687,-10535,6184,
-7441,-10410,6765,
-7173,-10257,7432,
-6833,-10205,7861,
-6595,-10262,8233,
-6245,-10542,8654,
-5998,-10783,9009,
-5870,-11006,9354,
-5832,-11399,9789,
-6004,-11707,9960,
-6214,-12052,10193,
-6618,-12656,10459,
-7087,-13209,10716,
-7553,-13799,10918,
-8062,-14436,11099,
-8390,-14948,11168,
-8696,-15492,11369,
-9057,-16059,11533,
-9241,-16214,11682,
-9297,-16710,11739,
-9845,-17805,12355,
-9858,-18234,12758,
-9405,-18420,13127,
-8994,-18107,12914,
-8967,-18310,13174,
-8645,-18708,13683,
-8050,-18675,13039,
-7622,-18541,13391,
-7576,-18521,13004,
-7175,-18264,12717,
-6837,-18147,12162,
-6572,-18019,11788,
-6367,-18004,11440,
-6168,-18028,10963,
-5948,-18114,10510,
-5793,-18240,10139,
-5624,-18261,9786,
-5290,-18293,9449,
-5152,-18265,9249,
-4994,-17912,9328,
-4711,-17678,8498,
-4946,-15993,5381,
-4272,-18122,8390,
-5791,-21339,7585,
-4287,-18682,9008,
-4373,-18625,9188,
-3991,-18968,8533,
-3272,-15759,6890,
-3027,-18403,12020,
-4119,-18221,7937,
-4346,-18957,9025,
-4202,-18720,8589,
-4533,-17726,9709,
-4594,-18509,8653,
-4804,-18982,8340,
-4507,-19053,8411,
-4334,-18881,8911,
-4438,-19249,8442,
-4171,-19102,8279,
-4118,-19214,7810,
-3950,-19244,7732,
-3978,-19351,7786,
-3885,-19370,7905,
-3505,-19571,6957,
-3310,-19520,6907,
-2981,-19094,7261,
-3063,-19640,5926,
-3011,-18782,5931,
-2168,-19522,6719,
-1803,-19064,7240,
-1943,-19172,6034,
-1528,-18750,6354,
-1522,-18605,6451,
-1242,-18536,6191,
-1140,-18260,6064,
-1287,-18158,6049,
-1430,-18062,6005,
-1557,-18059,6073,
-1947,-17947,5995,
-2205,-18046,5987,
-2632,-18155,6027,
-2952,-18380,6028,
-3194,-18467,6076,
-3460,-18651,6055,
-3818,-18957,6145,
-3966,-19213,6171,
-3940,-19239,6164,
-3909,-19429,6136,
-3878,-19532,6269,
-3684,-19729,6276,
-3483,-19674,6266,
-3172,-19704,6286,
-2778,-19680,6212,
-2353,-19664,6157,
-1955,-19589,6132,
-1376,-19403,6130,
-906,-19302,6037,
-472,-19275,5920,
-45,-19370,5871,
130,-19617,5939,
250,-20086,5995,
423,-20722,6140,
492,-21357,6205,
575,-21868,6264,
653,-22536,6252,
767,-22843,6192,
1061,-23104,6106,
1406,-23035,5784,
1830,-22850,5644,
2179,-22630,5377,
2664,-22275,5219,
3017,-21931,5127,
3387,-21577,4971,
3752,-21021,4960,
3935,-20539,4968,
4039,-19758,5204,
4236,-19768,5130,
3861,-19166,5031,
3525,-18534,5417,
3198,-17989,5512,
2757,-17789,5709,
2094,-17650,6082,
1420,-17654,6166,
846,-17540,6716,
184,-17563,6892,
-444,-17881,6818,
-999,-18144,7097,
-1668,-18451,7137,
-2183,-18730,7178,
-2835,-19078,7010,
-3448,-19706,7398,
-3805,-20346,7333,
-4285,-21035,7109,
-5017,-21915,6967,
-5382,-22472,6696,
-5810,-23044,6372,
-6269,-23716,6023,
-6466,-24228,5753,
-6716,-25038,5149,
-7566,-24952,4702,
-7593,-25201,4672,
-7707,-25601,4184,
-7967,-25752,3625,
-8150,-25794,3295,
-8187,-25788,3006,
-8070,-25850,2595,
-8111,-25843,2407,
-7950,-25765,2249,
-7841,-25576,2148,
-7747,-25356,2080,
-7623,-24942,2088,
-7498,-24720,2119,
-7432,-24484,2233,
-7502,-23774,3506,
-7303,-23637,2349,
-7115,-23378,2717,
-7388,-22563,3271,
-7203,-22853,3744,
-7046,-22493,3791,
-7296,-21831,4146,
-7200,-22752,5050,
-7373,-21468,4652,
-7379,-21302,5121,
-7429,-21089,5477,
-7530,-20842,5701,
-7594,-20595,5950,
-7628,-20497,5769,
-7630,-20201,5922,
-7811,-19977,6023,
-7842,-19992,6099,
-8041,-19775,6153,
-8048,-19699,6007,
-8025,-19655,5771,
-8138,-19388,5793,
-8112,-19472,5424,
-8198,-19337,5003,
-8268,-19315,4663,
-8241,-19190,4576,
-8314,-19192,4281,
-8309,-19077,4004,
-8341,-19094,3848,
-8415,-19040,3652,
-8350,-18971,3207,
-8333,-18726,3139,
-8271,-18682,2928,
-8178,-18324,2588,
-8161,-18216,2404,
-8079,-18174,3176,
-7930,-17758,2042,
-7929,-17499,1986,
-7923,-17504,1596,
-7751,-16863,1472,
-7671,-16660,1324,
-7564,-16451,1261,
-7520,-16158,1061,
-7654,-15765,1459,
-7620,-15627,1082,
-7660,-15389,1136,
-7803,-15215,1183,
-7964,-14977,1086,
-8166,-14850,1126,
-8482,-14692,1335,
-8170,-14011,1014,
-8324,-13347,943,
-8652,-13078,943,
-9059,-13217,1295,
-8901,-12966,1313,
-8894,-12613,1184,
-8988,-12324,984,
-9397,-12305,1146,
-8840,-11649,1212,
-8728,-11197,1016,
-8844,-10980,1078,
-8814,-10881,1435,
-8653,-10751,1803,
-8545,-10707,2011,
-8522,-10656,2225,
-8444,-10548,2497,
-8344,-10543,3030,
-8162,-10639,3319,
-8191,-10834,3675,
-8161,-11103,4028,
-8078,-11492,4520,
-8186,-12077,4807,
-8309,-12490,4988,
-8439,-12960,5193,
-8515,-13248,5049,
-8491,-13414,4957,
-8446,-13394,4942,
-8080,-13655,4276,
-7921,-12933,4856,
-7577,-12539,4617,
-7298,-12178,4558,
-7024,-11763,4677,
-6662,-11193,5155,
-6378,-10785,5612,
-6109,-10449,6122,
-5860,-9988,6679,
-5574,-9657,7338,
-5357,-9442,7739,
-5080,-9241,8681,
-4803,-9170,9596,
-4566,-9260,10093,
-4364,-9348,10772,
-4258,-9441,11012,
-4293,-9807,11348,
-4230,-10023,11758,
-4468,-10529,11637,
-4661,-10911,11504,
-5009,-11259,10922,
-5260,-11953,10937,
-5542,-12514,10427,
-5944,-13298,10137,
-6278,-13725,10362,
-6532,-14852,10389,
-6682,-14953,10271,
-6890,-15469,10277,
-7011,-16104,10559,
-7109,-16545,10575,
-7078,-16790,10858,
-7090,-17347,11125,
-6873,-17597,11143,
-6643,-17880,11383,
-6370,-18081,11608,
-6225,-18126,11638,
-6085,-18233,11853,
-6074,-18282,11736,
-6120,-18452,11518,
-6192,-18370,11488,
-6302,-18323,11462,
-6276,-18304,11154,
-6398,-18453,10884,
-6147,-18266,10617,
-6048,-18314,10397,
-5914,-18327,10211,
-5742,-18257,10114,
-5540,-18240,10154,
-5269,-18206,10170,
-4945,-18248,10180,
-4677,-18228,10259,
-4586,-18365,10320,
-4054,-18182,10340,
-3862,-18079,10654,
-3936,-18315,10804,
-3861,-18443,10909,
-3809,-18567,10937,
-3754,-18597,10910,
-3777,-18649,10877,
-3792,-18840,10764,
-3809,-19007,10718,
-3892,-19099,10792,
-3823,-19153,10526,
-3710,-19485,10478,
-3724,-19737,10252,
-3765,-19704,10157,
-3671,-20024,10272,
-3540,-20373,9966,
-3338,-20624,9973,
-3024,-20730,9658,
-2783,-20765,9512,
-2462,-20817,9188,
-2154,-20679,9217,
-1871,-20554,9278,
-1572,-20548,9222,
-1277,-20380,9243,
-939,-20252,9257,
-563,-20076,9406,
-168,-19947,9392,
140,-19952,9429,
372,-19750,9442,
679,-19199,10154,
1204,-20060,9870,
1425,-19835,9720,
1328,-19417,9763,
1690,-19492,9720,
1917,-21665,8707,
2230,-19573,9457,
2298,-19472,9768,
1954,-19226,9503,
2418,-19094,9885,
2384,-19399,9810,
2285,-19299,9651,
2355,-19180,9600,
2355,-19177,9481,
2519,-19222,9456,
2669,-19215,9559,
2781,-19257,9605,
2862,-19165,9576,
2913,-19171,9607,
2936,-19257,9656,
2913,-19182,9730,
2812,-19228,9617,
2781,-19187,9516,
2616,-19151,9455,
2483,-19148,9306,
2638,-19136,9290,
2204,-19104,8914,
2103,-19206,8925,
1730,-19399,8599,
1257,-20132,9075,
932,-21016,9121,
608,-21646,9308,
571,-22094,8912,
-110,-23137,9147,
-233,-23883,9056,
-83,-23984,8729,
-11,-23928,8443,
-53,-23912,8038,
207,-23631,7705,
286,-23310,7249,
335,-22870,6840,
302,-22455,6511,
313,-22012,6164,
229,-21304,5845,
54,-20737,5715,
-21,-20228,5717,
-318,-19723,5767,
-428,-19253,5984,
-766,-18845,6079,
-1037,-18579,6541,
-1308,-18477,6832,
-1573,-18373,7064,
-1886,-18374,7291,
-2126,-18425,7510,
-2345,-18391,7657,
-2661,-18693,7785,
-2893,-18856,7826,
-3080,-19165,7962,
-3405,-19440,7945,
-3680,-19766,7936,
-4144,-20361,7741,
-4400,-20848,7676,
-4696,-21350,7227,
-5189,-21749,7040,
-5459,-22064,6727,
-5684,-22504,6295,
-6052,-22982,5900,
-6451,-23232,5006,
-6598,-23624,5203,
-6708,-23900,4887,
-6764,-23971,4552,
-6551,-24324,4208,
-7265,-24022,3781,
-7145,-23990,3577,
-6944,-23925,3279,
-6898,-23903,3062,
-6918,-23745,2828,
-6821,-23546,2724,
-6693,-23261,2602,
-6603,-23062,2562,
-6448,-22817,2552,
-6331,-22520,2651,
-6234,-22309,2734,
-6173,-21952,2879,
-6189,-21629,2924,
-6278,-21478,3173,
-6236,-21303,3497,
-6281,-21033,3662,
-6350,-20714,3834,
-6419,-20357,3834,
-6396,-20096,4127,
-6485,-20054,4110,
-6539,-19858,4222,
-6573,-19655,4307,
-6576,-19597,4188,
-6680,-19466,4483,
-6670,-19225,4190,
-6570,-19179,4250,
-6639,-19051,4086,
-6707,-19070,3860,
-6766,-18892,3851,
-6817,-18962,3458,
-6892,-18875,3332,
-6917,-18728,3144,
-7017,-18516,2702,
-7039,-18475,2488,
-6984,-18287,2307,
-6959,-18213,1934,
-6762,-18533,1816,
-6936,-17947,1751,
-6881,-17756,1598,
-6858,-17678,1271,
-6893,-17497,1070,
-6806,-17309,1006,
-6760,-17277,835,
-6723,-17066,713,
-6718,-16921,601,
-6688,-16784,463,
-6787,-16759,297,
-6950,-16733,421,
-6622,-16378,59,
-6771,-15915,-84,
-6765,-15911,-120,
-6853,-15787,-21,
-7004,-15611,178,
-7090,-15387,-38,
-7156,-15040,485,
-7059,-14606,302,
-6873,-14269,304,
-6849,-14005,504,
-6845,-13612,578,
-6940,-13300,812,
-7130,-12991,852,
-7043,-12715,886,
-7041,-12617,1131,
-7206,-12544,1590,
-7375,-12367,1601,
-7397,-12317,1771,
-7580,-12397,2111,
-7863,-12303,2330,
-7973,-12249,2465,
-8103,-12042,2956,
-8206,-11965,2900,
-8295,-11858,3045,
-8457,-11667,2901,
-8521,-11543,2988,
-8586,-11474,3019,
-8585,-11194,3312,
-8658,-11085,3194,
-8840,-11114,3321,
-9215,-11368,3623,
-9333,-11510,3948,
-9434,-11829,4390,
-9409,-12431,4929,
-9328,-12867,5403,
-9179,-13177,6011,
-8731,-13919,6189,
-8260,-14236,6406,
-7798,-14473,6585,
-7346,-14623,6940,
-7112,-14484,7100,
-6816,-14504,7112,
-6597,-14056,7516,
-6464,-13692,7595,
-6404,-13263,8131,
-6176,-12775,8578,
-5914,-12339,9038,
-5773,-11749,9407,
-5595,-11398,9612,
-5431,-11103,9828,
-5120,-10760,10020,
-4870,-10658,9980,
-4639,-10680,9700,
-4268,-11033,9662,
-3860,-11447,9674,
-3484,-11753,9703,
-3159,-12340,9859,
-3124,-12866,9965,
-3141,-13208,9991,
-3223,-13583,10081,
-3454,-13765,10270,
-3775,-14010,10226,
-4127,-14179,10144,
-4440,-14452,10165,
-4813,-14697,10225,
-5257,-14872,10284,
-5555,-15281,10336,
-5884,-15682,10232,
-6082,-16256,10271,
-6210,-16513,10101,
-6136,-16910,9788,
-6243,-17406,9624,
-6111,-17697,9635,
-6092,-17984,9460,
-5889,-18157,9424,
-5702,-18163,9602,
-5587,-18290,9795,
-5233,-18019,9802,
-5297,-17889,10102,
-5222,-18049,10329,
-4748,-17684,10510,
-4434,-17363,10401,
-4451,-17455,10684,
-4074,-17276,10704,
-3681,-16909,10714,
-3417,-16682,10476,
-3374,-16574,10518,
-3332,-16588,10499,
-3273,-16648,10293,
-3264,-16684,10065,
-3257,-16737,9915,
-3075,-16888,9856,
-2987,-17073,9732,
-2953,-17243,9395,
-2870,-17479,10022,
-2835,-17712,9947,
-2917,-17794,9993,
-2851,-18025,9969,
-2880,-18323,10156,
-2901,-18601,10274,
-2902,-18632,10511,
-2858,-18757,10469,
-2902,-19110,10412,
-2957,-19159,10372,
-2947,-18671,10084,
-2973,-19337,10277,
-3213,-19028,9960,
-2580,-19641,10405,
-2600,-19684,10338,
-2606,-19811,10285,
-2421,-19771,10109,
-2273,-19761,9864,
-2169,-19758,9730,
-2119,-19776,9596,
-2054,-19834,9411,
-1999,-19938,9298,
-1946,-20085,9202,
-1851,-20170,9103,
-1657,-20166,8901,
-1451,-20136,8806,
-1262,-20117,8704,
-1023,-20079,8676,
-739,-19985,8658,
-345,-19765,8743,
-43,-19653,8818,
106,-19423,8788,
294,-19202,8780,
457,-19056,8774,
580,-18971,8811,
666,-18861,8862,
695,-18846,8875,
656,-18956,8846,
647,-18997,8800,
680,-19070,8850,
619,-19211,8866,
500,-19259,8858,
508,-19266,8760,
495,-19220,8643,
473,-19320,8499,
417,-19331,8460,
429,-19336,8301,
428,-19312,8176,
486,-19207,8107,
561,-18991,7639,
629,-18880,7422,
711,-18879,7273,
816,-18801,7182,
687,-18899,7121,
492,-19153,7124,
71,-19845,7334,
-249,-20457,7468,
-549,-21026,7686,
-650,-21596,7622,
-1397,-22486,8039,
-1638,-23146,8268,
-1613,-23558,8201,
-1471,-23553,7787,
-1479,-23949,8087,
-1296,-24108,8116,
-1027,-24042,7989,
-758,-23848,7499,
-427,-23554,7190,
-104,-23162,6822,
132,-22901,6568,
379,-22594,6268,
534,-22204,6037,
618,-21628,5755,
606,-21178,5723,
418,-20652,5626,
144,-20033,5499,
-150,-19655,5625,
-497,-19340,5945,
-1311,-18067,5668,
-1059,-19728,6932,
-1448,-19451,6842,
-2238,-19502,7124,
-2530,-19358,7353,
-2813,-19725,7664,
-3247,-20157,7698,
-3675,-20434,7696,
-3980,-20644,7615,
-4357,-20920,7326,
-4635,-21138,7158,
-4938,-21304,6799,
-5223,-21546,6635,
-5463,-21748,6351,
-5754,-22063,5980,
-6037,-22336,5731,
-6299,-22504,5391,
-6566,-22704,5051,
-6889,-22934,4816,
-7118,-23219,4667,
-7340,-23498,4329,
-7481,-23330,3588,
-7592,-23370,3487,
-7556,-23561,3298,
-7934,-23757,2947,
-8118,-23282,2847,
-8012,-23179,2609,
-7901,-23198,2650,
-7951,-23069,2570,
-7963,-22899,2497,
-7894,-22736,2646,
-7854,-22641,2684,
-7843,-22401,2794,
-7761,-22200,2851,
-7677,-22036,2945,
-7522,-21820,3115,
-7315,-21673,3143,
-7105,-21509,3184,
-6949,-21435,3020,
-6861,-21377,2987,
-6815,-21268,3050,
-6629,-21057,3095,
-6654,-21126,3135,
-6634,-21023,3123,
-6716,-20876,3175,
-6848,-20672,3237,
-6976,-20425,3226,
-6919,-20213,3394,
-6991,-19996,3533,
-7157,-19764,3420,
-7279,-19453,3468,
-7346,-19283,3307,
-7535,-18781,3393,
-7516,-18635,3215,
-7513,-18388,3134,
-7580,-18091,3018,
-7557,-17814,2778,
-7340,-17008,2173,
-7493,-16687,1719,
-7793,-16856,1762,
-7952,-16900,1641,
-8103,-16586,1547,
-8298,-16387,1169,
-8417,-16129,1028,
-8630,-15974,1003,
-8924,-15824,1079,
-9179,-15583,1099,
-9322,-15356,1214,
-9516,-15095,1400,
-9570,-14594,1601,
-9758,-14030,1831,
-9999,-13769,2314,
-9983,-13251,2389,
-10305,-12672,2182,
-10656,-12718,2747,
-10404,-12194,2946,
-10514,-11685,3146,
-10601,-11423,3290,
-10554,-11370,3259,
-10722,-10625,3552,
-10690,-10631,3852,
-10285,-10173,3873,
-10228,-10090,4035,
-10455,-9981,4181,
-10477,-10152,4624,
-10558,-10249,4965,
-10656,-10374,5381,
-10751,-10248,5671,
-10619,-10043,6053,
-10531,-9904,6309,
-10481,-9905,6547,
-10328,-9949,6861,
-10219,-9896,6947,
-10077,-9863,7023,
-9927,-9941,7229,
-10080,-10393,6440,
-9910,-10379,7629,
-9973,-10823,7773,
-10159,-11591,7961,
-10049,-12109,7577,
-10252,-12534,8060,
-10115,-13056,8153,
-10073,-13659,8371,
-10040,-13993,8449,
-10363,-12973,12446,
-9396,-14498,6717,
-10374,-15211,7530,
-9757,-14814,8218,
-9069,-14978,6863,
-9192,-15125,7257,
-8914,-14496,7258,
-8411,-14157,6584,
-8015,-13620,6111,
-7713,-13229,6320,
-7281,-13012,6122,
-6974,-12580,6297,
-6395,-12293,6303,
-5770,-12248,6665,
-5217,-12332,7060,
-4722,-12351,7652,
-4376,-12417,8154,
-4071,-12524,8454,
-3886,-12687,8793,
-3846,-12785,9080,
-3899,-12944,9001,
-4118,-13110,8785,
-4345,-13298,8582,
-4524,-13518,8558,
-4907,-13775,8347,
-5233,-13959,8240,
-5649,-14127,8018,
-5907,-13954,7959,
-5663,-14978,8197,
-6028,-15241,7959,
-6268,-15573,8092,
-6009,-15844,8170,
-5727,-16199,8017,
-5491,-16620,8164,
-5253,-17064,8214,
-4905,-17474,8140,
-4623,-17762,8095,
-4301,-17925,8092,
-4002,-18015,8072,
-3765,-18114,8123,
-3628,-18202,8006,
-3322,-18253,8002,
-3138,-18334,8158,
-2862,-18425,8066,
-2530,-18297,8051,
-2256,-18243,7959,
-2043,-18344,7492,
-1754,-17975,7802,
-1474,-18192,7679,
-1388,-18094,7371,
-1318,-17798,7135,
-1308,-17650,6946,
-1407,-17494,6602,
-1608,-17424,6390,
-1790,-17362,6348,
-2084,-17512,6062,
-2344,-17648,6001,
-2516,-17755,5953,
-2813,-17966,5888,
-3043,-18173,5893,
-3208,-18442,6010,
-3221,-18721,6074,
-3067,-19273,6635,
-2897,-19660,6476,
-2842,-19870,6602,
-2772,-19741,6928,
-2922,-20361,7192,
-2632,-21044,7125,
-2605,-21002,7213,
-2320,-20970,7167,
-2038,-21103,7079,
-1948,-20877,7240,
-1659,-21145,7027,
-1537,-21208,7068,
-1484,-21427,6998,
-1319,-21535,7118,
-1077,-21645,7088,
-803,-21634,7199,
-639,-21482,7191,
-419,-21391,7229,
-358,-21272,7167,
-134,-21243,7416,
-35,-21095,7404,
142,-20859,7629,
405,-20635,7876,
620,-20420,8062,
772,-20216,8324,
947,-20123,8731,
1141,-20013,8976,
1333,-20022,9323,
1498,-19912,9606,
1535,-19832,9948,
1588,-19948,10250,
1723,-20105,10653,
1777,-20247,10851,
1924,-20404,11395,
2078,-20464,11624,
2220,-20456,11837,
2440,-20464,11889,
2666,-20610,11130,
2914,-20624,12383,
3164,-20812,12257,
3438,-20829,12127,
3640,-20997,11728,
4177,-21689,11952,
4073,-20866,10927,
4211,-20781,10701,
4348,-20627,10271,
4630,-20427,9870,
4688,-20326,9553,
4908,-19954,9076,
4906,-19974,8808,
4799,-19972,8678,
4272,-20402,8522,
3839,-21339,8679,
3430,-22080,8763,
2985,-22831,8771,
2673,-23264,8669,
2472,-23485,8457,
2262,-23560,8108,
2185,-23425,7809,
2094,-23111,7490,
1902,-22687,7096,
1793,-22247,6764,
1637,-21752,6457,
1403,-21050,6246,
1172,-20497,6039,
703,-19824,5863,
477,-18855,5974,
161,-18686,6250,
-399,-18244,6437,
-1137,-17874,6652,
-1491,-17629,6842,
-1896,-17517,7126,
-2250,-17606,7428,
-2546,-17678,7606,
-2762,-17965,7716,
-2961,-18281,7824,
-3129,-18643,7850,
-3365,-19151,7727,
-3490,-19721,7715,
-3747,-20316,7566,
-3887,-21207,7372,
-3887,-22001,7387,
-4640,-22512,6785,
-4865,-23267,6542,
-4939,-23698,6124,
-5299,-24249,5735,
-5637,-24698,5231,
-5904,-24887,4852,
-6030,-25285,4430,
-6212,-25432,4067,
-6297,-25521,3730,
-6344,-25702,3502,
-6274,-25583,3106,
-6238,-25498,2897,
-6211,-25295,2756,
-6141,-25041,2444,
-6030,-24781,2353,
-5964,-24442,2016,
-5808,-24332,2399,
-5617,-24094,2295,
-5531,-23654,2491,
-5512,-23125,2560,
-5437,-22709,2595,
-5377,-22244,2870,
-5525,-21847,3039,
-5599,-21559,3367,
-5582,-21165,3647,
-5587,-20670,3725,
-6173,-20512,3950,
-6228,-20662,4175,
-6319,-20634,4449,
-6105,-20117,4869,
-6156,-19584,5054,
-6038,-19159,5298,
-6308,-19188,5674,
-6624,-19690,5730,
-6396,-19411,5880,
-6419,-19147,5942,
-6587,-18978,5958,
-6695,-18850,5952,
-6831,-18829,5964,
-6959,-18693,5937,
-7083,-18693,5922,
-7171,-18672,5734,
-7253,-18479,5694,
-7442,-18189,5253,
-7322,-18546,5371,
-7692,-18190,5038,
-7726,-17695,4698,
-7880,-17457,4289,
-7923,-16949,4216,
-7915,-15864,4011,
-8028,-15013,3910,
-8144,-13910,4099,
-8307,-12875,4268,
-8764,-11892,4528,
-9424,-11110,4852,
-9636,-10607,5015,
-9899,-10310,4897,
-9930,-10193,4907,
-9575,-10171,4799,
-9369,-10208,4825,
-8981,-10528,4735,
-8607,-10692,5075,
-8164,-10908,5453,
-7964,-11328,5747,
-7651,-11754,6213,
-7735,-12317,6669,
-8178,-13246,7149,
-8768,-14355,7986,
-9392,-15109,8453,
-9486,-15176,8474,
-9209,-14735,8121,
-8856,-14107,7929,
-8565,-13320,8494,
-8080,-12491,8728,
-7204,-11671,8931,
-6133,-11372,9087,
-4923,-11284,9181,
-4052,-11591,9211,
-4061,-12245,9311,
-4400,-12882,9621,
-5233,-13632,10138,
-6144,-14295,10645,
-7032,-15148,11271,
-7828,-15963,11464,
-8165,-16491,11441,
-8197,-16890,11341,
-7823,-17129,11078,
-7417,-17082,11085,
-6876,-16820,10948,
-6299,-16605,10695,
-5850,-16262,10280,
-5471,-15769,10169,
-5118,-15839,9431,
-4725,-15831,9213,
-4431,-15726,8763,
-4235,-15749,8211,
-4138,-15948,7757,
-4118,-16226,7165,
-4184,-16609,6828,
-4354,-17054,6482,
-4646,-17417,6420,
-4952,-17696,6535,
-5328,-17924,6801,
-5555,-18117,6970,
-5571,-18434,7024,
-5421,-18786,7188,
-5342,-19135,7335,
-5159,-19142,7905,
-5289,-19001,8754,
-5358,-18414,9636,
-5018,-18121,10322,
-4383,-18153,11427,
-3892,-17008,14869,
-2888,-18813,12136,
-2139,-19469,12159,
-1599,-19776,12740,
-648,-19585,13455,
-691,-19500,14280,
351,-19366,15030,
793,-18964,15824,
1346,-18675,15731,
2066,-18427,15469,
2323,-18221,15144,
2123,-18757,15308,
1247,-20216,15677,
542,-21324,15672,
-187,-22234,15458,
-741,-22417,14618,
-1162,-21573,13573,
-1468,-20533,12645,
-2089,-19395,11960,
-2779,-18124,11437,
-3623,-17550,11094,
-4419,-17319,11012,
-5188,-17440,11060,
-5796,-17904,11195,
-6200,-18396,11012,
-6653,-19125,10801,
-7129,-19984,10657,
-7525,-20508,10298,
-8141,-21392,9770,
-8563,-21831,9159,
-8869,-22206,8411,
-9138,-22541,7660,
-9313,-22773,6999,
-9456,-22979,6356,
-9586,-22978,5835,
-9380,-23226,5150,
-9385,-22805,5238,
-8518,-22480,4305,
-9134,-21743,4660,
-8517,-21623,5304,
-8279,-21249,5542,
-8345,-20856,5437,
-8073,-19995,5512,
-7898,-19382,5792,
-8270,-19558,5914,
-8166,-18946,5873,
-8357,-18783,5902,
-8690,-18005,5587,
-8848,-17416,5475,
-9073,-16514,5260,
-9083,-15720,4756,
-9065,-14824,4408,
-9083,-13849,3858,
-9233,-13098,3648,
-9616,-12037,3458,
-10217,-11002,3717,
-10214,-9853,3860,
-10487,-8789,3692,
-10707,-8152,4126,
-10406,-7081,4482,
-10589,-6944,5206,
-10449,-6943,5936,
-10241,-7265,6416,
-10372,-8324,6215,
-10454,-9546,6100,
-10458,-10294,4068,
-9924,-10769,3768,
-9805,-11512,3144,
-9559,-11767,3674,
-9337,-12157,4498,
-8973,-12175,4857,
-8628,-12153,5531,
-8495,-12411,6104,
-8790,-13409,6966,
-8974,-14610,7456,
-8972,-15431,8017,
-8915,-15873,8591,
-8423,-15998,9015,
-7652,-15339,9231,
-6979,-14822,9430,
-6203,-14194,9659,
-5500,-13432,9710,
-5024,-13071,9765,
-4665,-13117,9883,
-4625,-13544,9790,
-4699,-14229,9700,
-4898,-15210,9204,
-5206,-15982,8778,
-5551,-16842,8342,
-5801,-17441,7503,
-6204,-17865,7933,
-6312,-18014,8087,
-6094,-18071,8066,
-5824,-17969,8158,
-5444,-17818,8368,
-5060,-17515,8762,
-4786,-17096,9173,
-4540,-16808,9640,
-4549,-16590,10143,
-4513,-16205,10303,
-4524,-16035,10620,
-4399,-15945,10938,
-4113,-15956,11014,
-3684,-15972,11073,
-3211,-16094,11145,
-2835,-16258,10689,
-2406,-16601,10817,
-2017,-16732,10281,
-1856,-16710,9955,
-1680,-16766,9569,
-1494,-16649,9287,
-1472,-16770,9183,
-1264,-16517,9240,
-1109,-16507,9289,
-958,-16335,9387,
-680,-16218,9430,
-310,-16074,9301,
-38,-16131,9164,
205,-16317,8952,
445,-16655,8638,
429,-16991,8199,
302,-17448,7862,
-195,-17914,7387,
-641,-18196,6835,
-1069,-18505,6587,
-1489,-18995,6730,
-1848,-19473,6861,
-2085,-19830,7405,
-2068,-20106,7119,
-1726,-20256,7265,
-1162,-20084,7179,
-530,-19601,7163,
-17,-19465,7495,
-148,-20298,8333,
-271,-21133,8741,
-1224,-21155,8065,
368,-21782,9291,
436,-20302,9145,
960,-18583,9194,
717,-16810,9331,
555,-15536,9703,
241,-14540,10147,
-232,-14147,10466,
-743,-14326,10622,
-1374,-15252,10548,
-2085,-16667,10366,
-2922,-18816,10079,
-3850,-20368,9517,
-4667,-21790,8860,
-5396,-22732,8244,
-5776,-23255,7862,
-6274,-24065,7516,
-6785,-24506,7160,
-7141,-24649,6879,
-7482,-24689,6653,
-7774,-24877,7024,
-7620,-24114,6144,
-7570,-23192,5964,
-7171,-23187,6079,
-6671,-22162,6166,
-6224,-21285,6177,
-5845,-19995,6372,
-5621,-18926,6759,
-5439,-17928,6826,
-5412,-17165,6936,
-5307,-16373,6719,
-5535,-15889,6718,
-5798,-15239,6582,
-6123,-14849,6503,
-6401,-14481,6130,
-6657,-14021,5532,
-6774,-13831,5089,
-6695,-13638,4583,
-6304,-13391,4177,
-5765,-12994,3589,
-5484,-13014,3163,
-5343,-12982,2966,
-5140,-12307,2830,
-5135,-11326,3187,
-5348,-10828,3423,
-5648,-10606,3291,
-5803,-10202,3187,
-5915,-9777,2986,
-5920,-9445,2965,
-5899,-9514,3277,
-5782,-9506,3747,
-5656,-9663,4604,
-5775,-10105,5573,
-5742,-10555,6294,
-5853,-11029,6333,
-5832,-11365,6258,
-5640,-11913,6379,
-5516,-12589,7048,
-5547,-13361,8287,
-5800,-14458,9695,
-6350,-15609,9815,
-6476,-15923,12982,
-6227,-15699,12614,
-6104,-15183,13145,
-5804,-14981,13441,
-5029,-14273,13350,
-4324,-13451,12731,
-3425,-13205,12509,
-2575,-12820,11601,
-1920,-12908,11035,
-1520,-13244,10928,
-1237,-13796,11069,
-1177,-14397,11382,
-1486,-14971,11458,
-1719,-15554,11498,
-1955,-16291,11187,
-2012,-17170,10860,
-1953,-18121,10503,
-1978,-18954,9900,
-2053,-19649,9484,
-2576,-19940,8987,
-2164,-20237,8954,
-2196,-19651,8449,
-2086,-19374,8593,
-2048,-18721,8563,
-1667,-18274,8591,
-1381,-17923,8828,
-986,-17587,8961,
-764,-17276,9100,
-482,-17198,9082,
-436,-16932,8944,
-323,-16909,8843,
-181,-16829,8906,
-228,-16801,8807,
-355,-16872,8830,
-368,-16891,8743,
-470,-16943,8721,
-421,-16932,8546,
-395,-16974,8449,
-207,-16975,8316,
-46,-17183,8067,
170,-17401,7740,
349,-17348,7369,
504,-17347,7139,
801,-17147,6806,
1012,-16822,7330,
1181,-16641,7660,
1273,-16716,7948,
1384,-16968,8336,
1484,-17310,8578,
1712,-17712,8601,
1853,-18044,8399,
1950,-18227,8215,
2018,-18298,7967,
1987,-18057,7555,
1996,-17726,7365,
1584,-17492,7422,
425,-18481,8082,
-523,-19793,8780,
-1190,-21044,9136,
-1156,-21867,9312,
-888,-21397,8757,
-126,-20232,8271,
303,-18969,7682,
556,-18077,7261,
446,-17297,7277,
31,-16754,7636,
-510,-16826,8273,
-939,-17177,8822,
-1295,-18029,9256,
-1786,-19100,9309,
-2077,-19841,9136,
-2715,-21029,8780,
-3224,-21518,8015,
-3785,-21881,7165,
-4325,-22279,6735,
-4848,-22718,6389,
-5278,-23131,6026,
-5514,-23291,5758,
-5617,-23245,5495,
-5497,-22988,5415,
-5134,-22398,5535,
-5021,-21983,5667,
-4470,-21107,5902,
-4200,-20268,6253,
-4030,-19369,6619,
-3964,-18944,6971,
-4054,-18034,7161,
-4352,-17723,7264,
-4492,-17297,7328,
-4836,-16907,7190,
-5035,-15753,8607,
-5012,-16562,6433,
-5296,-16526,6170,
-5329,-16285,5871,
-5421,-16006,5681,
-5535,-15665,5464,
-5457,-15418,5449,
-5573,-14968,5347,
-5625,-14639,5353,
-5716,-14304,5271,
-5797,-13959,5315,
-5956,-13623,5277,
-6216,-13229,4990,
-6283,-13122,5114,
-6413,-12843,5076,
-6676,-12509,4597,
-6884,-12332,4545,
-7184,-12180,4630,
-7436,-12080,4950,
-7499,-11998,5217,
-7413,-11975,5160,
-7089,-11800,5184,
-6621,-11653,4744,
-6007,-11455,4832,
-5971,-11204,4570,
-6418,-11548,4829,
-7203,-12379,5147,
-8166,-13394,5645,
-8895,-13897,6024,
-9107,-13874,6289,
-8785,-13455,6394,
