-4070,-15114,5292,
-4134,-15176,5300,
-4187,-15081,5359,
-4163,-15070,5296,
-4196,-15033,5255,
-4212,-14992,5260,
-4192,-15025,5315,
-4202,-15068,5344,
-4214,-15022,5377,
-4233,-14975,5353,
-4253,-15027,5322,
-4271,-15028,5386,
-4218,-14987,5360,
-4202,-14984,5347,
-4253,-14965,5357,
-4215,-14976,5403,
-4189,-15000,5410,
-4191,-15024,5425,
-4157,-14996,5419,
-4143,-14961,5424,
-4171,-14960,5390,
-4184,-15017,5402,
-4139,-15040,5383,
-4097,-15014,5363,
-4131,-15036,5353,
-4100,-15027,5338,
-4058,-15059,5372,
-4061,-15064,5384,
-4026,-15053,5349,
-4040,-15051,5321,
-4032,-15094,5329,
-4017,-15053,5357,
-3979,-15064,5328,
-3991,-15038,5329,
-4023,-15093,5363,
-4026,-15052,5333,
-4019,-15035,5352,
-4031,-15044,5319,
-4010,-15053,5348,
-4069,-15134,5364,
-4062,-15109,5373,
-4097,-15130,5408,
-4126,-15180,5427,
-4122,-15198,5398,
-4125,-15162,5355,
-4121,-15085,5327,
-4127,-15144,5315,
-4170,-15172,5313,
-4111,-15189,5277,
-4124,-15115,5205,
-4116,-15081,5144,
-4074,-15077,5160,
-4052,-15030,5176,
-4036,-15015,5196,
-4032,-15024,5197,
-4014,-14970,5197,
-3984,-14999,5283,
-3977,-15009,5338,
-4018,-14963,5450,
-3966,-14974,5472,
-3994,-14973,5431,
-3971,-14988,5463,
-3971,-14987,5483,
-3979,-14960,5505,
-3995,-14966,5390,
-4010,-14985,5371,
-4012,-15026,5365,
-4036,-15024,5327,
-4058,-15054,5270,
-4046,-15091,5289,
-4115,-15161,5303,
-4132,-15143,5265,
-4116,-15130,5190,
-4110,-15175,5170,
-4069,-15187,5167,
-4061,-15122,5132,
-4079,-15151,5203,
-4019,-15163,5221,
-3996,-15197,5220,
-3969,-15194,5197,
-3936,-15160,5179,
-3930,-15177,5221,
-3930,-15171,5237,
-3897,-15203,5262,
-3924,-15212,5252,
-3968,-15176,5264,
-3944,-15180,5278,
-3928,-15125,5256,
-3953,-15144,5267,
-3967,-15098,5283,
-4044,-15166,5287,
-4017,-15173,5294,
-4013,-15156,5204,
-3957,-15122,5185,
-4014,-15123,5207,
-3963,-15139,5228,
-3963,-15143,5270,
-3940,-15118,5262,
-3896,-15160,5258,
-3913,-15098,5270,
-3904,-15084,5299,
-3953,-15106,5311,
-3919,-15076,5339,
-3966,-15097,5326,
-4021,-15095,5316,
-4021,-15075,5291,
-4005,-15069,5286,
-4027,-15131,5300,
-4051,-15145,5295,
-4098,-15114,5281,
-4102,-15128,5246,
-4112,-15102,5232,
-4195,-15157,5178,
-4185,-15139,5195,
-4164,-15178,5159,
-4145,-15169,5121,
-4152,-15128,5171,
-4160,-15192,5127,
-4200,-15159,5170,
-4169,-15179,5141,
-4159,-15195,5197,
-4152,-15182,5224,
-4168,-15210,5198,
-4152,-15243,5253,
-4178,-15210,5258,
-4151,-15144,5295,
-4155,-15199,5263,
-4153,-15213,5279,
-4133,-15140,5308,
-4150,-15150,5342,
-4145,-15205,5300,
-4137,-15162,5350,
-4100,-15128,5369,
-4105,-15158,5337,
-4096,-15168,5348,
-4073,-15141,5344,
-4057,-15111,5354,
-4030,-15098,5361,
-4009,-15101,5353,
-4080,-15074,5354,
-4080,-15097,5354,
-4076,-15088,5362,
-4116,-15082,5325,
-4119,-15042,5323,
-4098,-15013,5354,
-4072,-14997,5355,
-4090,-15005,5332,
-4115,-15006,5354,
-4185,-15008,5385,
-4161,-15042,5419,
-4211,-15052,5397,
-4168,-15012,5384,
-4191,-14991,5391,
-4236,-15061,5352,
-4247,-15003,5304,
-4215,-15061,5251,
-4241,-15068,5255,
-4246,-15074,5247,
-4181,-15063,5233,
-4132,-15015,5208,
-4195,-15034,5164,
-4182,-15027,5189,
-4154,-15036,5204,
-4106,-15055,5250,
-4118,-14986,5219,
-4085,-15010,5278,
-4077,-15012,5270,
-4087,-15027,5341,
-4090,-15042,5331,
-4129,-15063,5355,
-4107,-15043,5310,
-4121,-15047,5254,
-4125,-15046,5223,
-4129,-15046,5221,
-4157,-15028,5210,
-4179,-15093,5180,
-4149,-15097,5117,
-4210,-15075,5127,
-4174,-15103,5064,
-4227,-15138,4985,
-4180,-15124,5020,
-4145,-15154,5062,
-4195,-15140,5031,
-4153,-15152,5051,
-4117,-15194,5024,
-4093,-15214,5078,
-4034,-15240,5116,
-4044,-15227,5141,
-4024,-15269,5124,
-4020,-15293,5106,
-4048,-15290,5048,
-4046,-15282,5049,
-4056,-15275,5045,
-4061,-15277,5025,
-4064,-15239,5027,
-4096,-15237,5050,
-4111,-15223,5100,
-4125,-15210,5025,
-4175,-15185,5075,
-4156,-15170,5002,
-4130,-15131,5020,
-4139,-15123,5020,
-4079,-15123,5066,
-4071,-15110,5050,
-4051,-15079,5096,
-4041,-15089,5098,
-4029,-15073,5138,
-4024,-15124,5152,
-4045,-15110,5162,
-4108,-15128,5178,
-4067,-15094,5174,
-4089,-15077,5163,
-4055,-15100,5148,
-4094,-15060,5193,
-4073,-15101,5178,
-4049,-15070,5211,
-4073,-15077,5263,
-4067,-15118,5239,
-4049,-15139,5247,
-4039,-15147,5260,
-4044,-15116,5244,
-4053,-15184,5275,
-4072,-15283,5255,
-4094,-15326,5190,
-4103,-15278,5260,
-4066,-15253,5186,
-4091,-15284,5154,
-4072,-15314,5192,
-4054,-15257,5219,
-4003,-15276,5222,
-4059,-15241,5243,
-4053,-15352,5178,
-4032,-15306,5267,
-4041,-15254,5334,
-4029,-15257,5326,
-3984,-15262,5344,
-3971,-15206,5383,
-3997,-15199,5363,
-3989,-15210,5382,
-4034,-15239,5360,
-3964,-15212,5402,
-3960,-15200,5391,
-4005,-15168,5327,
-4025,-15154,5327,
-4006,-15130,5294,
-4024,-15166,5303,
-4032,-15149,5342,
-4029,-15143,5293,
-4075,-15103,5333,
-4091,-15104,5343,
-4130,-15112,5345,
-4091,-15083,5337,
-4134,-15023,5335,
-4093,-15063,5347,
-4119,-15063,5374,
-4121,-15099,5324,
-4142,-15107,5344,
-4126,-15104,5385,
-4155,-15127,5372,
-4172,-15128,5379,
-4122,-15151,5333,
-4166,-15161,5329,
-4138,-15161,5357,
-4168,-15191,5307,
-4207,-15239,5277,
-4178,-15234,5275,
-4221,-15172,5194,
-4123,-15174,5206,
-4116,-15114,5210,
-4126,-15092,5212,
-4078,-15096,5203,
-4068,-15099,5290,
-4019,-15052,5327,
-4021,-15007,5331,
-4021,-15034,5317,
-4032,-15006,5444,
-4000,-15017,5421,
-4042,-15000,5436,
-4054,-14992,5391,
-4073,-15001,5439,
-4094,-15015,5381,
-4112,-15064,5385,
-4096,-15034,5323,
-4140,-15028,5270,
-4159,-15054,5240,
-4136,-15071,5220,
-4185,-15085,5203,
-4142,-15072,5178,
-4172,-15130,5170,
-4197,-15131,5148,
-4182,-15066,5165,
-4172,-15157,5131,
-4181,-15132,5179,
-4213,-15191,5154,
-4147,-15199,5132,
-4132,-15208,5108,
-4121,-15214,5085,
-4154,-15207,5066,
-4108,-15197,5036,
-4103,-15188,5058,
-4107,-15166,5044,
-4104,-15150,5084,
-4092,-15137,5055,
-4098,-15126,5073,
-4112,-15126,5025,
-4105,-15140,5036,
-4133,-15163,5068,
-4140,-15122,5050,
-4167,-15142,5060,
-4163,-15159,4985,
-4195,-15148,5014,
-4176,-15213,4963,
-4128,-15158,4961,
-4171,-15084,4885,
-4141,-15077,4896,
-4141,-15114,4961,
-4109,-15089,4959,
-4123,-15057,4992,
-4144,-15015,5013,
-4120,-14986,4988,
-4144,-14993,5093,
-4167,-15053,5110,
-4207,-15044,5127,
-4168,-15000,5109,
-4171,-15021,5111,
-4158,-15055,5124,
-4145,-15099,5136,
-4159,-15106,5164,
-4171,-15133,5146,
-4167,-15195,5114,
-4132,-15173,5155,
-4126,-15225,5080,
-4127,-15224,5148,
-4101,-15263,5139,
-4110,-15241,5084,
-4075,-15254,5130,
-4062,-15214,5123,
-4062,-15241,5086,
-4018,-15227,5124,
-4022,-15225,5169,
-4028,-15204,5196,
-4008,-15180,5180,
-3993,-15149,5230,
-3996,-15157,5231,
-4021,-15184,5280,
-4012,-15190,5280,
-4014,-15210,5276,
-4034,-15202,5264,
-4001,-15183,5214,
-4035,-15203,5218,
-3997,-15206,5288,
-4014,-15145,5266,
-4001,-15186,5262,
-4010,-15185,5246,
-3962,-15129,5302,
-3958,-15152,5280,
-3953,-15104,5308,
-3982,-15104,5345,
-4037,-15082,5324,
-4038,-15107,5320,
-4049,-15104,5360,
-4096,-15080,5334,
-4079,-15094,5274,
-4079,-15106,5283,
-4121,-15148,5256,
-4141,-15173,5261,
-4146,-15180,5239,
-4202,-15195,5280,
-4203,-15188,5248,
-4192,-15185,5273,
-4175,-15170,5232,
-4175,-15173,5243,
-4166,-15202,5218,
-4167,-15208,5227,
-4132,-15203,5194,
-4123,-15212,5152,
-4085,-15172,5129,
-4063,-15134,5153,
-4063,-15150,5184,
-4005,-15127,5192,
-3993,-15080,5208,
-4002,-15127,5235,
-4039,-15193,5251,
-4062,-15128,5257,
-4100,-15124,5236,
-4096,-15137,5292,
-4109,-15102,5283,
-4142,-15088,5350,
-4183,-15114,5328,
-4194,-15100,5330,
-4182,-15065,5343,
-4156,-15039,5245,
-4155,-15024,5220,
-4177,-15011,5204,
-4188,-15046,5197,
-4204,-14991,5160,
-4239,-14987,5128,
-4253,-15010,5098,
-4220,-15031,5140,
-4221,-14980,5103,
-4220,-15042,5120,
-4251,-15036,5144,
-4173,-15046,5173,
-4175,-15039,5121,
-4179,-15034,5148,
-4154,-15042,5156,
-4150,-15026,5190,
-4174,-15100,5220,
-4143,-15087,5224,
-4151,-15057,5223,
-4186,-15027,5208,
-4193,-15037,5207,
-4209,-15032,5167,
-4203,-15037,5245,
-4208,-15022,5259,
-4223,-15049,5263,
-4204,-15073,5307,
-4244,-15058,5319,
-4159,-15048,5297,
-4182,-15079,5288,
-4143,-15045,5352,
-4107,-15065,5334,
-4074,-15101,5346,
-4123,-15092,5387,
-4044,-15105,5381,
-4080,-15119,5380,
-4034,-15064,5437,
-4031,-15114,5419,
-4057,-15153,5461,
-4054,-15162,5437,
-4045,-15191,5442,
-4079,-15166,5460,
-4071,-15196,5374,
-4064,-15200,5354,
-4097,-15212,5364,
-4107,-15278,5347,
-4097,-15218,5251,
-4074,-15169,5276,
-4097,-15216,5246,
-4068,-15208,5262,
-4095,-15201,5174,
-4154,-15182,5252,
-4107,-15178,5235,
-4080,-15185,5256,
-4104,-15179,5244,
-4104,-15123,5212,
-4109,-15103,5233,
-4111,-15089,5257,
-4067,-15097,5250,
-4075,-15083,5219,
-4106,-15063,5284,
-4118,-15088,5244,
-4137,-15125,5227,
-4136,-15087,5260,
-4125,-15122,5236,
-4161,-15135,5234,
-4180,-15157,5231,
-4142,-15136,5205,
-4153,-15163,5217,
-4140,-15154,5181,
-4113,-15148,5187,
-4113,-15168,5158,
-4075,-15157,5158,
-4088,-15164,5202,
-4091,-15101,5152,
-4095,-15109,5149,
-4094,-15113,5169,
-4120,-15110,5154,
-4106,-15108,5216,
-4101,-15090,5159,
-4112,-15087,5154,
-4096,-15105,5098,
-4061,-15104,5096,
-4088,-15152,5099,
-4127,-15151,5090,
-4142,-15124,5126,
-4108,-15151,5109,
-4150,-15128,5139,
-4155,-15143,5088,
-4159,-15064,5135,
-4147,-15150,5120,
-4175,-15139,5141,
-4185,-15216,5111,
-4168,-15158,5122,
-4191,-15167,5093,
-4181,-15141,5103,
-4144,-15130,5064,
-4118,-15178,5093,
-4091,-15178,5084,
-4080,-15163,5116,
-4059,-15116,5129,
-4066,-15085,5172,
-4060,-15108,5188,
-4056,-15087,5238,
-4049,-15071,5323,
-4057,-15057,5294,
-4055,-15053,5326,
-4068,-15041,5317,
-4068,-15023,5304,
-4059,-15037,5296,
-4086,-15037,5284,
-4130,-15065,5288,
-4124,-15059,5228,
-4163,-15082,5193,
-4178,-15160,5148,
-4151,-15139,5159,
-4198,-15159,5161,
-4200,-15185,5150,
-4189,-15206,5124,
-4168,-15193,5173,
-4173,-15204,5160,
-4156,-15255,5162,
-4157,-15237,5178,
-4185,-15257,5166,
-4127,-15240,5169,
-4119,-15268,5193,
-4106,-15300,5134,
-4061,-15246,5189,
-4062,-15207,5194,
-4025,-15252,5229,
-4039,-15225,5192,
-4057,-15218,5229,
-4065,-15187,5245,
-4036,-15171,5234,
-4035,-15174,5266,
-4098,-15165,5308,
-4057,-15195,5267,
-4082,-15189,5322,
-4119,-15174,5273,
-4067,-15146,5277,
-4141,-15155,5212,
-4095,-15168,5225,
-4059,-15136,5236,
-4118,-15112,5282,
-4102,-15101,5287,
-4062,-15076,5295,
-4119,-15076,5316,
-4131,-15011,5328,
-4138,-15016,5348,
-4154,-15035,5341,
-4148,-15020,5363,
-4141,-15036,5347,
-4138,-15060,5364,
-4125,-15005,5332,
-4136,-15022,5371,
-4132,-15020,5359,
-4166,-15022,5386,
-4197,-15018,5343,
-4163,-15035,5332,
-4146,-15003,5304,
-4109,-15032,5305,
-4159,-15038,5318,
-4120,-15035,5297,
-4110,-15091,5325,
-4106,-15067,5317,
-4110,-15088,5331,
-4104,-15082,5344,
-4095,-15099,5306,
-4079,-15082,5310,
-4078,-15066,5264,
-4082,-15120,5276,
-4067,-15086,5284,
-4092,-15155,5294,
-4046,-15186,5318,
-4127,-15169,5247,
-4084,-15144,5229,
-4107,-15149,5198,
-4121,-15140,5188,
-4085,-15150,5198,
-4098,-15144,5147,
-4077,-15100,5176,
-4076,-15121,5206,
-4095,-15037,5211,
-4090,-15035,5233,
-4113,-15004,5252,
-4132,-14991,5260,
-4130,-14933,5275,
-4136,-14935,5302,
-4221,-14889,5280,
-4283,-14872,5311,
-4248,-14867,5180,
-4350,-14818,5132,
-4361,-14881,5096,
-4460,-14815,5171,
-4450,-14946,5195,
-4395,-14931,5121,
-4283,-14981,5246,
-4024,-14925,5007,
-4144,-14946,4853,
-4238,-15078,5003,
-4184,-15027,5023,
-4291,-15061,5097,
-4367,-15042,5060,
-4348,-15092,4833,
-4352,-15037,4693,
-4154,-14925,4776,
-5292,-15544,4559,
-4090,-15361,5269,
-4038,-15502,5301,
-4219,-15427,5180,
-4195,-15050,5146,
-4165,-15059,5083,
-4196,-15007,5194,
-4290,-14977,5042,
-4239,-15037,5111,
-4643,-14683,4538,
-3793,-15365,5849,
-4125,-15858,5917,
-4136,-15336,5703,
-4108,-14779,5116,
-4059,-15199,5403,
-3975,-15119,5470,
-3944,-15084,5369,
-3903,-15072,5406,
-3958,-15106,5424,
-3964,-15099,5461,
-4013,-15132,5354,
-4037,-15144,5342,
-4023,-15205,5283,
-4053,-15232,5235,
-3975,-15212,5167,
-3969,-15111,5467,
-4002,-15248,5253,
-3969,-15183,5230,
-4038,-14957,4718,
-4015,-15015,5143,
-4132,-15059,5006,
-4170,-15042,5156,
-4099,-15089,5147,
-4102,-15158,5241,
-4073,-15128,5310,
-3995,-15129,5264,
-3988,-15114,5221,
-3942,-15154,5311,
-3982,-15205,5387,
-4041,-15181,5342,
-4062,-15132,5298,
-3964,-15052,5262,
-3996,-15114,5285,
-3998,-15047,5400,
-3988,-15033,5431,
-3983,-15080,5467,
-3969,-15076,5458,
-3952,-15046,5459,
-4074,-15115,5475,
-4081,-15107,5446,
-4101,-15139,5394,
-4145,-15171,5389,
-4170,-15120,5327,
-4169,-15149,5259,
-4193,-15153,5243,
-4234,-15210,5246,
-4262,-15223,5215,
-4275,-15253,5147,
-4325,-15236,5086,
-4303,-15196,5022,
-4348,-15202,5023,
-4372,-15148,5013,
-4322,-15157,5068,
-4322,-15168,5127,
-4277,-15188,5085,
-4253,-15165,5100,
-4213,-15218,5094,
-4166,-15190,5141,
-4172,-15166,5190,
-4120,-15129,5179,
-4116,-15143,5176,
-4122,-15147,5203,
-4102,-15089,5196,
-4104,-15086,5188,
-4078,-15065,5228,
-4063,-15079,5268,
-4018,-15084,5278,
-4062,-15095,5279,
-4056,-15075,5255,
-4018,-15085,5221,
-3994,-15065,5244,
-3994,-15060,5270,
-4065,-15084,5256,
-4017,-15111,5207,
-4043,-15086,5124,
-4006,-15112,5118,
-4069,-15041,5022,
-4058,-15077,5019,
-4045,-15099,4996,
-4067,-15119,5034,
-4031,-15158,5092,
-4067,-15150,5121,
-4106,-15125,5119,
-4062,-15113,5079,
-4101,-15133,5066,
-4146,-15170,5099,
-4144,-15162,5119,
-4164,-15124,5120,
-4185,-15101,5158,
-4238,-15141,5157,
-4254,-15160,5201,
-4305,-15152,5101,
-4326,-15123,5086,
-4354,-15186,5032,
-4383,-15210,4972,
-4371,-15222,4966,
-4380,-15226,4890,
-4345,-15172,4866,
-4332,-15196,4868,
-4325,-15155,4820,
-4286,-15149,4779,
-4283,-15136,4787,
-4240,-15171,4942,
-4247,-15179,4995,
-4272,-15132,5021,
-4231,-15114,5105,
-4210,-15106,5164,
-4199,-15137,5246,
-4192,-15158,5335,
-4231,-15214,5319,
-4290,-15176,5301,
-4319,-15165,5207,
-4340,-15161,5184,
-4349,-15208,5109,
-4321,-15159,5165,
-4314,-15117,5256,
-4213,-14933,5493,
-4010,-14846,5104,
-4250,-15238,4771,
-4220,-15053,4998,
-4202,-14956,5227,
-4195,-14820,5074,
-4213,-14792,5344,
-4200,-15098,5183,
-4314,-14955,5559,
-4257,-15044,5224,
-4272,-14994,5236,
-4262,-15025,4961,
-4230,-15068,5108,
-4168,-15001,5163,
-4190,-14978,5227,
-4132,-14999,5252,
-4159,-15009,5330,
-4169,-15043,5291,
-4178,-14996,5267,
-4143,-15027,5247,
-4160,-15116,5381,
-4293,-15282,5491,
-4342,-15341,5388,
-4362,-15332,5325,
-4348,-15313,5146,
-4390,-15285,5109,
-4384,-15241,5094,
-4293,-15221,5075,
-4340,-15055,4932,
-4307,-15122,4965,
-4498,-15560,5177,
-4374,-15014,5218,
-4376,-14974,5368,
-4739,-15903,4794,
-4439,-15094,5214,
-4447,-14745,4929,
-4524,-14699,5259,
-4484,-14681,5460,
-4396,-14850,5398,
-4432,-14770,5460,
-4457,-14755,5423,
-4427,-14712,5395,
-4362,-14766,5401,
-4388,-14854,5403,
-4372,-14845,5364,
-4373,-14958,5309,
-4421,-15049,5331,
-4470,-15138,5207,
-4445,-15110,5113,
-4483,-15081,5088,
-4609,-15308,5161,
-4562,-15393,5179,
-4537,-15320,5135,
-4602,-15274,5114,
-4624,-15427,4931,
-4634,-15467,4850,
-4469,-15009,4793,
-4369,-15072,5006,
-4434,-15082,4938,
-4403,-15207,4917,
-4377,-15323,5348,
-4391,-15136,4963,
-4343,-14891,5107,
-4378,-14919,5166,
-4382,-15007,5225,
-4326,-15034,5315,
-4336,-15057,5328,
-4401,-15032,5307,
-4347,-15020,5258,
-4409,-14974,5174,
-4433,-14802,5110,
-4419,-14998,5169,
-4416,-15110,5231,
-4483,-15036,5178,
-4463,-14876,5053,
-4436,-14852,5076,
-4469,-14891,5115,
-4445,-14974,5117,
-4426,-14990,5161,
-4415,-14987,5124,
-4496,-14983,5104,
-4523,-15128,5098,
-4650,-15415,5076,
-4710,-15647,5300,
-4872,-15914,4905,
-4957,-15773,4565,
-4915,-15486,4513,
-4841,-15456,4641,
-4809,-15507,5086,
-4786,-15455,4341,
-4830,-15372,4536,
-4798,-15051,5623,
-4466,-15372,4436,
-4619,-15153,4529,
-4852,-15222,4868,
-4858,-15093,4838,
-4938,-14656,4832,
-4890,-14557,5009,
-4795,-14756,5121,
-4715,-14577,5046,
-4626,-14403,5304,
-4607,-14305,5450,
-4519,-14241,5722,
-4487,-14275,5973,
-4460,-14284,6031,
-4468,-14289,5992,
-4491,-14274,5994,
-4561,-14407,5896,
-4721,-14468,5702,
-4937,-14731,5662,
-5193,-15222,5582,
-5482,-15643,5192,
-5465,-15463,4822,
-5485,-15475,4815,
-5425,-15301,4027,
-5462,-15132,3852,
-5280,-15274,4025,
-5141,-15356,3958,
-5045,-15421,4126,
-4981,-15181,4109,
-4828,-15134,4375,
-4837,-15192,4383,
-4801,-15247,4498,
-4783,-15211,4574,
-4701,-15151,4685,
-4644,-15123,4757,
-4579,-15149,4927,
-4579,-15250,5107,
-4697,-15340,5101,
-4781,-15113,5045,
-4942,-14983,5111,
-4950,-14883,5510,
-4970,-14981,5296,
-5132,-15107,5439,
-5099,-15043,5549,
-5058,-14745,5004,
-5169,-14764,5103,
-5176,-14848,5231,
-5186,-14971,5233,
-5274,-15138,5119,
-5241,-15198,5502,
-5290,-15112,4781,
-5278,-15019,4727,
-5247,-14923,4706,
-5243,-14925,4836,
-5230,-14981,4919,
-5223,-14810,4892,
-5203,-14661,4942,
-5200,-14704,4902,
-5231,-14681,4949,
-5190,-14750,5119,
-5182,-14774,5424,
-5171,-14738,4829,
-5314,-14947,5034,
-5252,-14961,5151,
-5223,-14996,5248,
-5213,-15054,5307,
-5281,-15036,5270,
-5277,-14963,5268,
-5221,-14980,5302,
-5277,-15237,5373,
-5406,-14986,5190,
-5416,-14790,4834,
-5250,-14930,4894,
-5306,-14916,4862,
-5297,-15003,4794,
-5281,-15150,4836,
-5219,-15126,4691,
-5265,-15094,4747,
-5150,-15071,4698,
-5072,-15107,4620,
-5073,-15095,4672,
-5114,-15026,4686,
-5100,-14954,4767,
-5096,-14963,5083,
-5163,-14956,4911,
-5090,-15118,4593,
-5121,-15022,4773,
-5178,-14985,4787,
-5189,-15012,4827,
-5240,-15047,4861,
-5294,-15071,4815,
-5303,-15175,4880,
-5409,-15248,4869,
-5429,-15180,4711,
-5410,-15053,4542,
-5448,-15052,4501,
-5382,-15165,4633,
-5293,-15123,4665,
-5342,-15134,4546,
-5244,-15130,4689,
-5330,-15186,4516,
-5359,-15230,4760,
-5424,-15256,4753,
-5290,-15125,4840,
-5352,-15046,4767,
-5213,-14823,4694,
-5194,-14914,5012,
-5004,-14905,4843,
-4937,-14747,5010,
-4874,-14779,5085,
-4808,-14723,5114,
-4761,-14734,5177,
-4787,-14724,5219,
-4807,-14770,5180,
-4775,-14786,5210,
-4727,-14755,5137,
-4714,-14784,5124,
-4683,-14848,5090,
-4746,-14871,5012,
-4732,-14919,5094,
-4746,-14921,5171,
-4732,-14860,5048,
-4772,-14876,5074,
-4820,-15097,5119,
-4776,-15262,5161,
-4844,-15203,5054,
-4863,-15229,5111,
-4861,-15200,4983,
-4912,-15194,4920,
-4884,-15290,4906,
-4862,-15379,4891,
-4852,-15345,4857,
-4746,-15360,4885,
-4745,-15366,4876,
-4675,-15411,4918,
-4624,-15469,4993,
-4629,-15510,4985,
-4577,-15503,4968,
-4605,-15492,4999,
-4649,-15474,4964,
-4652,-15423,4911,
-4692,-15271,4881,
-4683,-15238,4776,
-4688,-15204,4803,
-4662,-15179,4833,
-4638,-15103,4833,
-4639,-15042,4912,
-4760,-15105,4813,
-4706,-15034,5009,
-4463,-14554,4791,
-4647,-14692,4766,
-4750,-14953,4859,
-4747,-15005,4900,
-4769,-14986,4839,
-4752,-15020,4820,
-4741,-15023,4828,
-4741,-15013,4834,
-4814,-14987,4797,
-4874,-14972,4733,
-4798,-14976,4724,
-4789,-14994,4679,
-4771,-15019,4739,
-4771,-14996,4673,
-4782,-14972,4660,
-4775,-15024,4655,
-4787,-14993,4709,
-4752,-15055,4688,
-4743,-15188,4852,
-4716,-15195,4785,
-4703,-15137,4786,
-4776,-15137,4798,
-4720,-15175,4786,
-4742,-15241,4740,
-4756,-15232,4840,
-4819,-15364,4923,
-4865,-15274,4742,
-4809,-15238,4887,
-4844,-15233,4919,
-4855,-15255,4897,
-4866,-15167,4808,
-4868,-15172,4820,
-4855,-15163,4840,
-4855,-15159,4903,
-4829,-15146,4935,
-4801,-15128,4938,
-4767,-15068,5003,
-4844,-15045,4998,
-4826,-15047,4965,
-4843,-15129,5016,
-4838,-15046,5012,
-4871,-15077,4999,
-4793,-15065,5034,
-4781,-15042,5050,
-4760,-15036,5046,
-4716,-14984,5048,
-4703,-14986,5041,
-4743,-15009,5052,
-4701,-15000,5040,
-4677,-14988,5005,
-4710,-15073,5116,
-4772,-14942,5032,
-4816,-14977,5035,
-4733,-15034,5024,
-4678,-15040,5061,
-4698,-15086,5026,
-4667,-15127,4992,
-4649,-15072,5036,
-4675,-15079,5055,
-4608,-15105,5047,
-4651,-14997,5007,
-4606,-14975,5079,
-4682,-15201,5294,
-4616,-15202,5251,
-4699,-15192,5226,
-4636,-15161,5149,
-4608,-15113,5089,
-4591,-15129,5068,
-4539,-15106,5047,
-4509,-15034,5064,
-4494,-15019,5044,
-4486,-15019,5061,
-4479,-15017,5089,
-4468,-15034,5062,
-4491,-14992,5008,
-4554,-15086,5258,
-4551,-15070,5188,
-4552,-15032,5181,
-4489,-15016,5208,
-4493,-15005,5158,
-4478,-15033,5197,
-4528,-15033,5186,
-4515,-15023,5192,
-4577,-15021,5169,
-4650,-15049,5104,
-4637,-15088,4984,
-4642,-15052,4933,
-4634,-15053,4908,
-4619,-15113,4885,
-4570,-15104,4948,
-4564,-15129,4928,
-4565,-15143,4964,
-4510,-15164,4995,
-4498,-15135,5026,
-4484,-15183,5035,
-4460,-15182,5032,
-4405,-15188,5078,
-4449,-15155,5007,
-4474,-15165,5002,
-4510,-15206,5013,
-4529,-15217,5013,
-4484,-15195,4960,
-4492,-15181,4928,
-4458,-15225,4972,
-4456,-15221,4981,
-4448,-15214,4981,
-4438,-15184,5011,
-4465,-15163,4974,
-4496,-15155,4977,
-4502,-15140,4938,
-4458,-15111,4958,
-4546,-15112,4917,
-4517,-15034,4908,
-4531,-15031,4847,
-4500,-14995,4905,
-4494,-14983,4890,
-4531,-14967,4936,
-4493,-14943,4928,
-4509,-14920,4936,
-4527,-14939,4933,
-4533,-14960,4952,
-4578,-14984,4968,
-4541,-14975,4926,
-4603,-14959,4909,
-4630,-15028,4941,
-4655,-15046,4942,
-4689,-15030,4869,
-4737,-15030,4840,
-4773,-15056,4870,
-4750,-15047,4861,
-4731,-15058,4832,
-4728,-15071,4831,
-4768,-15050,4932,
-4796,-15107,4864,
-4763,-15098,4853,
-4753,-15138,4898,
-4765,-15146,4935,
-4711,-15149,4960,
-4756,-15123,4947,
-4721,-15107,5016,
-4688,-15129,5035,
-4690,-15114,5100,
-4707,-15106,5097,
-4638,-15108,5129,
-4629,-15105,5164,
-4640,-15141,5217,
-4631,-15081,5224,
-4596,-15172,5227,
-4549,-15222,5257,
-4566,-15200,5268,
-4560,-15175,5180,
-4523,-15162,5181,
-4524,-15185,5161,
-4460,-15154,5206,
-4441,-15180,5229,
-4478,-15162,5228,
-4454,-15142,5378,
-4471,-15194,5218,
-4404,-15080,5245,
-4426,-15090,5281,
-4419,-15046,5277,
-4452,-15039,5269,
-4455,-15061,5298,
-4454,-15049,5279,
-4432,-14984,5257,
-4473,-14979,5242,
-4482,-14983,5245,
-4466,-15017,5224,
-4447,-15019,5277,
-4492,-15074,5286,
-4508,-15031,5327,
-4486,-15000,5305,
-4480,-15040,5301,
-4524,-15082,5315,
-4501,-15058,5292,
-4474,-15087,5274,
-4507,-15046,5209,
-4508,-15107,5146,
-4500,-15098,5124,
-4524,-15094,5056,
-4493,-15121,4990,
-4509,-15121,4974,
-4500,-15131,4904,
-4457,-15123,4953,
-4426,-15154,4959,
-4397,-15125,5059,
-4391,-15085,5061,
-4366,-15114,5086,
-4419,-15091,5156,
-4410,-15102,5200,
-4435,-15087,5201,
-4426,-15076,5193,
-4399,-15073,5193,
-4437,-15049,5167,
-4471,-14993,5102,
-4443,-15033,5137,
-4478,-15041,5095,
-4475,-15056,5059,
-4507,-15015,5033,
-4472,-15060,4919,
-4508,-15092,4899,
-4473,-15093,4921,
-4402,-15109,4903,
-4419,-15130,4968,
-4398,-15123,4972,
-4354,-15147,4964,
-4375,-15176,4953,
-4315,-15187,5014,
-4311,-15228,5005,
-4352,-15221,5052,
-4329,-15222,4997,
-4368,-15177,4972,
-4388,-15204,4952,
-4389,-15238,4948,
-4378,-15224,4933,
-4423,-15226,4906,
-4475,-15197,4883,
-4491,-15169,4791,
-4496,-15172,4801,
-4488,-15174,4852,
-4474,-15181,4838,
-4481,-15151,4851,
-4502,-15069,4813,
-4498,-15117,4781,
-4524,-15115,4813,
-4500,-15109,4836,
-4494,-15108,4794,
-4507,-15055,4777,
-4542,-14995,4820,
-4528,-15025,4856,
-4503,-15024,4891,
-4541,-14971,4943,
-4589,-14963,4967,
-4586,-14964,4975,
-4665,-14931,4901,
-4692,-14979,4957,
-4727,-15015,4989,
-4717,-14999,4996,
-4733,-14987,4980,
-4722,-15007,4963,
-4735,-14996,4956,
-4694,-14998,4996,
-4652,-14988,5064,
-4608,-14990,5031,
-4632,-14982,5043,
-4619,-14964,5088,
-4568,-14929,5052,
-4566,-14878,5029,
-4555,-14925,5084,
-4534,-14989,5118,
-4549,-14919,5089,
-4568,-14865,5029,
-4542,-14905,5039,
-4540,-14927,5068,
-4407,-14899,4948,
-4493,-14914,5094,
-4550,-14971,5105,
-4532,-14987,5162,
-4608,-15008,5171,
-4608,-15086,5216,
-4664,-15134,5212,
-4643,-15190,5225,
-4660,-15191,5239,
-4736,-15236,5238,
-4706,-15221,5198,
-4628,-15236,5167,
-4606,-15225,5132,
-4628,-15213,5114,
-4627,-15221,5101,
-4610,-15181,5073,
-4565,-15171,5086,
-4580,-15224,5086,
-4631,-15188,5127,
-4599,-15116,5059,
-4553,-15035,5011,
-4509,-14977,5027,
-4491,-15047,5088,
-4505,-15019,5202,
-4504,-15027,5212,
-4513,-14974,5217,
-4521,-14991,5297,
-4473,-14961,5278,
-4484,-14943,5267,
-4512,-14953,5328,
-4535,-15000,5267,
-4522,-14997,5328,
-4450,-15050,5295,
-4505,-15090,5302,
-4481,-15072,5267,
-4451,-15076,5258,
-4428,-15082,5285,
-4405,-15067,5238,
-4401,-15073,5268,
-4414,-15099,5266,
-4417,-15132,5251,
-4421,-15154,5271,
-4419,-15158,5283,
-4374,-15153,5293,
-4394,-15141,5258,
-4375,-15128,5292,
-4366,-15074,5299,
-4371,-15053,5300,
-4379,-15059,5222,
-4431,-15049,5229,
-4440,-14990,5180,
-4481,-15001,5108,
-4488,-14965,5042,
-4480,-14993,5025,
-4517,-15023,4987,
-4517,-14996,4993,
-4560,-14981,4937,
-4522,-15005,4951,
-4590,-15014,4922,
-4622,-15046,4921,
-4544,-15065,4928,
-4590,-15150,4911,
-4582,-15190,4871,
-4582,-15241,4785,
-4531,-15286,4711,
-4532,-15279,4722,
-4519,-15298,4743,
-4482,-15288,4693,
-4449,-15305,4733,
-4484,-15284,4755,
-4517,-15278,4744,
-4509,-15292,4776,
-4510,-15277,4745,
-4542,-15313,4765,
-4526,-15268,4682,
-4565,-15251,4671,
-4509,-15224,4631,
-4527,-15233,4606,
-4560,-15203,4597,
-4537,-15198,4586,
-4517,-15220,4576,
-4565,-15147,4578,
-4529,-15187,4581,
-4474,-15154,4605,
-4489,-15106,4661,
-4475,-15115,4730,
-4504,-15035,4735,
-4540,-15043,4831,
-4509,-15019,4848,
-4548,-14957,4958,
-4552,-14950,4989,
-4578,-14961,5050,
-4585,-14930,5102,
-4643,-14923,5081,
-4647,-14960,5162,
-4617,-14954,5124,
-4610,-14903,5147,
-4615,-14907,5155,
-4608,-14915,5169,
-4612,-14961,5185,
-4594,-14978,5162,
-4637,-14929,5147,
-4602,-14913,5142,
-4629,-14904,5145,
-4595,-14933,5215,
-4545,-14971,5267,
-4523,-14999,5299,
-4487,-14985,5336,
-4488,-14996,5385,
-4458,-15052,5412,
-4468,-15088,5448,
-4495,-15176,5411,
-4492,-15207,5422,
-4513,-15250,5393,
-4475,-15275,5313,
-4416,-15249,5315,
-4368,-15296,5334,
-4366,-15325,5327,
-4385,-15337,5281,
-4453,-15417,5216,
-4449,-15334,5075,
-4431,-15303,5010,
-4482,-15313,4956,
-4502,-15232,4931,
-4508,-15190,4884,
-4567,-15085,4767,
-4613,-15000,4797,
-4620,-15062,4854,
-4698,-15074,4864,
-4720,-15019,4955,
-4773,-14947,4921,
-4820,-14951,4959,
-4840,-14954,5017,
-4855,-14948,5072,
-4819,-14916,5096,
-4778,-14884,5108,
-4780,-14846,5142,
-4771,-14827,5172,
-4776,-14754,5193,
-4829,-14796,5174,
-4863,-14815,5157,
-4883,-14779,5134,
-4918,-14809,5065,
-4960,-14805,4991,
-5034,-14887,4879,
-5044,-14856,4827,
-5011,-14818,4784,
-4992,-14798,4768,
-4912,-14806,4843,
-4855,-14825,4855,
-4829,-14843,4947,
-4818,-14863,4968,
-4761,-14854,5021,
-4748,-14863,5080,
-4750,-14866,5120,
-4695,-14916,5170,
-4656,-14925,5200,
-4617,-14950,5210,
-4605,-14966,5206,
-4591,-15043,5239,
-4546,-15069,5243,
-4626,-15088,5163,
-4645,-15107,5138,
-4621,-15092,5044,
-4661,-15140,4979,
-4641,-15181,4943,
-4619,-15172,4910,
-4608,-15231,4937,
-4587,-15263,4913,
-4538,-15265,4974,
-4539,-15303,4966,
-4532,-15320,4983,
-4548,-15321,5015,
-4547,-15396,5033,
-4501,-15328,5071,
-4443,-15342,5067,
-4460,-15340,5090,
-4408,-15349,5081,
-4398,-15337,5121,
-4340,-15280,5088,
-4283,-15264,5072,
-4294,-15307,5070,
-4340,-15235,5119,
-4348,-15235,5126,
-4360,-15234,5069,
-4416,-15162,5089,
-4412,-15097,5043,
-4450,-15098,5062,
-4463,-15061,5058,
-4455,-15027,5122,
-4516,-15045,5074,
-4506,-15056,5082,
-4468,-14989,5070,
-4526,-14989,5035,
-4529,-15010,5043,
-4503,-15055,5104,
-4526,-15081,5099,
-4564,-15161,5050,
-4537,-15153,5065,
-4506,-15224,5049,
-4494,-15270,5041,
-4492,-15293,5064,
-4437,-15294,5030,
-4420,-15289,5110,
-4426,-15343,5073,
-4371,-15411,5131,
-4394,-15329,5116,
-4346,-15361,5133,
-4342,-15374,5073,
-4309,-15336,5094,
-4298,-15312,5093,
-4291,-15293,5064,
-4319,-15303,5020,
-4304,-15247,4992,
-4325,-15159,4935,
-4350,-15161,4900,
-4419,-15158,4932,
-4429,-15151,4941,
-4446,-15122,4919,
-4482,-15076,4863,
-4524,-15045,4909,
-4528,-15028,4916,
-4532,-15022,4873,
-4540,-15017,4888,
-4590,-14964,4935,
-4599,-14998,4924,
-4624,-15037,4959,
-4618,-15043,4981,
-4672,-15056,5008,
-4701,-15061,4969,
-4669,-15044,4977,
-4743,-15009,4918,
-4802,-14988,4871,
-4817,-14923,4882,
-4855,-14955,4912,
-4775,-14940,4905,
-4768,-14905,4915,
-4816,-14909,4916,
-4848,-14877,4864,
-4776,-14870,4867,
-4792,-14882,4859,
-4825,-14861,4885,
-4818,-14885,4888,
-4749,-14901,4882,
-4719,-14876,4896,
-4683,-14917,4900,
-4653,-15025,4987,
-4649,-15116,4998,
-4601,-15122,5019,
-4529,-15159,5006,
-4514,-15224,4992,
-4514,-15225,4989,
-4519,-15133,4859,
-4486,-15159,5209,
-4409,-15293,5192,
-4431,-15226,5044,
-4360,-15217,5123,
-4346,-15179,5101,
-4326,-14977,5101,
-4424,-15043,4999,
-4332,-15276,5039,
-4297,-15250,5183,
-4265,-15305,5177,
-4260,-15212,5178,
-4210,-15197,5163,
-4184,-15174,5179,
-4170,-15155,5251,
-4104,-15178,5292,
-4133,-15181,5318,
-4180,-15130,5350,
-4225,-15097,5289,
-4248,-15077,5303,
-4333,-15115,5270,
-4303,-15157,5274,
-4384,-15150,5257,
-4495,-15151,5175,
-4494,-15141,5128,
-4557,-15131,5044,
-4606,-15045,5037,
-4651,-15034,4956,
-4671,-15065,5008,
-4634,-15074,4973,
-4632,-15059,5038,
-4672,-15016,4979,
-4678,-14958,4980,
-4660,-14960,5005,
-4702,-14891,5017,
-4729,-14904,5028,
-4707,-14865,5096,
-4805,-14723,5042,
-4829,-14768,5097,
-4843,-14806,5126,
-4801,-14742,5179,
-4825,-14771,5166,
-4746,-14776,5121,
-4749,-14809,5095,
-4777,-14818,5066,
-4748,-14853,5037,
-4767,-14874,4940,
-4746,-14900,4887,
-4778,-14900,4875,
-4787,-14875,4884,
-4783,-14796,4812,
-4748,-14811,4810,
-4804,-14844,4874,
-4801,-14815,4906,
-4812,-14773,4890,
-4775,-14783,4918,
-4760,-14735,4913,
-4813,-14720,4981,
-4794,-14694,4993,
-4795,-14690,5024,
-4760,-14654,5025,
-4784,-14663,5040,
-4809,-14704,5046,
-4805,-14653,5094,
-4793,-14662,5036,
-4884,-14643,5031,
-4885,-14750,5004,
-4881,-14755,5001,
-4887,-14849,5018,
-4877,-14907,4982,
-4865,-14934,4863,
-4917,-14923,4838,
-4875,-14921,4733,
-4888,-14966,4794,
-4856,-15035,4829,
-4826,-15002,4814,
-4866,-15021,4823,
-4878,-15030,4829,
-4921,-15013,4870,
-4928,-15029,4874,
-4850,-15090,4915,
-4810,-15079,4973,
-4844,-15071,5074,
-4764,-15023,5071,
-4765,-14991,5090,
-4770,-14964,5143,
-4720,-15017,5182,
-4713,-14951,5208,
-4683,-14923,5182,
-4709,-14898,5157,
-4640,-14871,5171,
-4662,-14864,5156,
-4655,-14907,5214,
-4646,-14878,5139,
-4578,-14852,5161,
-4558,-14853,5146,
-4541,-14852,5239,
-4530,-14849,5245,
-4543,-14819,5212,
-4553,-14843,5227,
-4579,-14820,5226,
-4576,-14867,5218,
-4619,-14893,5264,
-4636,-14894,5256,
-4679,-14966,5238,
-4667,-14955,5261,
-4697,-14999,5245,
-4696,-15027,5165,
-4750,-15059,5105,
-4747,-15113,5083,
-4725,-15120,5070,
-4718,-15121,4966,
-4717,-15145,4959,
-4698,-15176,4964,
-4679,-15128,4939,
-4647,-15142,5006,
-4616,-15160,4973,
-4606,-15103,5046,
-4562,-15086,5036,
-4462,-15035,5109,
-4471,-15025,5154,
-4421,-15012,5247,
-4344,-14971,5246,
-4356,-14932,5259,
-4298,-14874,5269,
-4320,-14900,5256,
-4336,-14876,5296,
-4358,-14973,5269,
-4373,-14974,5255,
-4427,-14948,5155,
-4391,-15003,5127,
-4381,-15028,5098,
-4414,-15117,5092,
-4354,-15173,5052,
-4360,-15193,5012,
-4333,-15226,4974,
-4355,-15215,4950,
-4330,-15291,4939,
-4274,-15344,4955,
-4252,-15308,4921,
-4242,-15325,4914,
-4181,-15292,4941,
-4142,-15333,5005,
-4065,-15320,5022,
-4048,-15303,5074,
-4035,-15272,5011,
-4036,-15277,5053,
-4041,-15343,5031,
-4053,-15361,5061,
-4099,-15340,4993,
-4117,-15329,4927,
-4140,-15295,4854,
-4166,-15327,4909,
-4173,-15318,4894,
-4193,-15301,4901,
-4175,-15305,4893,
-4252,-15291,4887,
-4217,-15297,4929,
-4338,-15261,4943,
-4305,-15338,4982,
-4345,-15268,5003,
-4365,-15266,5014,
-4370,-15255,5073,
-4414,-15190,5010,
-4371,-15182,5024,
-4382,-15127,5072,
-4402,-15132,5056,
-4443,-15146,5087,
-4451,-15140,5121,
-4490,-15084,5090,
-4518,-15099,5055,
-4563,-15086,5077,
-4587,-15119,5098,
-4627,-15089,5085,
-4617,-15089,5031,
-4659,-15097,5049,
-4667,-15041,5078,
-4694,-15073,5084,
-4680,-15050,5091,
-4718,-15011,5035,
-4758,-15013,5075,
-4757,-15061,5122,
-4795,-15050,5128,
-4761,-15043,5117,
-4795,-15021,5122,
-4759,-14946,5138,
-4707,-15023,5152,
-4721,-14975,5128,
-4713,-14946,5193,
-4744,-14949,5192,
-4736,-14960,5214,
-4704,-14952,5221,
-4717,-14948,5196,
-4753,-14970,5184,
-4743,-14927,5183,
-4755,-14945,5156,
-4680,-14952,5120,
-4719,-14922,5091,
-4750,-14917,5069,
-4740,-14899,5076,
-4747,-14904,5076,
-4738,-14881,5139,
-4736,-14941,5118,
-4781,-14910,5090,
-4837,-14884,5024,
-4836,-14924,5018,
-4895,-15012,5067,
-4933,-15049,5039,
-4951,-15008,4970,
-4983,-14995,4973,
-4970,-15059,4931,
-4988,-15073,4995,
-4970,-15091,4992,
-4954,-15038,5039,
-4950,-15084,5036,
-4959,-15109,5004,
-4941,-15079,5007,
-4917,-15107,4974,
-4891,-15101,4937,
-4817,-15063,4927,
-4768,-15073,4910,
-4750,-15019,4926,
-4665,-15036,4889,
-4649,-14953,4906,
-4614,-14955,4911,
-4539,-14927,4973,
-4506,-14956,5062,
-4469,-14958,5041,
-4481,-14935,5110,
-4511,-14950,5138,
-4473,-14930,5129,
-4470,-14958,5098,
-4456,-14934,5105,
-4506,-14945,5130,
-4487,-14981,5133,
-4499,-15005,5093,
-4556,-15004,5077,
-4591,-15044,5007,
-4666,-15094,5027,
-4661,-15122,4957,
-4633,-15122,4897,
-4667,-15181,4903,
-4648,-15167,4824,
-4622,-15185,4824,
-4620,-15184,4837,
-4585,-15220,4851,
-4552,-15244,4898,
-4479,-15226,4932,
-4488,-15172,4937,
-4444,-15182,4966,
-4414,-15122,4957,
-4423,-15131,4980,
-4419,-15138,4977,
-4383,-15137,5008,
-4388,-15081,4966,
-4346,-15025,4951,
-4365,-15015,4996,
-4373,-14979,4979,
-4363,-14977,4963,
-4359,-14966,4938,
-4374,-14907,4834,
-4397,-14900,4842,
-4400,-14913,4777,
-4395,-14914,4795,
-4397,-14912,4749,
-4409,-14937,4769,
-4389,-14911,4686,
-4404,-14909,4691,
-4474,-14944,4715,
-4488,-15032,4746,
-4561,-15016,4663,
-4591,-15001,4633,
-4610,-15044,4682,
-4638,-15087,4683,
-4697,-15120,4712,
-4757,-15124,4693,
-4750,-15159,4711,
-4735,-15154,4695,
-4802,-15181,4756,
-4849,-15217,4740,
-4813,-15245,4750,
-4793,-15218,4791,
-4788,-15265,4749,
-4783,-15283,4743,
-4782,-15315,4805,
-4807,-15351,4799,
-4751,-15318,4842,
-4704,-15276,4835,
-4676,-15275,4836,
-4679,-15263,4848,
-4632,-15282,4869,
-4652,-15299,4876,
-4596,-15283,4925,
-4570,-15243,4886,
-4581,-15259,4935,
-4527,-15223,4956,
-4498,-15211,4931,
-4509,-15182,4898,
-4463,-15183,4999,
-4460,-15175,4995,
-4510,-15162,5034,
-4449,-15142,5082,
-4455,-15140,5042,
-4433,-15093,5023,
-4458,-15061,5058,
-4458,-15084,5060,
-4442,-15063,5099,
-4415,-15034,5086,
-4411,-15053,5095,
-4418,-15086,5107,
-4435,-15071,5168,
-4482,-15089,5122,
-4476,-15161,5105,
-4495,-15102,5001,
-4488,-15127,5004,
-4543,-15099,4968,
-4552,-15141,4939,
-4555,-15142,4914,
-4547,-15147,4883,
-4556,-15187,4897,
-4601,-15189,4890,
-4608,-15089,4873,
-4597,-15121,4921,
-4638,-15063,4911,
-4642,-15121,4987,
-4666,-15165,4976,
-4645,-15174,4930,
-4659,-15213,4840,
-4672,-15165,4807,
-4664,-15181,4770,
-4595,-15171,4703,
-4605,-15124,4679,
-4594,-15148,4647,
-4609,-15152,4666,
-4614,-14998,4659,
-4585,-15026,4689,
-4627,-15013,4747,
-4591,-15029,4722,
-4542,-14942,4799,
-4544,-14876,4821,
-4497,-14862,4832,
-4529,-14830,4921,
-4531,-14810,4857,
-4549,-14852,4864,
-4540,-14797,4896,
-4579,-14882,4906,
-4616,-14994,4855,
-4628,-14964,4821,
-4685,-15040,4775,
-4668,-15115,4776,
-4685,-15129,4705,
-4716,-15213,4674,
-4675,-15208,4645,
-4650,-15266,4645,
-4633,-15301,4664,
-4615,-15334,4575,
-4570,-15377,4612,
-4548,-15317,4618,
-4542,-15325,4600,
-4469,-15337,4627,
-4416,-15341,4730,
-4413,-15363,4671,
-4370,-15220,4645,
-4393,-15227,4674,
-4398,-15193,4724,
-4376,-15180,4740,
-4423,-15181,4718,
-4451,-15099,4725,
-4486,-15109,4680,
-4513,-15108,4720,
-4528,-15117,4680,
-4609,-15107,4709,
-4613,-15108,4655,
-4616,-15072,4658,
-4653,-15134,4648,
-4672,-15100,4577,
-4668,-15122,4613,
-4649,-15091,4627,
-4616,-15033,4671,
-4681,-15064,4697,
-4663,-15031,4743,
-4711,-15032,4743,
-4707,-15029,4847,
-4737,-15016,4828,
-4728,-15009,4808,
-4732,-14928,4745,
-4764,-14975,4726,
-4790,-14981,4774,
-4783,-15057,4792,
-4754,-15074,4826,
-4747,-15109,4701,
-4700,-15117,4753,
-4725,-15128,4703,
-4662,-15112,4747,
-4668,-15143,4723,
-4659,-15178,4716,
-4690,-15159,4734,
-4648,-15192,4659,
-4553,-15208,4662,
-4562,-15198,4648,
-4576,-15169,4690,
-4528,-15177,4728,
-4518,-15182,4731,
-4527,-15128,4693,
-4539,-15134,4690,
-4494,-15209,4763,
-4440,-15237,4762,
-4443,-15247,4754,
-4368,-15251,4768,
-4380,-15297,4710,
-4356,-15284,4749,
-4339,-15288,4702,
-4293,-15254,4801,
-4323,-15294,4770,
-4340,-15268,4802,
-4316,-15276,4747,
-4356,-15258,4740,
-4314,-15284,4760,
-4310,-15259,4800,
-4313,-15265,4786,
-4375,-15250,4710,
-4401,-15198,4730,
-4390,-15190,4654,
-4264,-15195,4727,
-4303,-15205,4764,
-4297,-15169,4777,
-4339,-15176,4745,
-4320,-15134,4774,
-4315,-15105,4803,
-4334,-15158,4780,
-4366,-15090,4815,
-4412,-15148,4839,
-4421,-15091,4862,
-4450,-15111,4918,
-4491,-15071,4918,
-4561,-15153,4871,
-4642,-15200,4835,
-4604,-15232,4865,
-4656,-15313,4802,
-4664,-15315,4719,
-4647,-15314,4772,
-4609,-15371,4696,
-4650,-15368,4643,
-4554,-15386,4602,
-4492,-15386,4525,
-4475,-15363,4547,
-4379,-15396,4554,
-4408,-15377,4659,
-4369,-15320,4655,
-4325,-15274,4707,
-4353,-15208,4811,
-4335,-15201,4785,
-4346,-15208,4862,
-4253,-15148,4895,
-4283,-15181,4905,
-4276,-15172,4937,
-4300,-15120,4975,
-4340,-15129,4877,
-4355,-15123,4912,
-4379,-15174,4811,
-4413,-15181,4798,
-4496,-15220,4703,
-4511,-15255,4691,
-4512,-15226,4626,
-4521,-15244,4654,
-4546,-15226,4567,
-4536,-15277,4533,
-4539,-15257,4600,
-4520,-15307,4625,
-4557,-15243,4589,
-4562,-15235,4608,
-4517,-15236,4673,
-4466,-15213,4700,
-4420,-15203,4691,
-4471,-15194,4708,
-4431,-15160,4761,
-4447,-15174,4765,
-4461,-15143,4765,
-4437,-15110,4791,
-4507,-15163,4734,
-4506,-15175,4795,
-4556,-15153,4765,
-4584,-15144,4750,
-4608,-15180,4743,
-4620,-15275,4757,
-4620,-15279,4704,
-4610,-15299,4691,
-4618,-15307,4646,
-4626,-15282,4628,
-4585,-15301,4594,
-4569,-15307,4594,
-4536,-15342,4611,
-4529,-15317,4577,
-4542,-15333,4619,
-4544,-15334,4594,
-4534,-15283,4648,
-4538,-15300,4624,
-4560,-15318,4702,
-4547,-15300,4732,
-4566,-15268,4739,
-4564,-15226,4678,
-4622,-15235,4728,
-4539,-15289,4743,
-4563,-15283,4746,
-4575,-15299,4703,
-4546,-15198,4773,
-4514,-15233,4842,
-4529,-15210,4595,
-4494,-15263,4613,
-4509,-15169,4708,
-4477,-15231,4724,
-4412,-15220,4749,
-4358,-15207,4743,
-4331,-15164,4766,
-4320,-15166,4764,
-4278,-15146,4783,
-4254,-15151,4820,
-4238,-15116,4813,
-4242,-15124,4814,
-4303,-15104,4823,
-4271,-15076,4784,
-4284,-15123,4758,
