-4054,-15171,4645,
-4168,-15227,4557,
-4203,-15205,4514,
-4218,-15249,4519,
-4171,-15308,4552,
-4186,-15296,4620,
-4207,-15312,4594,
-4160,-15296,4604,
-4163,-15283,4665,
-4114,-15355,4709,
-4126,-15328,4711,
-4143,-15317,4722,
-4087,-15290,4775,
-4073,-15339,4762,
-4087,-15356,4726,
-4075,-15345,4720,
-4027,-15403,4744,
-4014,-15422,4721,
-4027,-15433,4666,
-3971,-15397,4678,
-4028,-15436,4708,
-3990,-15450,4627,
-3940,-15408,4595,
-3958,-15442,4595,
-3946,-15398,4523,
-3949,-15371,4543,
-3909,-15331,4546,
-3929,-15332,4485,
-3892,-15263,4440,
-3940,-15238,4396,
-3943,-15278,4470,
-3997,-15222,4365,
-4015,-15188,4353,
-4096,-15138,4355,
-4111,-15182,4416,
-4073,-15167,4446,
-4110,-15170,4502,
-4101,-15152,4542,
-4133,-15118,4555,
-4109,-15119,4590,
-4112,-15048,4643,
-4128,-15105,4677,
-4156,-15120,4675,
-4136,-15058,4666,
-4139,-15145,4713,
-4092,-15168,4725,
-4111,-15218,4744,
-4082,-15301,4717,
-4112,-15217,4674,
-4082,-15328,4697,
-4108,-15327,4640,
-4102,-15371,4609,
-4102,-15438,4566,
-4076,-15463,4516,
-4060,-15474,4555,
-4013,-15413,4514,
-3987,-15438,4505,
-3955,-15471,4506,
-4008,-15506,4545,
-3942,-15479,4576,
-3924,-15511,4620,
-3899,-15534,4618,
-3911,-15512,4718,
-3943,-15522,4700,
-3926,-15535,4698,
-3936,-15471,4723,
-3926,-15500,4729,
-3963,-15440,4744,
-4033,-15417,4649,
-4058,-15377,4613,
-4092,-15388,4653,
-4102,-15304,4626,
-4105,-15308,4593,
-4125,-15272,4570,
-4161,-15253,4559,
-4123,-15205,4513,
-4210,-15158,4528,
-4205,-15212,4562,
-4164,-15238,4576,
-4114,-15226,4621,
-4135,-15195,4619,
-4141,-15193,4614,
-4133,-15188,4586,
-4148,-15248,4635,
-4126,-15290,4636,
-4121,-15256,4622,
-4143,-15285,4625,
-4132,-15332,4574,
-4133,-15318,4549,
-4158,-15313,4532,
-4142,-15359,4508,
-4219,-15359,4492,
-4187,-15344,4438,
-4173,-15362,4443,
-4163,-15377,4483,
-4148,-15342,4466,
-4191,-15360,4470,
-4140,-15329,4507,
-4145,-15406,4573,
-4132,-15406,4608,
-4085,-15422,4609,
-4118,-15381,4630,
-4100,-15391,4681,
-4069,-15416,4665,
-4072,-15350,4654,
-4106,-15368,4697,
-4057,-15401,4673,
-4085,-15392,4709,
-4090,-15381,4674,
-4085,-15396,4696,
-4082,-15386,4620,
-4124,-15417,4638,
-4095,-15401,4589,
-4065,-15481,4638,
-4045,-15445,4624,
-4034,-15410,4517,
-4025,-15475,4499,
-3974,-15462,4523,
-3920,-15419,4481,
-3891,-15460,4487,
-3917,-15418,4422,
-3938,-15431,4415,
-3940,-15479,4437,
-3980,-15488,4435,
-3963,-15418,4394,
-4032,-15344,4439,
-3995,-15328,4532,
-4053,-15390,4541,
-4039,-15367,4538,
-4054,-15306,4621,
-4065,-15298,4615,
-4104,-15259,4584,
-4114,-15208,4561,
-4079,-15232,4563,
-4110,-15248,4595,
-4111,-15224,4604,
-4077,-15195,4531,
-4074,-15233,4563,
-4095,-15234,4512,
-4129,-15267,4559,
-4096,-15272,4539,
-4127,-15235,4519,
-4167,-15244,4519,
-4124,-15300,4477,
-4142,-15260,4517,
-4116,-15315,4487,
-4076,-15307,4495,
-3996,-15262,4445,
-4048,-15329,4453,
-4022,-15299,4482,
-4021,-15314,4438,
-4020,-15325,4476,
-3995,-15304,4428,
-4085,-15269,4414,
-4057,-15296,4444,
-4062,-15383,4473,
-4046,-15388,4494,
-4041,-15333,4506,
-4030,-15331,4529,
-4045,-15363,4514,
-4023,-15331,4537,
-3994,-15371,4536,
-4045,-15370,4606,
-4005,-15372,4615,
-3975,-15345,4639,
-4031,-15361,4632,
-4048,-15345,4651,
-4047,-15370,4606,
-4096,-15346,4609,
-4082,-15342,4611,
-4152,-15328,4564,
-4115,-15326,4522,
-4135,-15304,4496,
-4187,-15348,4482,
-4178,-15401,4526,
-4158,-15357,4511,
-4143,-15339,4536,
-4105,-15319,4492,
-4094,-15351,4525,
-4052,-15368,4525,
-4055,-15326,4538,
-4055,-15300,4535,
-4031,-15321,4578,
-4050,-15331,4593,
-4093,-15267,4511,
-4046,-15248,4542,
-4056,-15241,4476,
-4028,-15349,4547,
-4072,-15295,4571,
-4059,-15326,4507,
-4013,-15280,4487,
-4071,-15318,4488,
-4070,-15341,4509,
-4015,-15355,4511,
-4013,-15317,4532,
-4039,-15312,4494,
-3977,-15341,4487,
-3969,-15348,4529,
-3994,-15326,4561,
-3986,-15340,4498,
-4017,-15320,4478,
-4050,-15302,4492,
-4054,-15342,4471,
-4082,-15305,4450,
-4071,-15323,4466,
-4047,-15332,4492,
-4082,-15360,4507,
-4075,-15299,4426,
-4068,-15305,4463,
-4080,-15377,4545,
-4050,-15354,4519,
-4096,-15377,4560,
-4093,-15383,4538,
-4115,-15334,4484,
-4108,-15357,4483,
-4065,-15384,4538,
-4067,-15381,4533,
-4057,-15409,4513,
-4053,-15393,4550,
-4059,-15360,4477,
-4102,-15373,4512,
-4052,-15376,4528,
-4045,-15418,4541,
-4069,-15392,4525,
-4016,-15364,4536,
-4054,-15417,4477,
-4040,-15417,4478,
-4071,-15372,4521,
-4040,-15380,4479,
-4089,-15416,4464,
-4116,-15437,4467,
-4132,-15457,4442,
-4127,-15411,4451,
-4088,-15428,4414,
-4056,-15380,4447,
-4079,-15467,4511,
-4037,-15419,4528,
-4003,-15400,4487,
-4030,-15422,4447,
-4050,-15435,4501,
-4047,-15418,4493,
-4053,-15423,4462,
-4069,-15462,4488,
-4106,-15422,4450,
-4076,-15418,4509,
-4082,-15453,4507,
-4062,-15373,4512,
-4052,-15369,4537,
-4083,-15334,4503,
-4060,-15394,4583,
-4058,-15394,4551,
-4045,-15391,4538,
-4064,-15373,4547,
-4068,-15356,4540,
-4066,-15318,4508,
-4088,-15318,4511,
-4069,-15285,4428,
-4038,-15313,4462,
-4043,-15297,4441,
-4039,-15282,4455,
-4011,-15325,4408,
-4038,-15275,4426,
-4067,-15324,4451,
-3996,-15303,4432,
-4007,-15293,4438,
-3977,-15346,4428,
-3945,-15290,4420,
-3975,-15312,4425,
-3972,-15330,4426,
-3977,-15359,4418,
-3979,-15319,4419,
-3959,-15323,4376,
-4009,-15354,4328,
-4021,-15329,4291,
-4004,-15373,4354,
-4008,-15349,4356,
-4003,-15376,4389,
-3997,-15375,4392,
-3986,-15356,4438,
-3988,-15369,4401,
-3967,-15387,4448,
-3990,-15386,4495,
-3983,-15445,4453,
-3972,-15412,4424,
-3989,-15411,4486,
-3985,-15420,4495,
-3990,-15452,4472,
-3967,-15406,4417,
-4002,-15392,4462,
-4000,-15377,4453,
-4044,-15396,4472,
-4032,-15389,4482,
-4014,-15400,4464,
-4035,-15433,4481,
-4046,-15387,4447,
-4074,-15339,4445,
-4069,-15363,4462,
-4069,-15377,4522,
-4105,-15370,4453,
-4051,-15360,4455,
-4102,-15380,4446,
-4090,-15391,4448,
-4071,-15402,4420,
-4056,-15366,4406,
-4015,-15371,4359,
-4008,-15360,4383,
-3984,-15333,4392,
-3953,-15332,4381,
-3990,-15353,4406,
-3962,-15401,4395,
-4002,-15400,4431,
-3982,-15401,4428,
-3968,-15370,4405,
-3951,-15380,4405,
-3926,-15381,4439,
-3937,-15407,4405,
-3911,-15393,4425,
-3927,-15336,4418,
-3952,-15355,4369,
-3937,-15320,4398,
-3952,-15360,4396,
-4005,-15379,4400,
-3971,-15390,4433,
-3964,-15387,4384,
-3979,-15339,4419,
-3991,-15323,4376,
-4011,-15346,4418,
-4036,-15344,4446,
-4022,-15379,4415,
-4048,-15421,4448,
-4022,-15425,4453,
-4027,-15370,4459,
-4029,-15370,4415,
-4015,-15339,4439,
-3962,-15350,4478,
-3985,-15378,4450,
-4011,-15371,4470,
-3990,-15376,4523,
-4060,-15385,4479,
-4049,-15384,4501,
-4077,-15371,4475,
-4081,-15402,4477,
-4067,-15388,4428,
-4033,-15392,4404,
-4072,-15428,4385,
-4067,-15356,4388,
-4080,-15316,4316,
-4094,-15384,4337,
-4075,-15413,4357,
-4128,-15440,4368,
-4123,-15439,4370,
-4064,-15420,4367,
-4063,-15357,4364,
-4023,-15381,4353,
-4028,-15383,4399,
-3999,-15346,4412,
-3999,-15362,4439,
-4010,-15341,4409,
-4059,-15349,4431,
-4035,-15375,4477,
-4065,-15442,4433,
-4049,-15406,4389,
-4071,-15403,4438,
-4043,-15455,4441,
-4074,-15419,4401,
-4078,-15385,4381,
-4080,-15459,4363,
-4058,-15450,4398,
-4099,-15429,4365,
-4079,-15439,4404,
-4068,-15403,4372,
-4146,-15370,4358,
-4084,-15367,4341,
-4068,-15409,4376,
-4101,-15396,4440,
-4109,-15363,4409,
-4062,-15402,4420,
-4115,-15374,4418,
-4105,-15386,4429,
-4059,-15388,4412,
-4061,-15346,4402,
-4089,-15363,4354,
-4044,-15371,4399,
-4047,-15431,4409,
-4053,-15378,4356,
-4093,-15358,4322,
-4036,-15346,4305,
-4019,-15354,4324,
-4042,-15379,4385,
-4084,-15324,4332,
-4058,-15353,4374,
-4032,-15401,4393,
-4034,-15360,4392,
-4048,-15349,4379,
-4071,-15376,4429,
-4034,-15357,4386,
-4011,-15384,4423,
-4022,-15352,4410,
-4022,-15326,4407,
-4063,-15371,4368,
-4044,-15425,4398,
-4059,-15419,4397,
-4072,-15416,4383,
-4126,-15366,4318,
-4133,-15425,4251,
-4138,-15451,4306,
-4126,-15468,4281,
-4101,-15475,4283,
-4140,-15471,4274,
-4107,-15457,4313,
-4090,-15466,4298,
-4146,-15482,4365,
-4150,-15436,4384,
-4114,-15394,4364,
-4156,-15361,4375,
-4098,-15379,4441,
-4153,-15366,4445,
-4169,-15357,4442,
-4155,-15368,4451,
-4135,-15323,4422,
-4127,-15373,4444,
-4170,-15376,4487,
-4141,-15347,4411,
-4150,-15375,4419,
-4165,-15367,4442,
-4153,-15363,4386,
-4131,-15367,4393,
-4136,-15396,4361,
-4158,-15385,4356,
-4178,-15392,4302,
-4135,-15375,4282,
-4175,-15429,4288,
-4212,-15371,4261,
-4137,-15400,4257,
-4105,-15407,4267,
-4149,-15362,4255,
-4092,-15365,4262,
-4112,-15415,4269,
-4145,-15421,4309,
-4123,-15393,4337,
-4103,-15346,4232,
-4097,-15370,4348,
-4065,-15413,4359,
-4046,-15348,4374,
-4079,-15386,4356,
-4057,-15356,4349,
-4066,-15378,4349,
-4051,-15371,4404,
-4113,-15416,4407,
-4079,-15409,4373,
-4143,-15399,4363,
-4094,-15399,4322,
-4086,-15343,4346,
-4031,-15351,4375,
-4082,-15361,4344,
-4100,-15348,4372,
-4097,-15374,4360,
-4148,-15380,4342,
-4133,-15365,4346,
-4116,-15388,4325,
-4123,-15364,4377,
-4125,-15398,4372,
-4143,-15311,4293,
-4131,-15287,4320,
-4125,-15307,4350,
-4146,-15342,4370,
-4232,-15370,4379,
-4132,-15401,4345,
-4167,-15436,4356,
-4172,-15366,4355,
-4195,-15406,4313,
-4189,-15421,4338,
-4110,-15422,4312,
-4154,-15417,4278,
-4123,-15404,4235,
-4119,-15406,4257,
-4080,-15457,4265,
-4144,-15435,4258,
-4148,-15483,4249,
-4132,-15435,4214,
-4109,-15455,4241,
-4100,-15411,4226,
-4124,-15388,4181,
-4168,-15382,4219,
-4225,-15406,4209,
-4235,-15387,4247,
-4257,-15385,4277,
-4153,-15405,4236,
-4225,-15382,4251,
-4215,-15375,4290,
-4255,-15378,4356,
-4172,-15376,4239,
-4143,-15430,4233,
-4243,-15319,4322,
-4234,-15383,4409,
-4193,-15378,4166,
-3964,-15348,4173,
-4072,-15341,4265,
-4131,-15327,4443,
-4122,-15440,4336,
-4053,-15425,4332,
-4087,-15343,4344,
-4090,-15408,4398,
-4020,-15410,4385,
-4033,-15440,4417,
-4062,-15458,4384,
-4044,-15481,4352,
-4049,-15438,4294,
-4051,-15364,4225,
-4118,-15440,4238,
-4103,-15451,4157,
-4091,-15373,4173,
-4111,-15299,4097,
-4138,-15345,4120,
-4140,-15413,4149,
-4128,-15425,4177,
-4101,-15412,4187,
-4102,-15362,4215,
-4167,-15340,4244,
-4121,-15321,4253,
-4139,-15378,4338,
-4112,-15397,4386,
-4120,-15410,4353,
-4097,-15357,4400,
-4085,-15387,4352,
-4128,-15390,4344,
-4118,-15389,4304,
-4157,-15393,4247,
-4198,-15396,4308,
-4249,-15443,4244,
-4244,-15467,4245,
-4251,-15509,4223,
-4346,-15509,4213,
-4320,-15407,4166,
-4306,-15415,4111,
-4268,-15359,4091,
-4230,-15385,4138,
-4308,-15315,4154,
-4211,-15297,4211,
-4198,-15409,4256,
-4173,-15399,4306,
-4131,-15435,4322,
-4091,-15440,4360,
-4083,-15388,4380,
-4058,-15405,4427,
-4048,-15446,4459,
-4011,-15416,4438,
-4021,-15425,4420,
-4046,-15409,4402,
-4034,-15402,4327,
-4044,-15449,4298,
-4062,-15432,4301,
-4067,-15412,4188,
-4085,-15326,4118,
-4082,-15371,4077,
-4095,-15421,4102,
-4065,-15372,4081,
-4120,-15358,4040,
-4068,-15416,4079,
-4046,-15376,4105,
-4073,-15383,4181,
-4035,-15347,4112,
-4092,-15374,4163,
-4074,-15402,4240,
-4098,-15358,4270,
-4114,-15345,4236,
-4113,-15340,4277,
-4077,-15309,4272,
-4065,-15354,4313,
-4058,-15378,4316,
-4072,-15391,4361,
-4067,-15389,4369,
-4073,-15414,4365,
-4065,-15413,4410,
-4094,-15441,4345,
-4122,-15433,4291,
-4112,-15345,4223,
-4122,-15386,4252,
-4156,-15405,4223,
-4141,-15368,4219,
-4121,-15325,4206,
-4156,-15416,4171,
-4163,-15410,4249,
-4146,-15417,4213,
-4140,-15352,4148,
-4164,-15377,4201,
-4116,-15485,4228,
-4139,-15486,4283,
-4131,-15472,4265,
-4097,-15462,4279,
-4083,-15430,4315,
-4057,-15475,4334,
-4051,-15402,4357,
-4040,-15410,4302,
-4092,-15394,4284,
-4093,-15438,4321,
-4112,-15475,4310,
-4123,-15453,4255,
-4099,-15404,4211,
-4136,-15408,4157,
-4101,-15435,4183,
-4066,-15460,4165,
-4075,-15403,4192,
-4068,-15453,4197,
-4033,-15445,4196,
-3998,-15437,4198,
-4024,-15421,4231,
-4027,-15415,4196,
-4006,-15412,4235,
-4042,-15431,4237,
-4027,-15385,4217,
-4066,-15433,4267,
-4046,-15413,4235,
-4106,-15323,4189,
-4114,-15342,4194,
-4129,-15387,4254,
-4136,-15362,4299,
-4124,-15363,4286,
-4142,-15373,4251,
-4109,-15368,4252,
-4119,-15377,4231,
-4096,-15410,4286,
-4094,-15440,4250,
-4115,-15424,4246,
-4075,-15372,4217,
-4026,-15447,4197,
-4012,-15428,4181,
-4035,-15426,4232,
-4045,-15441,4218,
-4050,-15414,4200,
-4039,-15432,4180,
-4070,-15430,4195,
-4112,-15473,4199,
-4050,-15439,4151,
-4086,-15384,4126,
-4082,-15424,4158,
-4133,-15440,4182,
-4094,-15408,4156,
-4067,-15392,4176,
-4073,-15403,4229,
-4068,-15428,4222,
-4095,-15470,4215,
-4089,-15463,4224,
-4037,-15495,4266,
-4049,-15463,4284,
-4056,-15470,4283,
-4052,-15486,4349,
-4045,-15487,4315,
-4040,-15458,4353,
-4032,-15461,4311,
-4033,-15454,4309,
-4065,-15466,4310,
-4080,-15440,4337,
-4091,-15471,4304,
-4127,-15446,4253,
-4126,-15461,4281,
-4136,-15428,4194,
-4139,-15396,4184,
-4146,-15434,4185,
-4153,-15446,4066,
-4106,-15434,4110,
-4088,-15438,4158,
-4095,-15432,4141,
-4099,-15431,4184,
-4069,-15450,4187,
-4074,-15436,4251,
-4063,-15456,4242,
-4046,-15478,4283,
-4025,-15476,4265,
-4044,-15438,4301,
-4017,-15379,4218,
-4050,-15386,4236,
-4024,-15363,4178,
-3999,-15423,4197,
-4001,-15388,4221,
-4062,-15376,4189,
-4024,-15410,4185,
-3981,-15384,4196,
-4015,-15403,4214,
-3980,-15394,4192,
-3996,-15376,4172,
-4006,-15402,4156,
-3993,-15382,4209,
-3996,-15363,4199,
-4002,-15367,4225,
-4054,-15389,4218,
-4027,-15394,4196,
-4040,-15411,4162,
-4059,-15413,4185,
-4113,-15421,4213,
-4071,-15435,4198,
-4119,-15412,4130,
-4094,-15436,4122,
-4039,-15446,4148,
-4056,-15450,4167,
-4049,-15434,4157,
-4025,-15397,4166,
-4057,-15414,4207,
-3995,-15394,4233,
-4043,-15397,4253,
-4058,-15394,4253,
-4046,-15376,4224,
-4064,-15386,4282,
-4066,-15389,4259,
-4090,-15385,4252,
-4095,-15431,4266,
-4066,-15481,4276,
-4112,-15515,4261,
-4072,-15486,4231,
-4104,-15481,4208,
-4065,-15466,4198,
-4103,-15433,4188,
-4063,-15521,4188,
-4023,-15539,4189,
-4015,-15494,4139,
-4041,-15495,4155,
-4004,-15515,4174,
-4010,-15523,4229,
-4052,-15517,4203,
-4021,-15512,4189,
-4022,-15480,4179,
-4050,-15478,4166,
-3981,-15448,4222,
-4027,-15469,4236,
-4018,-15486,4215,
-4007,-15431,4233,
-4002,-15389,4228,
-3963,-15414,4238,
-3959,-15484,4288,
-4032,-15401,4225,
-4005,-15392,4227,
-4035,-15388,4269,
-4043,-15421,4305,
-4069,-15423,4254,
-4058,-15383,4250,
-4069,-15363,4227,
-4054,-15372,4275,
-4098,-15427,4290,
-4089,-15430,4281,
-4073,-15421,4219,
-4107,-15383,4181,
-4046,-15361,4203,
-4016,-15422,4208,
-4016,-15396,4229,
-4015,-15403,4186,
-4031,-15439,4186,
-3994,-15480,4132,
-4013,-15491,4192,
-4006,-15457,4189,
-4010,-15414,4182,
-3990,-15395,4148,
-3998,-15459,4239,
-4050,-15455,4252,
-3996,-15452,4212,
-4035,-15415,4187,
-4025,-15433,4192,
-4019,-15476,4231,
-4038,-15472,4230,
-4000,-15465,4200,
-4025,-15469,4237,
-3995,-15469,4251,
-3978,-15482,4192,
-3981,-15459,4224,
-4020,-15480,4225,
-4013,-15457,4222,
-4018,-15493,4176,
-4040,-15474,4156,
-4037,-15436,4196,
-4077,-15481,4235,
-4039,-15491,4199,
-4022,-15449,4235,
-4050,-15482,4266,
-4058,-15441,4198,
-4108,-15382,4169,
-4099,-15456,4200,
-4072,-15404,4226,
-4070,-15405,4258,
-4081,-15404,4264,
-4081,-15430,4229,
-4086,-15419,4236,
-4128,-15450,4236,
-4059,-15453,4264,
-4022,-15505,4271,
-4054,-15518,4249,
-4081,-15518,4246,
-4052,-15451,4217,
-4025,-15531,4228,
-4023,-15532,4278,
-4045,-15514,4265,
-4011,-15471,4251,
-4033,-15498,4245,
-4107,-15433,4251,
-4035,-15413,4225,
-3977,-15474,4244,
-3972,-15394,4283,
-3964,-15392,4316,
-3966,-15399,4281,
-4009,-15383,4247,
-4012,-15424,4250,
-3949,-15422,4269,
-3978,-15486,4271,
-3991,-15430,4185,
-3989,-15416,4185,
-3994,-15434,4164,
-3972,-15476,4210,
-3980,-15419,4166,
-3988,-15417,4210,
-4026,-15409,4233,
-4067,-15416,4187,
-4031,-15451,4219,
-4027,-15393,4308,
-4069,-15366,4259,
-4036,-15372,4300,
-4023,-15411,4315,
-4058,-15370,4306,
-4022,-15348,4278,
-4017,-15314,4311,
-3979,-15376,4356,
-4001,-15405,4366,
-3984,-15359,4347,
-4012,-15360,4323,
-4047,-15365,4292,
-3985,-15366,4299,
-4024,-15350,4281,
-4026,-15364,4290,
-4008,-15396,4291,
-4038,-15408,4239,
-4053,-15452,4210,
-4065,-15446,4225,
-4043,-15422,4230,
-4046,-15409,4209,
-4013,-15401,4203,
-4048,-15427,4212,
-3986,-15372,4231,
-4026,-15347,4269,
-4031,-15344,4226,
-4035,-15378,4224,
-4003,-15343,4260,
-4024,-15384,4227,
-3999,-15390,4213,
-4058,-15388,4228,
-3991,-15418,4255,
-4022,-15412,4241,
-4019,-15412,4228,
-4016,-15382,4203,
-4010,-15434,4208,
-4001,-15433,4236,
-4026,-15411,4288,
-4040,-15406,4240,
-4003,-15430,4240,
-4075,-15396,4259,
-4065,-15436,4204,
-4042,-15404,4202,
-4041,-15434,4167,
-4092,-15383,4192,
-4111,-15347,4198,
-4126,-15398,4187,
-4094,-15425,4261,
-4105,-15410,4253,
-4100,-15447,4226,
-4087,-15421,4233,
-4096,-15441,4246,
-4137,-15345,4187,
-4062,-15376,4203,
-4048,-15421,4289,
-4041,-15417,4301,
-4063,-15407,4339,
-4069,-15439,4354,
-4020,-15388,4331,
-4049,-15411,4339,
-4039,-15431,4371,
-4047,-15443,4356,
-4058,-15496,4377,
-4040,-15486,4349,
-3996,-15485,4315,
-4024,-15450,4313,
-4028,-15418,4290,
-4044,-15485,4288,
-4033,-15465,4263,
-4049,-15417,4240,
-4058,-15394,4244,
-4107,-15434,4235,
-4109,-15457,4209,
-4083,-15439,4208,
-4128,-15465,4262,
-4091,-15496,4267,
-4105,-15508,4251,
-4139,-15434,4204,
-4123,-15449,4230,
-4169,-15410,4235,
-4127,-15430,4270,
-4128,-15426,4249,
-4122,-15388,4270,
-4107,-15346,4253,
-4136,-15365,4270,
-4172,-15390,4278,
-4143,-15412,4294,
-4125,-15376,4276,
-4138,-15353,4300,
-4097,-15290,4258,
-4125,-15356,4275,
-4083,-15357,4360,
-4079,-15389,4319,
-4049,-15399,4269,
-4079,-15389,4292,
-4045,-15397,4277,
-4067,-15389,4253,
-4033,-15453,4267,
-4046,-15443,4200,
-4010,-15469,4224,
-4068,-15424,4170,
-4076,-15408,4155,
-4053,-15384,4053,
-4105,-15374,4069,
-4062,-15399,4084,
-4054,-15416,4148,
-4086,-15401,4104,
-4088,-15396,4078,
-4062,-15444,4127,
-4140,-15393,4150,
-4102,-15434,4200,
-4050,-15409,4177,
-4068,-15386,4271,
-4068,-15402,4274,
-4059,-15406,4286,
-4087,-15411,4259,
-4108,-15409,4283,
-4093,-15401,4301,
-4107,-15441,4335,
-4146,-15448,4325,
-4165,-15481,4318,
-4153,-15417,4298,
-4168,-15403,4291,
-4124,-15429,4301,
-4137,-15444,4302,
-4127,-15455,4268,
-4130,-15398,4284,
-4131,-15420,4210,
-4125,-15425,4215,
-4112,-15426,4245,
-4161,-15436,4201,
-4090,-15410,4243,
-4144,-15385,4174,
-4157,-15373,4178,
-4147,-15362,4140,
-4161,-15353,4169,
-4123,-15422,4191,
-4101,-15407,4192,
-4132,-15409,4220,
-4141,-15450,4212,
-4127,-15468,4220,
-4096,-15486,4245,
-4129,-15491,4212,
-4125,-15413,4153,
-4122,-15388,4187,
-4091,-15432,4172,
-4118,-15428,4236,
-4156,-15341,4144,
-4172,-15376,4130,
-4172,-15473,4161,
-4187,-15448,4180,
-4149,-15492,4169,
-4275,-15533,4215,
-4267,-15505,4231,
-4253,-15497,4239,
-4198,-15533,4276,
-4212,-15578,4358,
-4196,-15624,4390,
-4130,-15510,4391,
-4102,-15473,4468,
-4097,-15464,4398,
-4090,-15467,4422,
-4096,-15484,4394,
-4088,-15491,4376,
-4080,-15434,4294,
-4054,-15373,4264,
-4098,-15408,4244,
-4095,-15348,4147,
-4137,-15384,4124,
-4170,-15329,4082,
-4169,-15317,4086,
-4145,-15292,4060,
-4194,-15239,4056,
-4178,-15241,4092,
-4159,-15270,4119,
-4183,-15291,4136,
-4167,-15264,4156,
-4130,-15277,4166,
-4105,-15264,4205,
-4127,-15345,4248,
-4135,-15322,4293,
-4112,-15299,4248,
-4115,-15331,4231,
-4106,-15308,4223,
-4161,-15292,4175,
-4093,-15263,4133,
-4130,-15342,4148,
-4072,-15394,4153,
-4126,-15385,4153,
-4163,-15389,4130,
-4122,-15372,4105,
-4133,-15371,4105,
-4140,-15419,4087,
-4108,-15393,4076,
-4116,-15476,4110,
-4116,-15457,4085,
-4112,-15408,4127,
-4132,-15386,4138,
-4148,-15386,4133,
-4131,-15450,4209,
-4155,-15436,4255,
-4165,-15437,4279,
-4168,-15451,4314,
-4174,-15430,4301,
-4176,-15416,4343,
-4198,-15417,4317,
-4208,-15386,4307,
-4188,-15340,4319,
-4191,-15404,4267,
-4173,-15382,4328,
-4177,-15420,4322,
-4203,-15349,4264,
-4146,-15350,4272,
-4219,-15352,4203,
-4256,-15312,4185,
-4213,-15360,4149,
-4210,-15384,4158,
-4207,-15429,4188,
-4193,-15391,4164,
-4185,-15342,4123,
-4153,-15333,4114,
-4144,-15362,4137,
-4144,-15421,4180,
-4117,-15421,4145,
-4114,-15421,4143,
-4099,-15426,4155,
-4098,-15364,4114,
-4136,-15315,4141,
-4102,-15366,4142,
-4101,-15375,4141,
-4104,-15383,4129,
-4115,-15373,4096,
-4093,-15383,4117,
-4145,-15423,4157,
-4142,-15402,4138,
-4136,-15384,4160,
-4129,-15422,4191,
-4136,-15417,4207,
-4152,-15444,4218,
-4180,-15419,4181,
-4143,-15447,4186,
-4149,-15445,4198,
-4148,-15405,4195,
-4118,-15390,4213,
-4116,-15442,4218,
-4160,-15468,4250,
-4156,-15392,4115,
-4219,-15463,4147,
-4225,-15404,4068,
-4249,-15456,4134,
-4259,-15409,4116,
-4278,-15431,4113,
-4226,-15384,4108,
-4210,-15446,4097,
-4198,-15433,4173,
-4205,-15431,4148,
-4193,-15461,4107,
-4201,-15407,4114,
-4208,-15420,4129,
-4158,-15478,4161,
-4178,-15481,4189,
-4150,-15456,4225,
-4204,-15450,4162,
-4214,-15467,4138,
-4198,-15439,4220,
-4141,-15418,4168,
-4155,-15455,4181,
-4138,-15370,4132,
-4199,-15398,4143,
-4177,-15423,4132,
-4165,-15462,4115,
-4206,-15500,4085,
-4171,-15496,4079,
-4195,-15469,4104,
-4180,-15467,4064,
-4150,-15453,4070,
-4128,-15424,4092,
-4138,-15456,4114,
-4091,-15459,4175,
-4125,-15420,4134,
-4112,-15438,4223,
-4157,-15410,4210,
-4161,-15421,4218,
-4166,-15380,4253,
-4163,-15396,4254,
-4150,-15407,4270,
-4158,-15366,4228,
-4124,-15412,4243,
-4170,-15399,4257,
-4204,-15418,4187,
-4222,-15417,4174,
-4186,-15368,4143,
-4202,-15384,4060,
-4237,-15392,4022,
-4198,-15405,3977,
-4208,-15397,3990,
-4193,-15414,4001,
-4191,-15426,3994,
-4209,-15402,3997,
-4152,-15452,4053,
-4139,-15433,3999,
-4108,-15414,4050,
-4126,-15447,4104,
-4071,-15422,4124,
-4072,-15417,4147,
-4099,-15417,4178,
-4087,-15385,4178,
-4093,-15414,4227,
-4105,-15436,4210,
-4134,-15424,4239,
-4158,-15393,4176,
-4170,-15398,4167,
-4149,-15437,4134,
-4145,-15465,4174,
-4162,-15507,4195,
-4173,-15494,4097,
-4191,-15544,4081,
-4206,-15549,4053,
-4139,-15454,3968,
-4122,-15442,4030,
-4245,-15522,4023,
-4253,-15618,4048,
-4191,-15531,4025,
-4214,-15494,4006,
-4210,-15509,4071,
-4157,-15497,4124,
-4172,-15453,4089,
-4190,-15450,4149,
-4162,-15421,4160,
-4196,-15433,4183,
-4185,-15404,4225,
-4201,-15394,4236,
-4197,-15400,4249,
-4203,-15337,4221,
-4136,-15371,4201,
-4169,-15383,4237,
-4167,-15399,4199,
-4168,-15391,4192,
-4173,-15358,4129,
-4202,-15414,4095,
-4146,-15451,4085,
-4099,-15444,4093,
-4144,-15446,4034,
-4162,-15416,4045,
-4161,-15422,3944,
-4114,-15434,3959,
-4121,-15443,3975,
-4143,-15477,4032,
-4114,-15409,4043,
-4124,-15402,4062,
-4120,-15412,4020,
-4114,-15440,4038,
-4093,-15459,4082,
-4126,-15403,4090,
-4113,-15428,4075,
-4109,-15435,4103,
-4133,-15389,4151,
-4150,-15394,4151,
-4127,-15379,4146,
-4124,-15430,4136,
-4189,-15436,4151,
-4158,-15418,4147,
-4188,-15446,4140,
-4184,-15408,4089,
-4169,-15431,4113,
-4188,-15432,4075,
-4194,-15422,4084,
-4141,-15461,4069,
-4129,-15473,4078,
-4159,-15499,4122,
-4157,-15470,4095,
-4164,-15416,4074,
-4139,-15445,4118,
-4150,-15483,4108,
-4183,-15464,4136,
-4152,-15440,4094,
-4153,-15419,4077,
-4176,-15411,4120,
-4188,-15472,4097,
-4179,-15459,4129,
-4213,-15456,4023,
-4204,-15449,4032,
-4212,-15478,4023,
-4218,-15499,4075,
-4172,-15474,4063,
-4151,-15427,4089,
-4139,-15462,4107,
-4120,-15428,4044,
-4107,-15431,4092,
-4139,-15440,4116,
-4158,-15442,4087,
-4130,-15452,4108,
-4143,-15428,4053,
-4167,-15474,4041,
-4189,-15403,4098,
-4130,-15446,4072,
-4164,-15455,4114,
-4143,-15510,4097,
-4108,-15495,4121,
-4151,-15462,4072,
-4100,-15446,4106,
-4115,-15481,4120,
-4078,-15478,4114,
-4108,-15462,4124,
-4125,-15469,4113,
-4157,-15482,4078,
-4141,-15484,4083,
-4164,-15484,4119,
-4105,-15418,4122,
-4162,-15340,4037,
-4155,-15331,4035,
-4159,-15386,4083,
-4135,-15379,4149,
-4205,-15323,4122,
-4139,-15364,4084,
-4139,-15376,4124,
-4132,-15418,4137,
-4180,-15406,4110,
-4171,-15435,4116,
-4098,-15413,4058,
-4147,-15402,4034,
-4110,-15426,4009,
-4144,-15448,3980,
-4117,-15438,4051,
-4105,-15378,4028,
-4150,-15507,4014,
-4194,-15455,3994,
-4144,-15462,3984,
-4144,-15497,4017,
-4158,-15513,3985,
-4138,-15476,4007,
-4124,-15482,4044,
-4141,-15498,4111,
-4132,-15484,4033,
-4127,-15523,4103,
-4113,-15504,4113,
-4124,-15470,4082,
-4131,-15475,4055,
-4126,-15463,4081,
-4109,-15469,4108,
-4129,-15482,4097,
-4132,-15510,4148,
-4131,-15514,4184,
-4134,-15502,4134,
-4155,-15464,4099,
-4148,-15420,4060,
-4155,-15448,4115,
-4159,-15426,4092,
-4155,-15418,4130,
-4171,-15447,4129,
-4171,-15440,4118,
-4198,-15391,4080,
-4152,-15431,4129,
-4160,-15467,4124,
-4166,-15472,4114,
-4155,-15445,4133,
-4142,-15504,4096,
-4146,-15511,4081,
-4074,-15481,4117,
-4088,-15414,4093,
-4102,-15425,4072,
-4083,-15484,4087,
-4086,-15498,4123,
-4089,-15458,4088,
-4085,-15447,4080,
-4110,-15456,4062,
-4101,-15445,4058,
-4093,-15406,3998,
-4091,-15425,3995,
-4091,-15436,3995,
-4091,-15420,4038,
-4087,-15437,4030,
-4148,-15419,4045,
-4104,-15432,4014,
-4093,-15420,4012,
-4080,-15430,4076,
-4107,-15438,4097,
-4102,-15433,4084,
-4107,-15507,4074,
-4136,-15431,4085,
-4140,-15421,4070,
-4130,-15379,4051,
-4161,-15392,4038,
-4152,-15400,4063,
-4137,-15444,4029,
-4156,-15460,4063,
-4163,-15454,4083,
-4135,-15465,4064,
-4176,-15443,4075,
-4130,-15493,4087,
-4128,-15465,4087,
-4127,-15466,4097,
-4127,-15473,4114,
-4079,-15447,4155,
-4091,-15470,4125,
-4075,-15431,4121,
-4112,-15429,4158,
-4090,-15410,4176,
-4128,-15444,4115,
-4142,-15435,4079,
-4151,-15485,4104,
-4146,-15465,4075,
-4132,-15495,4084,
-4111,-15476,4041,
-4125,-15486,4048,
-4077,-15466,4036,
-4108,-15511,4050,
-4078,-15483,4037,
-4127,-15447,4020,
-4120,-15478,4002,
-4144,-15481,3993,
-4118,-15463,4014,
-4131,-15475,4023,
-4098,-15493,4044,
-4118,-15467,4054,
-4118,-15416,4062,
-4124,-15472,4045,
-4138,-15494,4121,
-4102,-15468,4150,
-4057,-15490,4155,
-4050,-15477,4154,
-4046,-15430,4185,
-4011,-15414,4138,
-4056,-15409,4160,
-4054,-15431,4130,
-4103,-15404,4110,
-4079,-15415,4106,
-4078,-15428,4136,
-4123,-15448,4106,
-4100,-15420,4078,
-4108,-15390,4093,
-4135,-15421,4060,
-4173,-15382,4038,
-4131,-15400,4041,
-4091,-15423,4059,
-4123,-15433,4099,
-4118,-15403,4100,
-4071,-15408,4111,
-4055,-15442,4145,
-4066,-15473,4117,
-4080,-15435,4100,
-4084,-15409,4028,
-4143,-15365,3990,
-4095,-15445,4017,
-4080,-15478,3999,
-4106,-15505,4023,
-4100,-15477,3963,
-4066,-15483,3971,
-4094,-15460,3959,
-4126,-15465,3923,
-4103,-15447,3896,
-4106,-15467,3983,
-4132,-15475,4007,
-4110,-15470,4028,
-4067,-15475,4095,
-4063,-15464,4155,
-4077,-15473,4162,
-4045,-15500,4170,
-4043,-15509,4221,
-4075,-15497,4194,
-4080,-15514,4202,
-4052,-15554,4187,
-4077,-15526,4131,
-4112,-15466,4076,
-4127,-15503,4060,
-4129,-15464,4033,
-4131,-15487,4009,
-4144,-15480,3981,
-4158,-15493,3998,
-4147,-15471,4005,
-4130,-15470,4014,
-4139,-15455,4067,
-4118,-15407,4050,
-4060,-15461,4082,
-4053,-15475,4105,
-4075,-15415,4127,
-4037,-15454,4168,
-4040,-15401,4121,
-4068,-15411,4107,
-4029,-15455,4130,
-4013,-15431,4101,
-4058,-15468,4151,
-4074,-15415,4113,
-4063,-15458,4060,
-4081,-15459,4066,
-4078,-15509,4019,
-4120,-15463,3982,
-4079,-15499,3956,
-4134,-15455,3903,
-4084,-15477,3882,
-4031,-15488,3921,
-4028,-15430,3941,
-3990,-15401,3944,
-4000,-15422,4053,
-4041,-15413,4050,
-3987,-15423,4096,
-3957,-15431,4100,
-3977,-15437,4144,
-3980,-15430,4195,
-4030,-15457,4220,
-4024,-15495,4261,
-4017,-15430,4240,
-4021,-15441,4159,
-4007,-15455,4144,
-4006,-15451,4152,
-4025,-15489,4128,
-4016,-15509,4119,
-4047,-15448,4086,
-4055,-15400,4059,
-4078,-15398,4012,
-4083,-15438,4094,
-4137,-15446,4073,
-4171,-15312,4063,
-4175,-15436,3983,
-4158,-15424,3927,
-4147,-15491,4015,
-4170,-15481,4015,
-4148,-15493,3960,
-4126,-15467,3981,
-4136,-15423,3917,
-4128,-15437,3989,
-4153,-15466,3957,
-4098,-15489,3977,
-4106,-15471,4006,
-4111,-15520,4054,
-4124,-15538,4068,
-4078,-15520,4089,
-4028,-15493,4078,
-4098,-15459,4113,
-4034,-15450,4112,
-4025,-15448,4125,
-4025,-15454,4116,
-4084,-15375,4099,
-4055,-15368,4061,
-4073,-15486,4086,
-4079,-15501,4070,
-4142,-15501,4054,
-4097,-15531,4039,
-4051,-15516,4036,
-4078,-15485,4058,
-4066,-15531,4077,
-4058,-15527,4074,
-4073,-15495,4021,
-4047,-15495,4025,
-4021,-15515,4064,
-4041,-15604,4119,
-4055,-15532,4070,
-4089,-15466,4048,
-4069,-15511,4084,
-4066,-15475,4083,
-4101,-15484,4110,
-4063,-15476,4173,
-4099,-15482,4176,
-4067,-15510,4139,
-4107,-15429,4115,
-4089,-15444,4131,
-4071,-15408,4140,
-4066,-15420,4138,
-4067,-15445,4123,
-4063,-15410,4133,
-4066,-15438,4119,
-4031,-15389,4065,
-4062,-15382,4065,
-4053,-15448,4112,
-4033,-15486,4046,
-4128,-15423,4012,
-4116,-15442,3966,
-4086,-15455,3993,
-4069,-15500,4034,
-4114,-15510,4013,
-4117,-15483,3952,
-4114,-15488,3932,
-4102,-15510,4017,
-4115,-15522,4063,
-4130,-15517,4037,
-4062,-15472,4067,
-4051,-15473,4061,
-4068,-15465,4074,
-4025,-15499,4120,
-4074,-15487,4116,
-4007,-15526,4155,
-4054,-15515,4146,
-4076,-15455,4129,
-4119,-15459,4076,
-4105,-15494,4103,
-4095,-15498,4093,
-4073,-15536,4093,
-4085,-15500,4045,
-4113,-15482,4068,
-4095,-15525,4075,
-4119,-15509,4058,
-4123,-15472,4040,
-4146,-15474,4003,
-4116,-15367,4049,
-4090,-15398,4067,
-4090,-15436,4099,
-4125,-15452,4113,
-4115,-15384,4122,
-4068,-15402,4117,
-4030,-15439,4175,
-4049,-15466,4207,
-4020,-15428,4194,
-4022,-15459,4178,
-4017,-15418,4189,
-4044,-15421,4184,
-4001,-15439,4151,
-4031,-15434,4085,
-4042,-15398,4014,
-4050,-15432,4036,
-4071,-15471,4038,
-4073,-15496,4026,
-4043,-15441,3986,
-4054,-15434,3989,
-4078,-15476,4002,
-4029,-15459,3998,
-4060,-15442,4031,
-4056,-15412,4059,
-4011,-15396,4071,
-4058,-15427,4075,
-4048,-15438,4108,
-3989,-15484,4152,
-4035,-15465,4154,
-4032,-15471,4154,
-4004,-15443,4158,
-4036,-15437,4151,
-4060,-15424,4144,
-4045,-15460,4134,
-4070,-15476,4209,
-4036,-15482,4167,
-4075,-15425,4106,
-4047,-15428,4115,
-4074,-15454,4129,
-4104,-15420,4086,
-4083,-15404,4059,
-4086,-15427,4077,
-4054,-15449,4093,
-4032,-15444,4123,
-4051,-15431,4114,
-4045,-15491,4147,
-4045,-15474,4140,
-4075,-15428,4178,
-4120,-15478,4109,
-4109,-15467,4079,
-4100,-15585,4102,
-4105,-15544,4054,
-4107,-15531,4003,
-4112,-15550,4010,
-4140,-15579,4001,
-4083,-15571,4027,
-4099,-15593,4078,
-4087,-15526,4060,
-4029,-15481,4006,
-4066,-15431,4019,
-4049,-15418,4056,
-4044,-15414,4053,
-4054,-15456,4090,
-4013,-15458,4130,
-4034,-15453,4153,
-4007,-15487,4150,
-4008,-15457,4119,
-3979,-15449,4192,
-3989,-15464,4163,
-3977,-15453,4187,
-4018,-15431,4173,
-3992,-15472,4161,
-4019,-15500,4128,
-4033,-15427,4078,
-4002,-15428,4071,
-4034,-15428,4059,
-4087,-15502,4091,
-4088,-15503,4125,
-4113,-15456,3995,
-4097,-15438,3998,
-4062,-15450,4042,
-4081,-15464,4077,
-4074,-15438,4088,
-4044,-15431,4075,
-4071,-15391,4126,
-4013,-15421,4155,
-4064,-15412,4198,
-4056,-15425,4216,
-4053,-15410,4203,
-4013,-15395,4229,
-4058,-15432,4183,
-4057,-15421,4141,
-4074,-15355,4108,
-4046,-15398,4041,
-4066,-15456,4073,
-4062,-15505,4024,
-4071,-15426,3961,
-4068,-15487,3959,
-4073,-15489,3996,
-4052,-15470,3966,
-4060,-15456,3958,
-4025,-15399,3992,
-4015,-15492,4003,
-4013,-15520,4114,
-4034,-15539,4107,
-4005,-15527,4136,
-4060,-15509,4104,
-3967,-15504,4136,
-3996,-15552,4165,
-3985,-15529,4136,
-3997,-15538,4190,
-3982,-15514,4123,
-4074,-15498,4104,
-4073,-15497,4115,
-4128,-15485,4105,
-4108,-15481,4084,
-4113,-15501,4089,
-4146,-15508,4055,
-4103,-15489,4089,
-4115,-15451,4079,
-4093,-15484,4094,
-4049,-15473,4098,
-4112,-15442,4077,
-4082,-15469,4103,
-4067,-15440,4161,
-4108,-15500,4170,
-4052,-15461,4188,
-4046,-15421,4211,
-4061,-15405,4145,
-4056,-15447,4153,
-4064,-15461,4145,
-4056,-15457,4138,
-4063,-15424,4076,
-4041,-15412,4042,
-4053,-15503,4086,
-4064,-15459,4081,
-4052,-15450,4025,
-4012,-15481,4021,
-4076,-15484,3971,
-4049,-15492,4003,
-4012,-15437,3975,
-3989,-15481,3976,
-4020,-15486,3991,
-4031,-15508,4047,
-4050,-15437,3975,
-4025,-15449,3990,
-4034,-15458,4027,
-4052,-15384,4011,
-4065,-15417,4077,
-3984,-15424,4119,
-4004,-15422,4136,
-4056,-15406,4179,
-4045,-15383,4125,
-4030,-15468,4122,
-4046,-15435,4169,
-4057,-15428,4145,
-4068,-15435,4082,
-4087,-15470,4114,
-4082,-15468,4085,
-4059,-15391,4043,
-4098,-15433,4038,
-4062,-15463,4077,
-4103,-15475,4080,
-4104,-15505,4112,
-4096,-15469,4074,
-4117,-15509,4080,
-4101,-15471,4087,
-4035,-15480,4099,
-4058,-15515,4079,
-4055,-15489,4113,
-3994,-15450,4093,
-4041,-15422,4120,
-4032,-15476,4113,
-4078,-15429,4113,
-4099,-15446,4088,
-4069,-15474,4129,
-4092,-15487,4108,
-4118,-15471,4069,
-4066,-15497,4105,
-4072,-15477,4111,
-4069,-15488,4105,
-4062,-15491,4117,
-4015,-15453,4127,
-4021,-15453,4081,
-4046,-15436,4121,
-4057,-15391,4084,
-4059,-15432,4107,
-4072,-15442,4133,
-4108,-15469,4106,
-4061,-15439,4110,
-4057,-15453,4095,
-4103,-15481,4076,
-4050,-15430,4115,
-4015,-15452,4216,
-4133,-15619,4141,
-4149,-15631,4112,
-4098,-15507,4055,
-4108,-15518,4040,
-4120,-15578,4074,
-4094,-15496,4068,
-4108,-15519,4018,
-4130,-15554,4049,
-4099,-15526,4017,
-4091,-15460,4039,
-4085,-15462,4089,
-4094,-15450,4082,
-4068,-15387,4105,
-4065,-15370,4140,
-4075,-15394,4205,
-4044,-15381,4244,
-4043,-15354,4230,
-4035,-15370,4244,
-4059,-15325,4218,
-4060,-15344,4164,
-4124,-15280,4095,
-4091,-15377,4107,
-4049,-15452,4119,
-4100,-15428,4086,
-4096,-15425,4080,
-4114,-15458,4017,
-4134,-15450,3968,
-4093,-15482,3964,
-4097,-15503,3957,
-4060,-15475,3917,
-4090,-15543,3948,
-4067,-15509,3983,
-4062,-15482,4050,
-4055,-15463,4038,
-4050,-15457,4034,
-4025,-15445,4015,
-4058,-15441,4061,
-4044,-15465,4166,
-4020,-15462,4192,
-4042,-15473,4179,
-4079,-15441,4186,
-4087,-15445,4164,
-4064,-15484,4203,
-4076,-15484,4182,
-4109,-15488,4156,
-4099,-15471,4144,
-4108,-15443,4132,
-4093,-15432,4088,
-4160,-15440,4132,
-4163,-15463,4126,
-4169,-15460,4071,
-4163,-15480,4080,
-4141,-15440,4093,
-4121,-15433,4072,
-4129,-15490,4160,
-4136,-15475,4160,
-4112,-15461,4126,
-4089,-15450,4134,
-4092,-15503,4138,
-4102,-15476,4155,
-4097,-15493,4138,
-4054,-15515,4130,
-4040,-15448,4147,
-4061,-15425,4137,
-4071,-15467,4150,
-4026,-15454,4138,
-4065,-15444,4106,
-4053,-15409,4091,
-4015,-15434,4083,
-4079,-15454,4135,
-4076,-15430,4083,
-4056,-15401,4082,
-4051,-15432,4100,
-4079,-15457,4090,
-4084,-15427,4103,
-4081,-15437,4121,
-4078,-15441,4158,
-4074,-15447,4129,
-4087,-15433,4121,
-4071,-15391,4079,
-4126,-15425,4073,
-4103,-15476,4130,
-4083,-15451,4107,
-4132,-15486,4126,
-4110,-15432,4117,
-4146,-15429,4121,
-4106,-15457,4111,
-4096,-15436,4097,
-4138,-15425,4065,
-4126,-15437,4045,
-4147,-15422,4015,
-4118,-15446,4067,
-4127,-15409,4058,
-4074,-15430,4073,
-4126,-15395,4078,
-4139,-15400,4107,
-4142,-15425,4150,
-4097,-15416,4151,
-4106,-15396,4159,
-4113,-15398,4147,
-4083,-15377,4179,
-4103,-15395,4173,
-4078,-15409,4179,
-4086,-15407,4135,
-4122,-15458,4141,
-4133,-15416,4115,
-4166,-15426,4120,
-4192,-15453,4058,
-4156,-15483,4038,
-4117,-15486,4082,
-4168,-15491,4056,
-4121,-15457,4126,
-4096,-15427,4051,
-4113,-15452,4089,
-4086,-15455,4107,
-4095,-15412,4068,
-4070,-15441,4068,
-4106,-15438,4076,
-4107,-15483,4136,
-4124,-15476,4144,
-4125,-15442,4105,
-4069,-15457,4142,
-4078,-15423,4195,
-4119,-15454,4197,
-4071,-15513,4232,
-4109,-15483,4233,
-4090,-15461,4246,
-4146,-15488,4191,
-4097,-15440,4174,
-4116,-15461,4180,
-4149,-15449,4142,
-4115,-15453,4124,
-4148,-15446,4113,
-4128,-15474,4051,
-4135,-15404,4071,
-4128,-15406,4049,
-4164,-15395,4049,
-4166,-15384,4033,
-4098,-15379,4033,
-4160,-15373,4080,
-4112,-15358,4068,
-4154,-15358,4121,
-4066,-15368,4106,
-4090,-15380,4129,
-4074,-15362,4090,
-4051,-15372,4122,
-4094,-15440,4122,
-4060,-15466,4117,
-4071,-15433,4122,
-4032,-15449,4095,
-4125,-15501,4067,
-4119,-15455,4060,
-4119,-15440,3931,
-4124,-15429,3981,
-4125,-15481,3970,
-4106,-15460,3995,
-4078,-15455,3995,
-4138,-15468,4073,
-4132,-15487,4042,
-4101,-15479,4059,
-4073,-15476,4133,
-4087,-15439,4135,
-4094,-15497,4123,
-4099,-15485,4146,
-4127,-15482,4142,
-4153,-15482,4137,
-4141,-15443,4143,
-4152,-15459,4178,
-4177,-15441,4090,
-4151,-15475,4089,
-4169,-15485,4089,
-4152,-15461,4080,
-4179,-15468,4125,
-4159,-15479,4111,
-4178,-15453,4077,
-4165,-15451,4053,
-4159,-15463,4063,
-4164,-15493,4098,
-4154,-15451,4111,
-4130,-15411,4102,
-4158,-15408,4031,
-4179,-15454,4072,
-4104,-15471,4087,
-4097,-15553,4135,
-4127,-15491,4093,
-4075,-15453,4070,
-4078,-15448,4091,
-4062,-15465,4087,
-4065,-15505,4106,
-4067,-15494,4094,
-4078,-15474,4040,
-4084,-15457,4022,
-4089,-15434,3998,
-4084,-15473,3951,
-4051,-15372,3922,
-4031,-15429,4010,
-4123,-15495,4038,
-4104,-15484,3986,
-4130,-15440,3991,
-4094,-15406,3964,
-4056,-15419,4052,
-4048,-15472,4074,
-4096,-15363,4019,
-4073,-15390,4068,
-4094,-15388,4097,
-4080,-15444,4109,
-4093,-15383,4101,
-4040,-15454,4121,
-4094,-15476,4105,
-4081,-15460,4114,
-4119,-15474,4085,
-4121,-15431,4078,
-4052,-15453,4071,
-4062,-15439,4087,
-4106,-15482,4076,
-4096,-15488,4073,
-4097,-15488,4059,
-4114,-15518,4016,
-4065,-15504,3999,
-4099,-15507,3981,
-4085,-15471,4007,
-4061,-15445,4011,
-4053,-15450,3981,
-4044,-15456,4021,
-4025,-15479,4065,
-4039,-15388,4024,
-4056,-15427,4025,
-4021,-15489,4111,
-4108,-15477,4064,
-4108,-15495,4041,
-4115,-15548,4063,
-4090,-15512,4032,
-4088,-15497,4023,
-4138,-15494,4029,
-4098,-15500,4036,
-4064,-15458,3959,
-4116,-15442,4047,
-4057,-15521,4030,
-4080,-15498,4044,
-4087,-15476,4002,
-4109,-15514,4009,
-4127,-15566,4019,
-4098,-15583,4059,
-4090,-15554,4046,
-4101,-15533,4017,
-4023,-15567,4052,
-4001,-15528,4043,
-3995,-15510,4033,
-4001,-15482,4069,
-4047,-15494,4050,
-4004,-15540,4102,
-4032,-15543,4121,
-4105,-15543,4101,
-4058,-15435,4042,
-4076,-15466,4062,
-4080,-15482,4095,
-4041,-15487,4098,
-4103,-15434,4078,
-4132,-15463,4014,
-4113,-15443,4014,
-4099,-15457,4066,
-4126,-15432,4070,
-4096,-15490,4063,
-4080,-15448,4041,
-4081,-15468,4034,
-4085,-15433,4001,
-4054,-15495,4005,
-4054,-15497,4011,
-4046,-15505,4033,
-4044,-15488,3980,
-4046,-15512,3941,
-4047,-15482,3993,
-4030,-15517,4011,
-4024,-15485,3929,
-4046,-15494,3983,
-4023,-15487,3981,
-3966,-15467,4031,
-4027,-15512,4042,
-4020,-15467,4041,
-4036,-15496,4072,
-3926,-15481,4088,
-3957,-15498,4142,
-3998,-15491,4112,
-3984,-15468,4117,
-3980,-15472,4073,
-4024,-15497,4082,
-3993,-15508,4124,
-4046,-15465,4089,
-4055,-15466,4062,
-4098,-15496,4020,
-4095,-15490,4014,
-4114,-15513,4003,
-4124,-15547,3991,
