-4152,-15520,3916,
-4126,-15465,3904,
-4127,-15436,3931,
-4097,-15440,3929,
-4071,-15472,4029,
-4034,-15486,4039,
-4032,-15489,4054,
-4053,-15461,4097,
-3997,-15505,4115,
-3980,-15475,4170,
-3964,-15457,4190,
-4010,-15502,4196,
-4024,-15479,4159,
-4006,-15486,4096,
-4027,-15428,4150,
-4007,-15467,4107,
-4022,-15457,4065,
-4039,-15440,3969,
-4010,-15460,3992,
-4019,-15501,3973,
-3995,-15443,3948,
-4051,-15421,3859,
-4044,-15482,3857,
-3959,-15438,3863,
-4001,-15498,3958,
-4007,-15484,4014,
-3973,-15453,4019,
-3992,-15514,4000,
-3989,-15489,4060,
-3993,-15486,4050,
-3964,-15471,4095,
-3985,-15478,4113,
-3960,-15463,4117,
-3977,-15490,4120,
-3998,-15479,4086,
-4040,-15431,4061,
-4029,-15418,4041,
-4049,-15406,3997,
-4072,-15440,4027,
-4027,-15454,4028,
-4051,-15478,3986,
-4042,-15462,3989,
-4079,-15452,3968,
-4040,-15457,3981,
-4035,-15502,3965,
-4054,-15508,4015,
-3996,-15507,3993,
-3996,-15479,4004,
-4015,-15481,4015,
-3998,-15454,4052,
-3987,-15466,4069,
-4004,-15469,4044,
-4033,-15482,4049,
-4050,-15479,4051,
-4037,-15506,4029,
-4068,-15507,4050,
-4016,-15517,4024,
-4025,-15518,4059,
-4010,-15506,4060,
-4036,-15538,4034,
-3958,-15515,4033,
-3981,-15475,4012,
-4024,-15471,4025,
-3999,-15492,4065,
-4021,-15497,4059,
-4048,-15502,4061,
-4050,-15537,4029,
-4079,-15527,3962,
-4068,-15550,4003,
-4073,-15530,4011,
-4046,-15524,3968,
-4065,-15478,4011,
-4023,-15561,3983,
-4013,-15527,4032,
-4006,-15506,3974,
-3991,-15484,3981,
-3972,-15500,3998,
-4015,-15538,4080,
-4036,-15530,4095,
-4054,-15539,4036,
-4030,-15454,4032,
-4030,-15490,4042,
-4011,-15478,4011,
-4034,-15484,4052,
-4053,-15468,4050,
-4048,-15437,4041,
-4042,-15493,4055,
-4056,-15478,4029,
-4038,-15483,4000,
-4075,-15456,4035,
-4021,-15440,4010,
-4004,-15462,3994,
-4010,-15461,3976,
-3978,-15476,3994,
-3961,-15432,3989,
-3983,-15438,3963,
-3965,-15468,3974,
-4003,-15442,3933,
-3991,-15478,3933,
-4026,-15503,3957,
-3983,-15498,3966,
-3998,-15459,3981,
-3996,-15470,3979,
-4001,-15510,4001,
-3989,-15549,4020,
-3994,-15549,4007,
-3997,-15463,4030,
-3991,-15520,4072,
-3941,-15516,4069,
-3980,-15526,4077,
-3969,-15542,4076,
-3994,-15556,4066,
-3962,-15558,4074,
-4019,-15529,4038,
-4032,-15521,4052,
-4036,-15543,4062,
-4039,-15529,4044,
-4013,-15483,4075,
-4010,-15482,4043,
-4070,-15490,4077,
-4079,-15492,4079,
-4107,-15491,4052,
-4154,-15515,4068,
-4143,-15479,4018,
-4127,-15487,4012,
-4127,-15531,4074,
-4141,-15493,4072,
-4167,-15520,4067,
-4104,-15437,4042,
-4067,-15442,4018,
-4062,-15466,4032,
-4024,-15482,4054,
-4031,-15505,4065,
-4035,-15425,3987,
-3980,-15431,3981,
-3986,-15441,3985,
-3919,-15466,4017,
-3953,-15431,3921,
-3911,-15424,3884,
-3885,-15462,3902,
-3867,-15458,3914,
-3868,-15529,3883,
-3911,-15518,3924,
-3848,-15572,3904,
-3843,-15556,3923,
-3863,-15559,3943,
-3934,-15532,3968,
-3910,-15486,4027,
-3932,-15484,4021,
-3923,-15486,4009,
-3907,-15496,4065,
-3914,-15478,4074,
-3917,-15493,4061,
-3945,-15513,4076,
-3976,-15476,4066,
-3992,-15479,4084,
-4078,-15465,4082,
-4071,-15483,4068,
-4116,-15473,4122,
-4146,-15447,4096,
-4109,-15415,4077,
-4120,-15439,4072,
-4116,-15441,4069,
-4140,-15439,4028,
-4141,-15444,4008,
-4061,-15493,4038,
-4076,-15517,4053,
-4110,-15553,4068,
-4086,-15532,4024,
-4088,-15569,4042,
-4052,-15590,4062,
-4035,-15589,4073,
-4018,-15557,4062,
-4051,-15512,4026,
-3984,-15495,4067,
-3991,-15495,4048,
-3959,-15483,4052,
-3990,-15492,4033,
-3979,-15391,4007,
-3995,-15456,3991,
-4019,-15520,4032,
-4027,-15546,4056,
-4048,-15506,3986,
-4073,-15524,4002,
-4035,-15524,4012,
-3963,-15479,4015,
-3977,-15539,4068,
-3983,-15504,4021,
-3934,-15528,4009,
-3950,-15469,4018,
-3948,-15536,3966,
-3943,-15511,3999,
-3935,-15524,3980,
-3959,-15561,3955,
-3951,-15526,3965,
-3947,-15559,3986,
-3951,-15514,4002,
-3982,-15503,3994,
-3982,-15517,4061,
-3925,-15479,4040,
-3971,-15473,4014,
-3971,-15395,3964,
-3930,-15513,3975,
-3922,-15499,4065,
-3922,-15464,4072,
-4009,-15433,3996,
-3954,-15477,3985,
-4010,-15529,4025,
-4014,-15508,4009,
-4013,-15468,3995,
-4046,-15482,3967,
-4087,-15543,4002,
-4077,-15525,3971,
-4063,-15454,3954,
-4092,-15450,3922,
-4038,-15488,3933,
-4047,-15522,4031,
-3987,-15533,4042,
-3983,-15515,3992,
-3985,-15534,4021,
-3964,-15537,4038,
-3941,-15545,4048,
-3930,-15492,4001,
-3889,-15547,3974,
-3915,-15589,4004,
-3921,-15547,3996,
-3942,-15494,3961,
-3956,-15550,3932,
-3958,-15552,3952,
-3997,-15559,3976,
-4040,-15442,3872,
-4060,-15461,3899,
-4039,-15499,3920,
-4041,-15532,4011,
-3983,-15489,3983,
-4036,-15483,4006,
-3961,-15538,4004,
-3967,-15512,4049,
-3942,-15484,4013,
-3958,-15486,3948,
-3956,-15496,3963,
-3902,-15571,4024,
-3918,-15574,4071,
-3907,-15578,4065,
-3886,-15537,4021,
-3926,-15527,3979,
-3938,-15515,3983,
-3972,-15525,3948,
-3976,-15544,3866,
-3933,-15594,3931,
-3942,-15541,3938,
-3962,-15502,3959,
-3981,-15439,3901,
-3966,-15494,3956,
-3944,-15557,3986,
-3944,-15532,3996,
-3937,-15529,4001,
-3913,-15537,4040,
-3923,-15518,4057,
-3893,-15542,4050,
-3855,-15514,4096,
-3872,-15496,4086,
-3896,-15512,4082,
-3901,-15493,4089,
-3895,-15539,4068,
-3905,-15482,4089,
-3889,-15492,4060,
-3883,-15482,4076,
-3931,-15464,4016,
-3948,-15493,3926,
-4035,-15438,3910,
-3998,-15489,3859,
-3961,-15540,3916,
-3996,-15552,3876,
-3993,-15556,3854,
-4013,-15554,3805,
-4003,-15558,3831,
-3972,-15585,3901,
-3949,-15568,3907,
-3959,-15572,3838,
-3961,-15519,3837,
-3958,-15591,3857,
-3941,-15600,3990,
-3979,-15535,3953,
-3937,-15493,3980,
-3960,-15526,4100,
-3948,-15476,4065,
-4000,-15475,4070,
-3984,-15486,4079,
-4005,-15491,4085,
-4016,-15479,4088,
-3983,-15528,4067,
-4032,-15523,4072,
-4016,-15511,4071,
-4003,-15519,4074,
-4009,-15534,4020,
-4038,-15537,4021,
-4004,-15570,4034,
-4006,-15542,3957,
-3977,-15545,3931,
-3950,-15516,3964,
-3889,-15525,3976,
-3958,-15534,3986,
-3932,-15564,3964,
-3930,-15558,3913,
-3901,-15533,3908,
-3965,-15475,3851,
-3946,-15539,3880,
-3963,-15593,3944,
-3944,-15593,3946,
-3986,-15551,3916,
-3943,-15520,3936,
-3931,-15551,3971,
-3954,-15511,3988,
-3943,-15464,3954,
-3963,-15463,3934,
-3941,-15534,3994,
-3983,-15549,4014,
-3953,-15519,3957,
-3950,-15543,3992,
-3984,-15534,3967,
-3913,-15472,3998,
-3939,-15470,3973,
-3932,-15493,4003,
-3920,-15533,4075,
-3884,-15507,4091,
-3898,-15506,4059,
-3904,-15519,4037,
-3925,-15552,4070,
-3901,-15550,4062,
-3938,-15564,4065,
-3956,-15561,4058,
-4000,-15522,3953,
-4017,-15501,3903,
-3996,-15475,3869,
-3985,-15518,3904,
-3946,-15586,3937,
-4023,-15550,3921,
-3987,-15524,3918,
-3982,-15509,3968,
-3967,-15518,3982,
-3974,-15502,3988,
-3976,-15478,3987,
-3965,-15443,3990,
-3947,-15486,3988,
-3938,-15490,3985,
-3920,-15500,3973,
-3959,-15516,3980,
-3935,-15510,4004,
-3961,-15463,3975,
-3995,-15476,4003,
-3971,-15509,3944,
-3981,-15501,3954,
-3981,-15506,3953,
-3980,-15536,3933,
-3938,-15498,3970,
-3969,-15477,3955,
-3955,-15464,3919,
-3980,-15521,3950,
-3962,-15532,4027,
-3928,-15526,3976,
-3952,-15497,4010,
-3997,-15482,3985,
-4001,-15451,3984,
-4020,-15528,3968,
-4011,-15567,4050,
-4031,-15554,4054,
-3988,-15519,4040,
-4024,-15539,3971,
-4029,-15545,3990,
-4034,-15530,4009,
-3977,-15544,4014,
-4001,-15496,3941,
-4018,-15481,3991,
-4021,-15539,3950,
-4060,-15555,3967,
-3998,-15484,3984,
-3999,-15501,3983,
-4043,-15521,3991,
-4027,-15510,4019,
-4059,-15532,4033,
-4024,-15518,4002,
-4011,-15507,3976,
-3990,-15481,4038,
-3926,-15535,4108,
-3981,-15498,4086,
-4012,-15471,4091,
-3994,-15519,4033,
-4004,-15530,4065,
-3968,-15529,4023,
-3981,-15521,4042,
-3983,-15450,4011,
-3934,-15427,3992,
-3947,-15474,4017,
-3916,-15465,3985,
-3943,-15495,4015,
-3931,-15484,3969,
-3963,-15452,3939,
-3950,-15421,3931,
-3984,-15436,3932,
-3956,-15464,3970,
-3935,-15446,3917,
-4016,-15423,3918,
-4000,-15470,3922,
-3945,-15512,3961,
-3966,-15487,4022,
-3962,-15471,3968,
-3981,-15475,3990,
-3998,-15477,3984,
-4010,-15510,4009,
-3995,-15445,4011,
-4027,-15452,4001,
-4032,-15482,4035,
-4026,-15475,4070,
-4017,-15493,4026,
-4024,-15441,4065,
-4006,-15443,4020,
-4057,-15466,3999,
-4033,-15497,4043,
-4008,-15488,4037,
-4017,-15477,4032,
-4049,-15482,4009,
-4021,-15476,4003,
-3948,-15554,4034,
-4008,-15580,4052,
-4021,-15568,4057,
-4029,-15546,4041,
-3998,-15499,4017,
-3992,-15515,4029,
-4001,-15477,4030,
-4000,-15477,4090,
-4011,-15552,4036,
-4052,-15538,4063,
-4050,-15540,3999,
-4073,-15539,3949,
-4048,-15528,3962,
-4091,-15564,3992,
-4033,-15574,4058,
-4046,-15571,4100,
-4070,-15511,3991,
-4052,-15494,4007,
-4039,-15493,4002,
-4033,-15484,4061,
-4072,-15460,4009,
-4087,-15483,3995,
-4023,-15513,3974,
-4067,-15524,3955,
-4024,-15564,3943,
-4050,-15531,3967,
-4052,-15534,3984,
-4020,-15528,3962,
-4029,-15477,4032,
-4019,-15484,4038,
-4002,-15520,4090,
-3994,-15534,4109,
-4034,-15536,4056,
-4035,-15451,4029,
-4022,-15458,4083,
-3999,-15471,4087,
-3979,-15500,4100,
-3998,-15434,4045,
-4008,-15448,4036,
-4015,-15452,4052,
-4028,-15515,4057,
-3992,-15518,4076,
-4016,-15449,3989,
-4026,-15420,3965,
-4030,-15454,3968,
-4036,-15484,4000,
-4051,-15423,3952,
-4054,-15407,3927,
-4010,-15385,3892,
-4018,-15459,3892,
-4018,-15437,3939,
-3991,-15420,3918,
-4005,-15436,3981,
-4007,-15472,3921,
-4016,-15467,3937,
-4010,-15467,3956,
-4016,-15478,3963,
-4015,-15491,4022,
-4018,-15534,4013,
-4020,-15503,4007,
-3979,-15529,4025,
-3996,-15566,4035,
-4001,-15501,4013,
-4036,-15516,3988,
-3971,-15544,4021,
-4013,-15509,4016,
-3996,-15498,4027,
-4003,-15465,3957,
-4041,-15496,3968,
-4026,-15548,3993,
-4004,-15522,3975,
-4015,-15550,4003,
-4040,-15517,4005,
-4074,-15552,3994,
-4027,-15605,4024,
-4052,-15578,4036,
-4074,-15562,4025,
-4055,-15481,4003,
-4051,-15507,4002,
-4067,-15496,4073,
-4047,-15514,4060,
-4085,-15504,4039,
-4114,-15501,4030,
-4103,-15506,4057,
-4085,-15522,4042,
-4097,-15535,4014,
-4058,-15517,3972,
-4028,-15503,4021,
-3988,-15498,3938,
-4009,-15548,3983,
-3980,-15490,3951,
-3992,-15497,3933,
-3936,-15518,3959,
-3943,-15496,3944,
-4003,-15504,3947,
-3983,-15494,3973,
-3977,-15498,3988,
-3981,-15494,3996,
-3976,-15508,3968,
-3972,-15465,3911,
-4017,-15508,3950,
-4003,-15539,3992,
-3986,-15530,4015,
-4015,-15521,4001,
-3970,-15482,3989,
-4021,-15500,3979,
-4041,-15547,4000,
-4038,-15547,3959,
-3985,-15506,3970,
-4020,-15541,3944,
-4040,-15529,3987,
-4037,-15533,4034,
-4038,-15550,3985,
-4006,-15553,3992,
-4012,-15518,3946,
-3999,-15494,3954,
-3979,-15485,3918,
-3947,-15481,3928,
-3996,-15440,3920,
-4055,-15430,3898,
-4062,-15487,3938,
-4046,-15463,3960,
-4070,-15449,3919,
-3999,-15410,3897,
-3980,-15452,3967,
-4034,-15493,3956,
-3985,-15494,3958,
-4045,-15397,3886,
-4019,-15454,3927,
-4037,-15518,3978,
-3997,-15497,4014,
-3971,-15484,4001,
-3988,-15438,3896,
-3977,-15490,3958,
-3987,-15523,3950,
-4006,-15521,3905,
-3993,-15548,3866,
-3969,-15572,3906,
-3993,-15608,3943,
-3972,-15561,3940,
-4007,-15588,3913,
-4013,-15542,3963,
-3963,-15602,3975,
-3982,-15626,4052,
-4001,-15572,4027,
-3998,-15555,3991,
-3969,-15539,4007,
-3964,-15586,4027,
-3964,-15584,4052,
-4004,-15594,4010,
-4017,-15528,3957,
-4012,-15565,3977,
-3957,-15571,3976,
-3955,-15619,4023,
-3972,-15599,3975,
-3963,-15515,3953,
-3982,-15578,3933,
-3944,-15558,3958,
-3932,-15588,3982,
-3939,-15572,3986,
-3942,-15532,3945,
-3941,-15490,3920,
-3951,-15428,3901,
-3920,-15441,3911,
-3932,-15451,3901,
-3971,-15447,3912,
-3997,-15499,3976,
-3962,-15489,3961,
-3970,-15468,3999,
-3943,-15496,4001,
-3986,-15473,3988,
-3925,-15498,3947,
-3935,-15475,3948,
-3892,-15477,3973,
-3890,-15504,3938,
-3936,-15469,3889,
-3931,-15491,3877,
-3917,-15479,3815,
-4004,-15452,3833,
-4003,-15466,3759,
-3951,-15553,3788,
-4001,-15563,3807,
-4003,-15582,3799,
-3935,-15531,3820,
-3988,-15505,3767,
-3978,-15516,3814,
-3975,-15536,3846,
-3902,-15562,3898,
-3948,-15571,3962,
-3884,-15575,3999,
-3902,-15569,4005,
-3913,-15551,4015,
-3894,-15615,4040,
-3848,-15601,4087,
-3926,-15607,4028,
-3993,-15550,3952,
-3913,-15556,3965,
-3921,-15588,3943,
-3935,-15560,3968,
-3970,-15555,3938,
-4003,-15559,3926,
-4013,-15556,3892,
-4021,-15567,3876,
-3955,-15557,3900,
-4062,-15563,3879,
-3941,-15525,3893,
-3962,-15549,3913,
-3932,-15568,3942,
-3973,-15533,3956,
-3899,-15515,3944,
-3898,-15555,3952,
-3890,-15569,3990,
-3890,-15585,3998,
-3920,-15480,3943,
-3882,-15472,3918,
-3920,-15530,3949,
-3922,-15559,4009,
-3931,-15554,3926,
-3895,-15586,3917,
-3871,-15537,3872,
-3895,-15530,3886,
-3837,-15521,3902,
-3871,-15560,3874,
-3874,-15553,3851,
-3819,-15550,3921,
-3823,-15509,3863,
-3811,-15552,3891,
-3784,-15525,3913,
-3793,-15495,3937,
-3800,-15482,3923,
-3804,-15495,3925,
-3830,-15456,3896,
-3831,-15494,3920,
-3839,-15539,3922,
-3867,-15513,3855,
-3821,-15559,3904,
-3797,-15559,3912,
-3854,-15522,3902,
-3842,-15520,3867,
-3842,-15535,3836,
-3858,-15568,3865,
-3837,-15563,3887,
-3828,-15541,3886,
-3819,-15523,3886,
-3822,-15565,3964,
-3841,-15591,3948,
-3803,-15547,3983,
-3849,-15555,3941,
-3891,-15570,3899,
-3873,-15581,3937,
-3865,-15635,3952,
-3884,-15560,3899,
-3869,-15562,3936,
-3861,-15563,3920,
-3893,-15508,3885,
-3904,-15541,3888,
-3837,-15518,3910,
-3860,-15538,3943,
-3830,-15565,3970,
-3831,-15570,3973,
-3860,-15589,3939,
-3869,-15575,3974,
-3837,-15627,3971,
-3855,-15666,4023,
-3872,-15663,3992,
-3833,-15666,3985,
-3809,-15632,3959,
-3838,-15635,3923,
-3791,-15623,3950,
-3813,-15623,3964,
-3809,-15624,3963,
-3777,-15595,3937,
-3830,-15619,3902,
-3820,-15610,3939,
-3839,-15650,3940,
-3819,-15591,3896,
-3822,-15573,3916,
-3834,-15525,3811,
-3831,-15524,3808,
-3793,-15580,3808,
-3733,-15557,3847,
-3783,-15582,3845,
-3791,-15608,3918,
-3802,-15611,3952,
-3857,-15581,3949,
-3841,-15579,4003,
-3836,-15597,4011,
-3813,-15596,3989,
-3788,-15571,3983,
-3805,-15561,3947,
-3767,-15544,3963,
-3698,-15562,3942,
-3788,-15617,3910,
-3693,-15543,3929,
-3749,-15587,3935,
-3769,-15622,3967,
-3732,-15578,3949,
-3752,-15526,3872,
-3801,-15514,3895,
-3779,-15466,3935,
-3734,-15501,3894,
-3752,-15518,3901,
-3750,-15540,3891,
-3739,-15527,3842,
-3712,-15483,3869,
-3729,-15502,3864,
-3731,-15512,3878,
-3744,-15510,3885,
-3776,-15538,3892,
-3773,-15527,3941,
-3770,-15547,3916,
-3806,-15571,3930,
-3782,-15583,3936,
-3773,-15572,3974,
-3790,-15584,4013,
-3765,-15555,3998,
-3757,-15568,3949,
-3801,-15621,4008,
-3803,-15618,4043,
-3825,-15606,3978,
-3801,-15629,3939,
-3773,-15659,3967,
-3823,-15654,3909,
-3821,-15701,3985,
-3816,-15587,3880,
-3962,-15600,3943,
-3753,-15658,3926,
-3739,-15627,3943,
-3718,-15667,3944,
-3715,-15633,3901,
-3699,-15603,3832,
-3654,-15660,3827,
-3693,-15647,3926,
-3685,-15623,3942,
-3698,-15586,3968,
-3712,-15593,4002,
-3692,-15572,4008,
-3711,-15593,4066,
-3710,-15593,4109,
-3706,-15551,4074,
-3711,-15606,4061,
-3691,-15598,4016,
-3682,-15575,4012,
-3653,-15587,3927,
-3669,-15567,3914,
-3652,-15634,3908,
-3635,-15611,3892,
-3676,-15556,3862,
-3617,-15590,3853,
-3678,-15553,3870,
-3634,-15624,3878,
-3639,-15614,3876,
-3623,-15612,3939,
-3602,-15570,3865,
-3595,-15552,3937,
-3611,-15568,3914,
-3600,-15579,3919,
-3570,-15572,3942,
-3617,-15572,3911,
-3619,-15573,3962,
-3600,-15553,3965,
-3587,-15552,3956,
-3560,-15547,4004,
-3569,-15608,3932,
-3600,-15566,3982,
-3587,-15555,3947,
-3601,-15558,3902,
-3569,-15609,3963,
-3560,-15627,3918,
-3556,-15602,3942,
-3524,-15607,3946,
-3556,-15588,3891,
-3537,-15588,3909,
-3572,-15618,3897,
-3522,-15637,3926,
-3519,-15608,3905,
-3533,-15576,3894,
-3474,-15645,3952,
-3525,-15635,3973,
-3523,-15685,4007,
-3507,-15656,3961,
-3487,-15654,4006,
-3519,-15627,3996,
-3666,-15681,4045,
-3545,-15543,3635,
-3571,-15586,3863,
-3545,-15665,3814,
-3539,-15762,3836,
-3563,-15746,3925,
-3528,-15776,3945,
-3568,-15745,3870,
-3489,-15705,3934,
-3503,-15671,3957,
-3489,-15675,3939,
-3523,-15663,3904,
-3493,-15675,3953,
-3471,-15679,4013,
-3427,-15638,3958,
-3421,-15652,3972,
-3363,-15701,3984,
-3368,-15711,4012,
-3365,-15708,4000,
-3412,-15684,3996,
-3399,-15730,3959,
-3437,-15763,4001,
-3395,-15809,4054,
-3455,-15765,4003,
-3388,-15632,3941,
-3413,-15673,3992,
-3378,-15699,4052,
-3366,-15721,4072,
-3409,-15692,4074,
-3335,-15699,4081,
-3341,-15708,4042,
-3320,-15737,4046,
-3353,-15762,3980,
-3289,-15709,3960,
-3294,-15739,3942,
-3259,-15686,3910,
-3257,-15689,3844,
-3258,-15663,3913,
-3248,-15648,3915,
-3285,-15674,3933,
-3288,-15646,3950,
-3291,-15653,3944,
-3260,-15578,3873,
-3273,-15598,3922,
-3280,-15611,3988,
-3267,-15616,4041,
-3292,-15691,3996,
-3254,-15658,3952,
-3205,-15665,3900,
-3151,-15696,3938,
-3087,-15682,3975,
-3145,-15595,3980,
-3081,-15642,3973,
-3037,-15745,4045,
-3008,-15785,3971,
-2991,-15746,3947,
-2972,-15742,3931,
-2962,-15794,3895,
-3005,-15818,3868,
-3010,-15783,3827,
-3023,-15834,3862,
-3063,-15860,3827,
-3050,-15917,3845,
-3009,-15885,3877,
-3010,-15832,3826,
-3030,-15852,3872,
-3026,-15870,3895,
-3021,-15903,3901,
-2980,-15873,3953,
-3014,-15872,3957,
-3057,-15884,4006,
-2996,-15888,4059,
-2944,-15857,4052,
-2934,-15819,4079,
-2875,-15798,4100,
-2911,-15789,4079,
-2860,-15805,4139,
-2829,-15798,4146,
-2785,-15784,4139,
-2834,-15797,4199,
-2888,-15788,4147,
-2857,-15825,4149,
-2820,-15775,4130,
-2794,-15733,4130,
-2847,-15756,4055,
-2808,-15789,4123,
-2808,-15820,4060,
-2816,-15850,4071,
-2796,-15867,4075,
-2808,-15796,4009,
-2766,-15789,4011,
-2691,-15810,4074,
-2707,-15858,4097,
-2695,-15830,4056,
-2658,-15787,4081,
-2644,-15807,4042,
-2578,-15811,4120,
-2556,-15815,4166,
-2601,-15862,4154,
-2571,-15804,4087,
-2610,-15788,4129,
-2568,-15836,4199,
-2560,-15791,4159,
-2550,-15795,4127,
-2497,-15801,4222,
-2471,-15804,4190,
-2472,-15759,4165,
-2460,-15743,4101,
-2446,-15763,4127,
-2431,-15804,4068,
-2392,-15801,4051,
-2399,-15757,4044,
-2383,-15753,4021,
-2421,-15759,3972,
-2308,-15764,4079,
-2374,-15739,4033,
-2399,-15784,4100,
-2322,-15710,3998,
-2309,-15685,4064,
-2373,-15616,4070,
-2387,-15620,4068,
-2417,-15641,4101,
-2463,-15625,4220,
-2490,-15655,4184,
-2447,-15631,4126,
-2406,-15614,4219,
-2359,-15553,4273,
-2359,-15595,4264,
-2317,-15496,4203,
-2314,-15506,4209,
-2237,-15581,4199,
-2255,-15591,4169,
-2205,-15609,4124,
-2209,-15632,4105,
-2249,-15664,4079,
-2221,-15692,4051,
-2232,-15737,4032,
-2156,-15726,4076,
-2175,-15717,4055,
-2151,-15726,4098,
-2173,-15713,4082,
-2239,-15738,4064,
-2178,-15743,4002,
-2154,-15764,3968,
-2150,-15847,3967,
-2160,-15884,4014,
-2134,-15890,4011,
-2072,-15834,4014,
-2069,-15846,4036,
-2029,-15864,4063,
-2040,-15925,4112,
-2055,-15925,4140,
-2122,-16024,4162,
-2101,-15960,4161,
-2107,-15940,4231,
-2184,-15936,4176,
-2279,-15925,4141,
-2352,-16078,4136,
-2536,-16224,4071,
-2491,-16330,4094,
-2485,-16411,3972,
-2466,-16499,3990,
-2353,-16564,4011,
-2196,-16584,4133,
-2091,-16526,4077,
-2000,-16415,4182,
-1827,-16335,4330,
-1824,-16147,4087,
-1854,-16035,4048,
-1933,-15969,4041,
-1958,-15769,3950,
-2005,-15570,3874,
-2008,-15470,3929,
-2017,-15382,3804,
-1919,-15411,3876,
-1950,-15301,4125,
-1898,-15236,4034,
-1805,-15323,3984,
-1712,-15401,3952,
-1603,-15423,3887,
-1469,-15591,4027,
-1449,-15503,3979,
-1403,-15592,3892,
-1278,-15660,3801,
-1173,-15518,3691,
-1099,-15541,3530,
-981,-15567,3380,
-860,-15674,3329,
-894,-15666,3253,
-907,-15800,3166,
-938,-15691,3135,
-1006,-15635,3063,
-1061,-15709,3026,
-1193,-15554,3046,
-1341,-15495,3074,
-1480,-15437,3059,
-1658,-15388,3113,
-1866,-15340,3174,
-2081,-15264,3181,
-2273,-15246,3172,
-2395,-15225,3233,
-2477,-15170,3267,
-2562,-15234,3333,
-2611,-15314,3375,
-2604,-15371,3399,
-2570,-15490,3559,
-2491,-15495,3490,
-2449,-15529,3453,
-2458,-15540,3529,
-2394,-15559,3424,
-2317,-15526,3294,
-2286,-15273,3128,
-2389,-15794,2903,
-2480,-15798,2908,
-2457,-15592,3100,
-2540,-15573,2699,
-2654,-15502,2612,
-2826,-15582,2405,
-3004,-15582,2542,
-3200,-15669,2800,
-3257,-15638,2637,
-3309,-15505,2600,
-3392,-15457,2634,
-3385,-15523,2851,
-3499,-15308,2953,
-3539,-15197,3022,
-3506,-15316,3216,
-3495,-15203,2986,
-3498,-15121,2939,
-3515,-15176,3151,
-3374,-15448,3066,
-3388,-15451,3034,
-3462,-15374,3121,
-3456,-15355,3139,
-3423,-15487,2893,
-3507,-15760,2725,
-3729,-15749,2907,
-3785,-15721,2907,
-3741,-15744,2708,
-3855,-15546,2470,
-3951,-15584,2451,
-4080,-15254,2199,
-4252,-15165,2186,
-4431,-15210,2064,
-4672,-15320,1941,
-4907,-15176,1884,
-4948,-15393,1960,
-5210,-15157,1701,
-5289,-15016,1685,
-5544,-14974,1716,
-5762,-14791,1732,
-6294,-15157,1566,
-6809,-15541,1559,
-7180,-15796,1520,
-7473,-15689,1508,
-7535,-15551,1453,
-7731,-15669,1670,
-7626,-15908,2042,
-7569,-15876,2055,
-7305,-16009,2208,
-7025,-16412,2439,
-6772,-16502,2938,
-6274,-16592,3172,
-5906,-16407,3281,
-5716,-16392,3772,
-5273,-16286,3659,
-4861,-16199,3545,
-4687,-16132,3565,
-4115,-16233,3639,
-3636,-16092,3617,
-3233,-16013,3891,
-3021,-15913,3812,
-2923,-16059,3961,
-2971,-16534,4072,
-2794,-16953,4308,
-2420,-17431,4257,
-2074,-17910,4534,
-1838,-17833,5045,
-1048,-20159,2485,
-660,-17170,4896,
-784,-16053,4771,
-420,-16908,3997,
-206,-17740,3465,
-173,-16963,3643,
-617,-16642,3925,
-670,-16169,3390,
-1104,-16030,3392,
-1539,-15757,3270,
-2356,-15192,3199,
-3341,-15463,2769,
-3519,-14554,2478,
-4594,-14036,4044,
-5001,-14111,4011,
-5564,-14297,3766,
-5789,-14489,3689,
-5734,-14715,4273,
-5786,-14621,4110,
-5870,-15253,4372,
-5568,-15638,4475,
-4642,-15655,4731,
-3869,-15541,4543,
-3488,-16091,5459,
-3660,-16780,5534,
-3199,-16628,5800,
-3180,-16939,6119,
-3036,-17739,6457,
-2787,-18058,6665,
-3092,-18228,6909,
-3136,-18980,6656,
-3044,-19123,6935,
-2639,-19895,7037,
-2381,-20898,6175,
-1779,-21054,5730,
-1222,-20955,5252,
-790,-21385,4905,
-462,-21473,4943,
-233,-21566,4939,
-49,-21388,5034,
114,-21441,5284,
107,-21411,4842,
156,-21282,5583,
-378,-21873,6367,
-780,-21096,5486,
-767,-20984,6718,
-1657,-22361,7182,
-2383,-22420,7468,
-3097,-22182,7337,
-3819,-21661,7222,
-4741,-20931,6815,
-5802,-20544,6898,
-6749,-20191,7317,
-8114,-19594,7268,
-8970,-19020,7619,
-9573,-18806,7404,
-10134,-18647,7203,
-10250,-18298,7025,
-10518,-17880,7217,
-10368,-17548,7939,
-9967,-17463,8120,
-9383,-17138,8223,
-8436,-16971,8276,
-7883,-17052,8232,
-7775,-17650,8317,
-6903,-17938,8176,
-6538,-18210,8053,
-6111,-18520,7940,
-5976,-19037,8084,
-5673,-19584,7905,
-5443,-19656,7778,
-4929,-19731,7553,
-4825,-19760,7078,
-4905,-19794,6918,
-4675,-19827,7144,
-4785,-19757,6877,
-4891,-19651,6643,
-5419,-19284,6492,
-5999,-19118,6491,
-6896,-18796,6383,
-7334,-18990,6221,
-7901,-18980,6107,
-8475,-19217,6169,
-8927,-19624,6219,
-9153,-19971,6236,
-9303,-20277,6155,
-9263,-20416,6071,
-9183,-20657,5719,
-9094,-20700,5307,
-8982,-20849,5024,
-8734,-20690,4943,
-8461,-20507,4418,
-8569,-20483,4103,
-8316,-20099,4161,
-8092,-19806,3991,
-8219,-19675,3843,
-8284,-19572,3884,
-8072,-18778,3833,
-8530,-18732,3752,
-8405,-17968,3791,
-8554,-17775,3396,
-8659,-17618,3914,
-8583,-16995,4081,
-8378,-16493,4367,
-8362,-16192,3826,
-8320,-15530,4137,
-8002,-15228,3926,
-7903,-15031,3710,
-7650,-15120,3722,
-7291,-14553,3991,
-6905,-13971,4399,
-6735,-13657,3563,
-6545,-13401,3651,
-6472,-13029,3535,
-6519,-13004,3351,
-6458,-12895,3595,
-6509,-12707,3443,
-6535,-12834,3305,
-6705,-12895,3356,
-6753,-12934,3371,
-6591,-12802,3162,
-6501,-12633,3044,
-6574,-12564,2433,
-6267,-12305,2660,
-6070,-12178,2494,
-5854,-12095,2196,
-5475,-11918,1996,
-5224,-11836,1816,
-4965,-11694,1754,
-4619,-11572,1662,
-4369,-11502,1691,
-4109,-11440,1559,
-3847,-11358,1314,
-3606,-11145,1238,
-3372,-11049,1179,
-3236,-11045,1102,
-3153,-11002,1085,
-3130,-10938,1007,
-3132,-10928,940,
-3129,-10916,852,
-3208,-10890,811,
-3267,-10873,677,
-3405,-10762,737,
-3425,-10695,369,
-3625,-10672,369,
-3731,-10587,333,
-3814,-10535,541,
-3975,-10582,442,
-4124,-10473,443,
-4316,-10441,429,
-4425,-10379,411,
-4546,-10351,453,
-4619,-10200,379,
-4645,-10156,247,
-4786,-10204,209,
-4854,-10349,340,
-4885,-10326,345,
-4909,-10269,18,
-4915,-10264,100,
-4904,-10423,261,
-4813,-10448,516,
-4549,-10275,535,
-4619,-10383,518,
-4509,-10417,716,
-4503,-10593,697,
-4527,-10728,782,
-4563,-10804,872,
-4538,-10880,1055,
-4500,-10998,898,
-4534,-11133,1017,
-4450,-11238,1146,
-4350,-11363,1262,
-4211,-11512,1328,
-4211,-11620,1435,
-4318,-11816,1637,
-3963,-11701,1358,
-4175,-11806,1361,
-4475,-12014,1394,
-4634,-12263,1516,
-4678,-12510,1322,
-4668,-12350,1320,
-4457,-12023,1107,
-4560,-12222,1105,
-4577,-12331,1260,
-4443,-12526,1368,
-4244,-12804,1498,
-4077,-13050,1614,
-3873,-13217,1788,
-3775,-13378,1763,
-3713,-13603,1939,
-3661,-13755,2051,
-3547,-13910,1979,
-3459,-14053,2059,
-3388,-14131,2118,
-3356,-14263,2180,
-3214,-14367,2228,
-3302,-14807,2375,
-3289,-14616,2415,
-3292,-14627,2296,
-3335,-14849,2267,
-3315,-14891,2250,
-3235,-15080,2350,
-3105,-15160,2485,
-2959,-15172,2553,
-2765,-15381,2600,
-2656,-15388,2590,
-2523,-15354,2676,
-2314,-15454,2699,
-2220,-15560,2725,
-2320,-15590,2853,
-2197,-15970,2816,
-2048,-16139,2814,
-2034,-16084,2985,
-2114,-16183,3110,
-2293,-16476,3340,
-2413,-16700,3412,
-2397,-17021,3456,
-2413,-16993,3480,
-2526,-17246,3698,
-2640,-17211,3724,
-2466,-17405,3074,
-2720,-17223,3209,
-2286,-17241,3264,
-2311,-17812,3488,
-1823,-17390,3070,
-1960,-17455,2969,
-1510,-17191,3624,
-1848,-17403,3247,
-2051,-17565,3187,
-2467,-17599,3265,
-2655,-17793,3203,
-3153,-17785,2852,
-3717,-18106,2762,
-4320,-18516,2629,
-4580,-18702,3346,
-4843,-18801,2911,
-5089,-18830,2608,
-5529,-18668,2748,
-5491,-18376,2496,
-5285,-18627,2591,
-5724,-18496,2668,
-6169,-18163,2721,
-7014,-18484,2787,
-7355,-18761,3065,
-7443,-19044,2868,
-7592,-18653,3355,
-7876,-18681,3365,
-8016,-18923,3633,
-8190,-18823,3685,
-8371,-18612,3674,
-8541,-18262,3589,
-8662,-17991,3184,
-8824,-17658,2899,
-9052,-17424,2651,
-9242,-17286,2399,
-9641,-17503,2378,
-9183,-16459,1961,
-9459,-15850,1728,
-9548,-15642,1581,
-9269,-15178,1515,
-8947,-14578,1552,
-8384,-13961,1560,
-7969,-13485,1794,
-7510,-13321,2155,
-7040,-13349,2433,
-6335,-13232,2772,
-5765,-13079,2986,
-5275,-12847,3150,
-4856,-12493,3192,
-4701,-12205,3089,
-4553,-11924,3119,
-4585,-11641,3152,
-4759,-11334,3091,
-4930,-11021,3070,
-5472,-10712,3062,
-6056,-10414,3063,
-6623,-10209,3085,
-7174,-10242,3096,
-7890,-10317,3063,
-8917,-10348,2855,
-9555,-10189,2687,
-10312,-10399,3057,
-10910,-10619,2793,
-11040,-10854,2452,
-11602,-11272,2006,
-11975,-11752,1904,
-12102,-12221,1588,
-11912,-12759,1873,
-11662,-12987,1367,
-11392,-13298,1295,
-11006,-13418,1162,
-10517,-13392,1012,
-10127,-13423,1111,
-10210,-12969,989,
-10176,-12537,1246,
-9897,-12342,1466,
-9758,-12264,1685,
-9695,-12210,1972,
-9524,-12066,2218,
-9359,-12004,2583,
-9157,-11936,2855,
-9081,-11850,2996,
-8919,-11780,3209,
-8654,-11788,3357,
-8373,-11863,3579,
-8083,-11777,3654,
-7922,-11748,3658,
-7744,-11742,3676,
-7736,-11684,3672,
-7674,-11661,3580,
-7692,-11633,3507,
-7718,-11528,3471,
-7816,-11455,3500,
-7941,-11511,3503,
-8138,-11441,3584,
-8255,-11484,3704,
-8330,-11454,3770,
-8327,-11355,3891,
-8300,-11348,4004,
-8210,-11411,4112,
-8105,-11530,4165,
-7970,-11644,4250,
-7912,-11711,4404,
-7842,-11706,4438,
-7733,-11784,4293,
-7646,-11859,4269,
-7554,-11921,4314,
-7514,-11854,4232,
-7396,-11891,4107,
-7245,-11882,4089,
-7125,-11866,4075,
-6960,-11849,3905,
-6929,-11724,3891,
-6812,-11641,3847,
-6644,-11675,3835,
-6641,-11710,3910,
-6607,-11804,3924,
-6585,-12069,4034,
-6539,-12210,4085,
-6486,-12310,4056,
-6464,-12489,4049,
-6464,-12688,4121,
-6468,-12925,4238,
-6564,-13139,4374,
-6602,-13296,4330,
-6657,-13426,4373,
-6747,-13617,4448,
-6760,-13787,4376,
-6818,-13866,4295,
-6937,-13891,4238,
-7013,-13931,4210,
-7032,-14023,4175,
-7047,-14016,4079,
-7007,-14016,4005,
-6925,-13951,4005,
-6802,-14017,4114,
-6615,-14108,4230,
-6508,-14134,4324,
-6252,-14194,4408,
-6042,-14355,4583,
-5852,-14490,4808,
-5666,-14582,4906,
-5538,-14729,4997,
-5313,-14918,5126,
-5112,-15034,5129,
-5007,-15214,5115,
-4814,-15463,5174,
-4765,-15665,5227,
-4692,-15836,5266,
-4675,-16078,5335,
-4551,-16152,5456,
-4469,-16326,5653,
-4403,-16464,6140,
-4405,-16513,6557,
-4480,-16431,6890,
-4369,-16076,7187,
-4246,-15783,7457,
-4064,-15633,7969,
-4023,-15241,8151,
-3780,-15080,8230,
-3795,-15084,8124,
-3884,-14996,8382,
-3868,-14593,8637,
-3699,-14593,8600,
-3861,-15019,8621,
-3948,-15280,9059,
-3933,-15073,8809,
-4162,-14846,8140,
-3964,-15657,8285,
-4140,-15543,7654,
-4281,-15195,12732,
-4319,-15342,7097,
-4475,-16202,9212,
-3196,-15292,4639,
-2629,-14763,5650,
-2278,-14476,3802,
-1762,-14574,4677,
-1276,-14552,4549,
-1249,-14923,5246,
-1487,-14789,4515,
-1936,-15403,4983,
-2173,-15385,5499,
-2611,-15315,6018,
-3225,-15789,6704,
-3789,-16245,7391,
-4404,-17019,7625,
-4889,-17200,7961,
-5088,-17603,8168,
-5473,-18110,8348,
-5562,-18378,8798,
-5421,-18827,9439,
-5609,-19566,9770,
-5703,-20548,10389,
-5435,-21235,10643,
-5280,-21929,10671,
-5198,-22505,10664,
-5050,-23013,10560,
-5026,-23349,10476,
-4854,-23703,10109,
-4850,-24146,9744,
-4791,-24430,9434,
-4338,-24484,9195,
-4280,-24586,8475,
-4289,-24870,8157,
-4167,-25020,7773,
-4247,-24806,6808,
-4466,-25065,6400,
-3830,-24318,5781,
-3989,-24335,5407,
-4134,-24153,4930,
-3942,-23989,4694,
-4251,-23962,4507,
-4478,-24032,4230,
-4614,-23948,4016,
-4773,-23919,3873,
-5011,-23567,3607,
-5055,-23479,3954,
-5020,-23156,3719,
-4920,-22811,3729,
-4874,-22487,3769,
-4824,-22412,3591,
-4680,-22140,3493,
-4505,-21728,3221,
-4696,-21490,3142,
-4611,-21273,2754,
-4701,-20915,2423,
-4812,-20809,2162,
-4904,-20515,1751,
-4990,-20163,1532,
-5055,-20008,1428,
-5064,-19488,1603,
-5227,-19305,1691,
-5429,-18749,2084,
-5611,-18145,2469,
-5810,-17999,2620,
-5815,-17377,3434,
-5806,-17340,3948,
-5615,-16879,4201,
-5397,-16572,4599,
-5010,-16251,4828,
-4888,-16107,4960,
-4813,-15982,5146,
-4844,-15865,5017,
-4873,-15502,4809,
-5012,-15287,4571,
-5196,-15265,4461,
-5359,-15172,4389,
-5452,-15212,4248,
-5664,-15212,4286,
-5754,-15070,4123,
-5864,-14913,4033,
-5971,-14739,3732,
-6001,-14634,3517,
-6095,-14501,3440,
-6227,-14320,3461,
-6288,-14224,3421,
-6452,-13845,3314,
-6568,-13681,3354,
-6628,-13348,3304,
-6574,-13085,3363,
-6471,-12907,3508,
-6403,-12753,3647,
-6322,-12440,3754,
-6298,-12310,3834,
-6261,-12148,3924,
-6404,-11954,3916,
-6356,-11679,3931,
-6388,-11481,3823,
-6505,-11297,3821,
-6531,-11332,3880,
-6641,-11100,3702,
-6811,-11031,3588,
-6920,-10942,3524,
-6844,-10507,3285,
-6893,-10159,3110,
-6893,-10140,3081,
-6946,-9981,3021,
-6926,-9904,2859,
-6880,-9755,2638,
-6970,-9671,2519,
-7042,-9555,2393,
-7156,-9588,2242,
-7302,-9591,2183,
-7278,-9500,2236,
-7402,-9587,2172,
-7462,-9519,2142,
-7442,-9503,2353,
-7416,-9328,2256,
-7405,-9690,2471,
-7399,-9726,2579,
-7315,-9819,2546,
-7125,-9955,2452,
-7087,-10201,2427,
-7023,-10435,2189,
-6809,-10693,2102,
-6610,-11047,1985,
-6446,-11394,1784,
-6440,-11905,1710,
-6429,-12234,1475,
-6322,-12412,1372,
-6367,-12718,1258,
-6369,-13049,1272,
-6403,-13167,1298,
-6297,-13294,1392,
-6310,-13351,1490,
-6263,-13431,1729,
-6286,-13438,1928,
-6304,-13457,2158,
-6529,-13963,2531,
-6822,-14188,2806,
-7267,-14830,3204,
-7892,-15507,3640,
-7949,-15650,3776,
-8231,-16157,3939,
-8613,-16660,4021,
-8677,-16892,4022,
-8781,-17062,3864,
-8879,-17215,3525,
-8939,-17415,3308,
-9051,-17569,3046,
-8957,-17680,2718,
-8925,-17740,2605,
-8956,-17805,2558,
-8830,-17635,2499,
-8794,-17445,2477,
-8713,-17090,2368,
-8562,-16821,2477,
-8354,-16687,2660,
-8120,-16385,2837,
-7677,-15933,3037,
-7267,-15508,3264,
-6971,-15216,3601,
-6672,-14984,4012,
-6309,-14708,4439,
-5802,-14230,5155,
-5855,-14773,5397,
-5602,-14961,5858,
-5229,-14885,6673,
-5238,-15020,6753,
-5179,-15120,6499,
-5073,-15151,7751,
-4869,-14724,6693,
-4906,-14448,6335,
-5171,-14282,5782,
-5368,-14418,5328,
-5627,-14676,4935,
-6031,-14897,4427,
-6259,-14988,4037,
-6458,-15196,3781,
-6844,-15595,3536,
-7014,-16064,3388,
-7091,-16474,3355,
-7049,-16959,3346,
-6888,-17219,3321,
-6780,-17511,3404,
-6665,-17873,3527,
-6502,-18068,3703,
-6387,-18260,3734,
-6282,-18454,3796,
-6185,-18501,3873,
-6062,-18634,3941,
-6011,-18674,3952,
-5951,-18712,3973,
-5788,-18758,4000,
-5637,-18776,4054,
-5452,-18708,4056,
-5161,-18728,4132,
-4969,-18747,4239,
-4672,-18698,4333,
-4458,-18769,3845,
-4028,-18716,4446,
-3738,-18499,4224,
-3344,-18632,4342,
-3119,-18451,4357,
-2766,-18437,4385,
-2505,-18243,4747,
-2437,-18138,4187,
-2326,-18251,4586,
-2141,-17949,4339,
-2100,-17942,4324,
-2031,-17898,4341,
-1906,-17761,4277,
-1818,-17370,4190,
-1799,-17422,4267,
-1819,-17636,4279,
-1784,-17303,4550,
-1891,-17699,4233,
-1887,-17657,4313,
-1939,-17699,4266,
-2112,-18106,4459,
-2320,-17910,4513,
-2529,-18155,4154,
-2990,-18559,4742,
-3068,-18531,4195,
-3362,-18593,4161,
-3734,-18815,4286,
-4068,-18801,4082,
-4352,-18992,4403,
-4677,-18937,4350,
-4852,-18957,4327,
-5134,-19114,4750,
-5525,-19170,4215,
-5724,-19528,4912,
-5859,-19724,4880,
-6093,-19632,4852,
-6211,-19605,4747,
-6282,-19733,4662,
-6381,-19850,4773,
-6432,-20049,4749,
-6470,-20297,4752,
-6423,-20451,4863,
-6517,-20474,4933,
-6469,-20475,4925,
-6340,-20558,5098,
-6394,-20616,5265,
-6203,-20493,5527,
-5884,-20222,5822,
-5655,-19916,5945,
-5549,-19637,6065,
-5428,-19584,6245,
-5323,-19620,6293,
-5147,-19488,6428,
-4987,-19259,6244,
-4857,-19280,6289,
-4717,-19050,6176,
-4537,-18923,6039,
-4306,-18895,5840,
-4024,-18997,5660,
-3839,-19188,5566,
-3609,-19488,5564,
-3414,-19969,5533,
-3326,-20382,5753,
-3202,-20802,6013,
-2979,-21322,6328,
-2824,-21557,6412,
-2686,-21804,6455,
-2483,-22053,6712,
-2246,-22114,6802,
-1889,-22024,6807,
-1489,-21912,6879,
-1085,-21705,6704,
-643,-21460,6627,
42,-21094,6495,
467,-20888,6388,
897,-20639,6219,
1299,-20422,6178,
1472,-20371,6252,
1483,-20408,6468,
1321,-20449,6718,
973,-20445,6842,
385,-20637,7230,
-152,-20817,7863,
-622,-20976,8163,
-910,-21268,8664,
-1019,-21357,8178,
-916,-21236,9008,
-601,-21108,9608,
-315,-21392,9839,
35,-21772,9942,
656,-22255,10207,
1333,-22523,10094,
2025,-22651,10046,
2651,-22906,9949,
3019,-23085,9830,
3151,-23078,9456,
3105,-23598,9776,
2801,-23817,9798,
2400,-24171,9592,
1880,-24214,9505,
1448,-24370,9557,
963,-24349,9132,
-21,-24390,8985,
-858,-24520,8699,
-1659,-24487,8398,
-2840,-24605,8084,
-3781,-24864,7642,
-4726,-25282,7518,
-5306,-24649,7229,
-6020,-24635,6789,
-6673,-24761,6508,
-7210,-24923,6315,
-7876,-25228,6059,
-8750,-25504,5646,
-9394,-25714,5385,
-10026,-25887,5162,
-10763,-26032,4889,
-11329,-26099,4709,
-11824,-26169,4573,
-12381,-26210,4200,
-12765,-26162,4015,
-13129,-26145,3741,
-13874,-26138,3374,
-14399,-26137,3122,
-15019,-26327,2792,
-15941,-26364,2593,
-16777,-26121,2406,
-16754,-25742,1867,
-17312,-25379,1813,
-17648,-25099,1678,
-17859,-24953,1646,
-17623,-24512,1605,
-17788,-23938,1400,
-17622,-23199,1190,
-17234,-23017,1138,
-16802,-22580,991,
-16433,-21835,777,
-16004,-21070,705,
-15530,-20393,344,
-15180,-19678,244,
-15110,-18941,34,
-15048,-18289,-112,
-15049,-17670,-129,
-15045,-17031,-347,
-15251,-16854,-457,
-15491,-16367,-531,
-15683,-15825,-653,
-15649,-15109,-1057,
-15384,-14474,-1051,
-15283,-13798,-1020,
-15169,-13311,-903,
-14935,-12633,-683,
-14781,-12111,-576,
-14543,-11742,-166,
-14282,-11137,264,
-14051,-10748,753,
-13832,-10421,1129,
-13461,-9915,1648,
-13127,-9564,1859,
-12775,-9346,2173,
-12334,-9213,2354,
-12104,-9259,2487,
-11887,-9245,2504,
-11382,-9300,2539,
-11104,-9277,2442,
-10834,-9259,2110,
-10566,-9292,1887,
-10471,-9320,1654,
-10243,-9469,1262,
-10131,-9559,1141,
-10013,-9773,1034,
-9949,-9906,820,
-9913,-9988,490,
-9935,-10087,320,
-10018,-10056,89,
-10090,-10089,133,
-10184,-10113,-36,
-10366,-10168,-40,
-10574,-10905,179,
-10867,-11267,291,
-11225,-11631,353,
-11515,-12350,486,
-11801,-12673,945,
-11861,-13281,1067,
-11883,-13620,1037,
-12285,-14518,1251,
-12365,-14983,1084,
-12776,-15176,1194,
-13023,-15273,1001,
-13160,-14984,632,
-13376,-14547,307,
-13491,-13747,49,
-13688,-12822,-186,
-13763,-11955,-469,
-13942,-11316,-821,
-14104,-11028,-932,
-14110,-10557,-1197,
-14063,-10315,-1457,
-14134,-10234,-1511,
-14185,-10037,-1567,
-14011,-9911,-1616,
-13911,-9856,-1569,
-13661,-9965,-1324,
-13422,-10018,-964,
-13152,-10263,-586,
-12935,-10446,-143,
-12525,-10547,453,
-12150,-10957,1026,
-11624,-11190,1567,
-10998,-11522,2323,
-10456,-11699,2890,
-9927,-11936,3583,
-9270,-12322,4236,
-8852,-12797,4759,
-8508,-13169,5350,
-7996,-13467,5646,
-7981,-13910,6073,
-7806,-13993,6302,
-7517,-14181,6340,
-7704,-14793,6819,
-7680,-15122,7257,
-7820,-15253,7212,
-7875,-15474,7256,
-8119,-15863,7318,
-8499,-16405,7510,
-8491,-16742,7382,
-8724,-17218,7095,
-8938,-17673,6775,
-9120,-18175,6552,
-9365,-18927,6037,
-9629,-19499,5668,
-9799,-19891,5285,
-9857,-20246,4790,
-9931,-20670,4527,
-9994,-21171,4241,
-10073,-21626,4015,
-9992,-22120,3886,
-10042,-22487,3734,
-10051,-22906,3414,
-10051,-23060,3362,
-9955,-23264,3308,
-9830,-23300,3482,
-10161,-23663,2924,
-9833,-23514,3674,
-9889,-22881,4442,
-10467,-23161,4694,
-10406,-22855,4987,
-10799,-22516,5908,
-11091,-22212,6487,
-11282,-21970,7050,
-11069,-21872,7372,
-10816,-21429,6802,
-10100,-21693,7460,
-9411,-22011,7560,
-8724,-22372,7148,
-7875,-22586,6217,
-7053,-22525,5834,
-6336,-22849,5614,
-5980,-23425,4870,
-5642,-23281,4627,
-5208,-23515,4305,
-4734,-23357,4033,
-4560,-23568,4027,
-4630,-23328,4162,
-5138,-23471,4138,
-5424,-23287,4278,
-5647,-23182,4329,
-5921,-23032,4633,
-6241,-23085,4827,
-6491,-22962,4736,
-6613,-22803,4905,
-6555,-23134,4821,
-6529,-22873,4956,
-6459,-22741,5071,
-6405,-22622,5048,
-6364,-22411,5048,
-6126,-22424,5333,
-5933,-22428,5523,
-5702,-22218,5701,
-5604,-22059,5721,
-5327,-21756,5929,
-5043,-21454,6257,
-4895,-21261,6459,
-4780,-21000,6659,
-4783,-20789,7040,
-4776,-20616,7329,
-4851,-20356,7535,
-4833,-20048,7891,
-4829,-19990,8181,
-4855,-20003,8464,
-4631,-20121,8696,
-4399,-19912,8809,
-3980,-20034,8732,
-3481,-20074,8943,
-3063,-19698,8933,
-2666,-19753,8932,
-2190,-19694,9004,
-1756,-19528,9065,
-1374,-19459,9029,
-1057,-19462,8999,
-693,-19559,9039,
-590,-20003,9271,
-526,-20426,9542,
-561,-20840,9736,
-616,-21330,10359,
-692,-21586,10592,
-790,-21826,10842,
-875,-22122,11309,
-854,-21915,11587,
-744,-21676,12177,
-497,-21307,12102,
-355,-21061,11982,
-71,-20790,12461,
311,-20597,12196,
563,-20411,12757,
1093,-20287,12503,
1655,-20168,12552,
