-4822,-15192,4573,
-4851,-15126,4595,
-4881,-15112,4561,
-4897,-15093,4556,
-4879,-15078,4583,
-4912,-15085,4590,
-4917,-15070,4630,
-4877,-15128,4611,
-4895,-15095,4602,
-4933,-15055,4601,
-4897,-15128,4582,
-4927,-15064,4605,
-4913,-15043,4578,
-4915,-15075,4579,
-4904,-14990,4534,
-4908,-15024,4579,
-4937,-15002,4590,
-4950,-15025,4579,
-4968,-15045,4551,
-4988,-15044,4623,
-4974,-15097,4589,
-4935,-15055,4564,
-4981,-15016,4542,
-4972,-15053,4569,
-4938,-15075,4579,
-4944,-15052,4553,
-4738,-15023,4688,
-4720,-15036,4647,
-4747,-15018,4683,
-4763,-15070,4663,
-4785,-15104,4646,
-4753,-15125,4631,
-4808,-15149,4678,
-4794,-15175,4612,
-4800,-15161,4625,
-4766,-15114,4582,
-4830,-15195,4609,
-4779,-15209,4561,
-4823,-15218,4534,
-4789,-15232,4560,
-4736,-15228,4554,
-4698,-15194,4549,
-4706,-15177,4569,
-4650,-15169,4603,
-4621,-15131,4609,
-4598,-15141,4620,
-4607,-15110,4689,
-4536,-15077,4706,
-4569,-15063,4722,
-4583,-15035,4809,
-4659,-15027,4788,
-4662,-15045,4777,
-4657,-15047,4774,
-4706,-15058,4758,
-4761,-15093,4732,
-4757,-15045,4644,
-4779,-15028,4635,
-4789,-15107,4630,
-4809,-15091,4651,
-4853,-15107,4545,
-4852,-15098,4575,
-4870,-15181,4570,
-4889,-15200,4558,
-4877,-15161,4502,
-4812,-15136,4559,
-4817,-15148,4512,
-4754,-15179,4555,
-4714,-15218,4617,
-4651,-15232,4628,
-4655,-15273,4593,
-4635,-15261,4632,
-4645,-15243,4629,
-4646,-15247,4624,
-4629,-15201,4649,
-4673,-15189,4580,
-4693,-15199,4576,
-4731,-15206,4570,
-4722,-15169,4585,
-4759,-15109,4502,
-4833,-15081,4458,
-4840,-15132,4506,
-4847,-15170,4528,
-4873,-15137,4520,
-4858,-15142,4514,
-4894,-15093,4485,
-4912,-15110,4487,
-4794,-15106,4510,
-4728,-15083,4557,
-4748,-15089,4539,
-4741,-15046,4598,
-4720,-15088,4649,
-4705,-15073,4660,
-4737,-15070,4707,
-4737,-15094,4726,
-4756,-15092,4718,
-4776,-15095,4726,
-4783,-15062,4722,
-4791,-15078,4706,
-4765,-15103,4705,
-4833,-15096,4662,
-4795,-15085,4647,
-4804,-15092,4630,
-4798,-15116,4611,
-4820,-15105,4626,
-4809,-15152,4680,
-4766,-15162,4604,
-4763,-15165,4612,
-4753,-15174,4591,
-4752,-15155,4599,
-4723,-15166,4635,
-4691,-15169,4594,
-4651,-15109,4633,
-4621,-15188,4684,
-4667,-15181,4679,
-4620,-15182,4692,
-4651,-15157,4712,
-4695,-15206,4745,
-4678,-15220,4747,
-4724,-15281,4742,
-4734,-15283,4706,
-4702,-15276,4698,
-4719,-15326,4701,
-4657,-15276,4736,
-4676,-15260,4755,
-4697,-15252,4764,
-4640,-15289,4804,
-4631,-15287,4817,
-4643,-15309,4769,
-4636,-15256,4778,
-4632,-15246,4784,
-4648,-15260,4760,
-4607,-15245,4736,
-4637,-15256,4722,
-4586,-15206,4718,
-4557,-15213,4705,
-4553,-15189,4646,
-4608,-15150,4687,
-4579,-15123,4700,
-4603,-15118,4693,
-4587,-15111,4641,
-4632,-15087,4685,
-4634,-15064,4655,
-4675,-15049,4644,
-4685,-14988,4672,
-4673,-14995,4678,
-4715,-14992,4689,
-4715,-14974,4704,
-4752,-14974,4684,
-4788,-14989,4671,
-4767,-15020,4745,
-4762,-15031,4733,
-4775,-15071,4760,
-4753,-15071,4772,
-4791,-15087,4686,
-4791,-15188,4644,
-4777,-15191,4601,
-4747,-15209,4599,
-4751,-15233,4508,
-4681,-15197,4480,
-4709,-15221,4480,
-4614,-15191,4486,
-4665,-15248,4481,
-4587,-15250,4527,
-4576,-15163,4495,
-4576,-15145,4492,
-4514,-15172,4545,
-4493,-15164,4598,
-4480,-15177,4629,
-4491,-15142,4700,
-4459,-15162,4732,
-4494,-15098,4719,
-4536,-15146,4728,
-4566,-15149,4696,
-4580,-15170,4684,
-4634,-15158,4631,
-4622,-15176,4594,
-4623,-15228,4593,
-4639,-15180,4494,
-4651,-15194,4472,
-4664,-15172,4505,
-4642,-15191,4461,
-4652,-15203,4437,
-4665,-15205,4466,
-4618,-15216,4490,
-4618,-15244,4486,
-4604,-15198,4511,
-4637,-15240,4514,
-4573,-15227,4546,
-4621,-15258,4539,
-4586,-15265,4572,
-4601,-15255,4593,
-4590,-15218,4566,
-4717,-15208,4533,
-4725,-15233,4585,
-4677,-15272,4589,
-4695,-15223,4574,
-4702,-15185,4558,
-4710,-15212,4589,
-4719,-15245,4569,
-4738,-15256,4606,
-4707,-15197,4525,
-4718,-15206,4515,
-4692,-15208,4521,
-4687,-15139,4543,
-4670,-15193,4523,
-4670,-15117,4516,
-4620,-15087,4540,
-4651,-15081,4567,
-4632,-15110,4613,
-4689,-15094,4590,
-4713,-15092,4627,
-4708,-15086,4675,
-4747,-15103,4679,
-4737,-15102,4720,
-4743,-15117,4775,
-4773,-15168,4817,
-4745,-15166,4799,
-4718,-15200,4793,
-4708,-15205,4720,
-4724,-15213,4722,
-4705,-15229,4758,
-4715,-15232,4780,
-4658,-15236,4792,
-4641,-15252,4819,
-4653,-15241,4766,
-4624,-15198,4806,
-4637,-15195,4762,
-4646,-15217,4738,
-4632,-15199,4738,
-4621,-15175,4745,
-4652,-15163,4725,
-4660,-15157,4680,
-4657,-15140,4641,
-4680,-15097,4664,
-4649,-15174,4631,
-4654,-15133,4653,
-4639,-15112,4689,
-4702,-15144,4672,
-4692,-15122,4648,
-4688,-15132,4651,
-4721,-15142,4639,
-4709,-15119,4615,
-4731,-15141,4666,
-4703,-15118,4645,
-4689,-15124,4650,
-4716,-15154,4657,
-4730,-15154,4669,
-4744,-15183,4637,
-4782,-15194,4649,
-4777,-15244,4606,
-4812,-15246,4574,
-4802,-15285,4571,
-4857,-15240,4486,
-4861,-15247,4431,
-4907,-15309,4449,
-4897,-15327,4398,
-4930,-15306,4342,
-4968,-15307,4303,
-4981,-15255,4287,
-4977,-15300,4327,
-4942,-15187,4284,
-4958,-15159,4310,
-4910,-15120,4309,
-4869,-15091,4398,
-4811,-15056,4475,
-4808,-15050,4538,
-4780,-15098,4478,
-4680,-14942,4620,
-4557,-14932,4748,
-4584,-14930,4765,
-4523,-14903,4834,
-4556,-14897,4877,
-4571,-14892,4827,
-4552,-14942,4844,
-4520,-14958,4767,
-4544,-14955,4728,
-4527,-14982,4668,
-4501,-15009,4619,
-4517,-15057,4631,
-4482,-15073,4567,
-4491,-15007,4536,
-4477,-15002,4493,
-4511,-15104,4551,
-4499,-15105,4599,
-4435,-15076,4559,
-4452,-15057,4542,
-4466,-14982,4562,
-4488,-15016,4619,
-4520,-14997,4618,
-4471,-15012,4575,
-4552,-14971,4548,
-4575,-14981,4581,
-4550,-15023,4533,
-4611,-15070,4545,
-4603,-15026,4488,
-4617,-15071,4489,
-4609,-15133,4468,
-4591,-15124,4492,
-4633,-15216,4480,
-4599,-15270,4485,
-4556,-15275,4480,
-4559,-15283,4466,
-4515,-15315,4456,
-4500,-15322,4486,
-4531,-15335,4511,
-4475,-15377,4523,
-4508,-15355,4493,
-4506,-15350,4516,
-4525,-15338,4505,
-4515,-15353,4510,
-4533,-15372,4512,
-4530,-15343,4482,
-4588,-15328,4448,
-4591,-15304,4450,
-4642,-15351,4429,
-4654,-15366,4420,
-4635,-15356,4427,
-4678,-15316,4447,
-4705,-15298,4428,
-4671,-15322,4480,
-4635,-15283,4438,
-4682,-15296,4439,
-4660,-15207,4425,
-4713,-15177,4504,
-4699,-15167,4525,
-4698,-15160,4523,
-4733,-15143,4561,
-4748,-15083,4583,
-4790,-15078,4580,
-4782,-15044,4626,
-4803,-15039,4654,
-4813,-15046,4658,
-4814,-15060,4706,
-4862,-15052,4648,
-4915,-15024,4570,
-4900,-15057,4607,
-4916,-15110,4610,
-4874,-15161,4603,
-4949,-15146,4581,
-4902,-15138,4641,
-4909,-15154,4566,
-4901,-15175,4593,
-4916,-15197,4605,
-4880,-15143,4532,
-4851,-15262,4525,
-4790,-15125,4599,
-4783,-15169,4668,
-4751,-15142,4684,
-4750,-15162,4770,
-4702,-15119,4786,
-4690,-15149,4810,
-4628,-15100,4824,
-4604,-15119,4828,
-4610,-15089,4811,
-4577,-15116,4854,
-4504,-15121,4836,
-4565,-15114,4814,
-4573,-15130,4839,
-4554,-15096,4818,
-4583,-15145,4797,
-4587,-15150,4795,
-4646,-15155,4770,
-4681,-15144,4742,
-4687,-15150,4733,
-4663,-15127,4699,
-4652,-15125,4676,
-4631,-15144,4731,
-4699,-15124,4729,
-4629,-15107,4668,
-4647,-15103,4669,
-4665,-15076,4625,
-4636,-15092,4600,
-4643,-15108,4614,
-4647,-15061,4588,
-4671,-15100,4615,
-4705,-15072,4592,
-4720,-15099,4506,
-4722,-15080,4457,
-4737,-15085,4442,
-4750,-15149,4412,
-4743,-15169,4410,
-4746,-15172,4398,
-4795,-15165,4375,
-4755,-15156,4351,
-4760,-15180,4360,
-4724,-15178,4383,
-4732,-15246,4371,
-4807,-15247,4333,
-4802,-15266,4264,
-4761,-15254,4265,
-4738,-15258,4246,
-4727,-15282,4189,
-4709,-15268,4176,
-4645,-15242,4140,
-4686,-15212,4154,
-4646,-15190,4174,
-4634,-15217,4205,
-4594,-15213,4270,
-4614,-15171,4294,
-4577,-15174,4343,
-4538,-15122,4367,
-4538,-15175,4378,
-4552,-15155,4422,
-4599,-15138,4419,
-4590,-15152,4397,
-4604,-15113,4415,
-4655,-15125,4377,
-4671,-15135,4343,
-4687,-15183,4359,
-4705,-15162,4315,
-4754,-15173,4289,
-4780,-15242,4266,
-4792,-15218,4269,
-4781,-15222,4210,
-4782,-15249,4242,
-4746,-15241,4310,
-4725,-15253,4285,
-4693,-15335,4306,
-4683,-15308,4355,
-4682,-15266,4363,
-4653,-15270,4353,
-4641,-15298,4364,
-4586,-15296,4384,
-4572,-15267,4409,
-4624,-15340,4380,
-4609,-15298,4396,
-4619,-15310,4402,
-4601,-15275,4405,
-4644,-15266,4389,
-4666,-15175,4356,
-4641,-15218,4446,
-4624,-15215,4461,
-4736,-15258,4422,
-4707,-15236,4410,
-4726,-15225,4438,
-4695,-15217,4409,
-4661,-15229,4361,
-4709,-15213,4444,
-4758,-15256,4440,
-4753,-15260,4461,
-4744,-15251,4419,
-4793,-15226,4389,
-4820,-15119,4426,
-4796,-15228,4494,
-4758,-15196,4480,
-4761,-15239,4476,
-4786,-15251,4507,
-4798,-15192,4483,
-4808,-15182,4592,
-4808,-15145,4610,
-4871,-15121,4642,
-4861,-15174,4644,
-4798,-15155,4600,
-4847,-15164,4586,
-4844,-15256,4617,
-4821,-15209,4611,
-4782,-15205,4522,
-4739,-15169,4532,
-4710,-15167,4494,
-4738,-15281,4424,
-4703,-15228,4538,
-4698,-15155,4554,
-4712,-15165,4569,
-4728,-15201,4567,
-4662,-15214,4589,
-4701,-15261,4592,
-4718,-15277,4611,
-4725,-15266,4584,
-4736,-15225,4527,
-4725,-15221,4501,
-4710,-15252,4505,
-4687,-15260,4512,
-4683,-15247,4517,
-4714,-15257,4514,
-4725,-15236,4551,
-4689,-15224,4513,
-4738,-15230,4546,
-4746,-15219,4519,
-4747,-15248,4495,
-4806,-15194,4511,
-4794,-15210,4487,
-4774,-15192,4490,
-4802,-15152,4451,
-4787,-15140,4502,
-4792,-15147,4449,
-4798,-15139,4458,
-4778,-15119,4409,
-4764,-15106,4469,
-4740,-15170,4475,
-4720,-15146,4441,
-4773,-15143,4432,
-4816,-15134,4425,
-4727,-15147,4458,
-4678,-15117,4401,
-4747,-15142,4404,
-4740,-15124,4370,
-4778,-15179,4392,
-4724,-15172,4348,
-4787,-15231,4379,
-4728,-15257,4324,
-4705,-15302,4381,
-4657,-15337,4302,
-4687,-15356,4304,
-4643,-15382,4280,
-4646,-15378,4304,
-4572,-15399,4274,
-4575,-15429,4281,
-4579,-15412,4238,
-4574,-15372,4279,
-4547,-15337,4232,
-4512,-15337,4237,
-4500,-15345,4261,
-4460,-15337,4326,
-4447,-15319,4362,
-4411,-15288,4416,
-4398,-15249,4447,
-4383,-15228,4467,
-4411,-15218,4500,
-4413,-15201,4528,
-4507,-15148,4479,
-4478,-15139,4476,
-4511,-15167,4487,
-4598,-15204,4407,
-4608,-15171,4424,
-4632,-15193,4337,
-4673,-15213,4322,
-4686,-15170,4262,
-4669,-15170,4232,
-4647,-15229,4268,
-4707,-15239,4231,
-4617,-15296,4289,
-4598,-15268,4210,
-4590,-15297,4250,
-4555,-15296,4304,
-4554,-15352,4313,
-4531,-15352,4314,
-4532,-15376,4316,
-4439,-15429,4315,
-4487,-15427,4358,
-4444,-15426,4355,
-4415,-15417,4399,
-4419,-15433,4403,
-4425,-15415,4382,
-4477,-15393,4378,
-4402,-15415,4398,
-4477,-15376,4392,
-4463,-15365,4365,
-4544,-15353,4346,
-4535,-15373,4351,
-4538,-15380,4315,
-4583,-15342,4309,
-4579,-15317,4327,
-4684,-15317,4322,
-4668,-15351,4341,
-4612,-15306,4330,
-4642,-15291,4290,
-4634,-15312,4315,
-4699,-15253,4357,
-4691,-15274,4331,
-4683,-15245,4336,
-4735,-15216,4338,
-4729,-15204,4407,
-4731,-15156,4411,
-4771,-15219,4415,
-4753,-15178,4490,
-4773,-15121,4487,
-4821,-15125,4459,
-4798,-15101,4487,
-4809,-15154,4491,
-4843,-15167,4474,
-4836,-15168,4439,
-4826,-15191,4453,
-4789,-15240,4485,
-4778,-15198,4478,
-4804,-15261,4444,
-4774,-15228,4436,
-4743,-15209,4415,
-4719,-15240,4476,
-4718,-15278,4490,
-4756,-15252,4475,
-4713,-15250,4420,
-4741,-15283,4401,
-4725,-15275,4446,
-4711,-15269,4420,
-4691,-15243,4408,
-4690,-15226,4480,
-4695,-15299,4475,
-4674,-15306,4445,
-4712,-15281,4461,
-4712,-15218,4415,
-4673,-15229,4404,
-4721,-15229,4432,
-4743,-15236,4418,
-4738,-15212,4445,
-4707,-15219,4423,
-4750,-15168,4400,
-4753,-15190,4434,
-4735,-15166,4438,
-4787,-15161,4402,
-4828,-15145,4398,
-4809,-15154,4394,
-4755,-15161,4410,
-4777,-15191,4402,
-4769,-15161,4392,
-4797,-15145,4368,
-4790,-15172,4371,
-4729,-15165,4413,
-4721,-15163,4380,
-4753,-15163,4384,
-4761,-15214,4411,
-4766,-15202,4397,
-4741,-15212,4350,
-4694,-15224,4361,
-4649,-15273,4352,
-4684,-15290,4323,
-4702,-15285,4340,
-4711,-15274,4329,
-4680,-15282,4332,
-4656,-15303,4302,
-4657,-15336,4339,
-4588,-15340,4305,
-4593,-15316,4344,
-4570,-15359,4380,
-4598,-15376,4330,
-4555,-15365,4293,
-4548,-15363,4287,
-4566,-15336,4282,
-4537,-15323,4280,
-4533,-15346,4262,
-4499,-15278,4301,
-4481,-15266,4299,
-4490,-15259,4358,
-4466,-15236,4395,
-4476,-15232,4399,
-4480,-15128,4394,
-4601,-15192,4413,
-4548,-15181,4464,
-4560,-15206,4478,
-4587,-15186,4437,
-4620,-15182,4426,
-4616,-15210,4446,
-4653,-15192,4447,
-4630,-15185,4388,
-4644,-15204,4371,
-4711,-15214,4370,
-4683,-15271,4345,
-4673,-15264,4307,
-4662,-15271,4266,
-4617,-15257,4299,
-4610,-15302,4337,
-4579,-15305,4285,
-4531,-15331,4378,
-4516,-15348,4353,
-4467,-15339,4386,
-4500,-15320,4408,
-4475,-15355,4370,
-4527,-15345,4375,
-4477,-15337,4394,
-4499,-15368,4400,
-4493,-15372,4391,
-4477,-15336,4372,
-4532,-15307,4377,
-4541,-15331,4392,
-4571,-15309,4414,
-4590,-15300,4370,
-4602,-15287,4356,
-4607,-15252,4383,
-4655,-15259,4360,
-4671,-15264,4342,
-4695,-15234,4336,
-4724,-15277,4294,
-4657,-15202,4325,
-4697,-15211,4371,
-4706,-15203,4299,
-4662,-15229,4326,
-4688,-15184,4390,
-4699,-15141,4382,
-4689,-15100,4384,
-4781,-15153,4413,
-4777,-15134,4493,
-4809,-15157,4488,
-4746,-15107,4439,
-4787,-15106,4449,
-4794,-15134,4479,
-4794,-15171,4487,
-4782,-15156,4475,
-4767,-15141,4417,
-4726,-15081,4470,
-4741,-15148,4457,
-4799,-15130,4467,
-4761,-15136,4456,
-4750,-15157,4414,
-4753,-15146,4433,
-4714,-15159,4443,
-4755,-15179,4448,
-4723,-15158,4387,
-4769,-15205,4399,
-4801,-15197,4351,
-4791,-15233,4377,
-4741,-15241,4349,
-4759,-15232,4375,
-4730,-15250,4346,
-4707,-15216,4357,
-4719,-15192,4354,
-4714,-15188,4387,
-4690,-15183,4397,
-4694,-15162,4402,
-4737,-15096,4369,
-4711,-15096,4366,
-4732,-15147,4418,
-4712,-15158,4450,
-4696,-15133,4392,
-4653,-15148,4452,
-4708,-15134,4450,
-4704,-15120,4353,
-4715,-15056,4383,
-4698,-15085,4357,
-4674,-15108,4381,
-4674,-15042,4395,
-4647,-15082,4393,
-4654,-15069,4390,
-4648,-15067,4408,
-4616,-15073,4378,
-4665,-15067,4413,
-4632,-15101,4330,
-4653,-15088,4343,
-4622,-15072,4334,
-4643,-15083,4301,
-4656,-15126,4304,
-4665,-15119,4239,
-4668,-15129,4225,
-4648,-15143,4181,
-4677,-15162,4218,
-4695,-15191,4152,
-4708,-15263,4160,
-4742,-15316,4150,
-4736,-15276,4172,
-4757,-15279,4128,
-4732,-15299,4201,
-4735,-15269,4229,
-4655,-15297,4255,
-4677,-15328,4344,
-4631,-15319,4343,
-4651,-15279,4326,
-4619,-15298,4287,
-4624,-15301,4271,
-4601,-15329,4269,
-4544,-15293,4274,
-4502,-15331,4262,
-4504,-15305,4227,
-4447,-15296,4258,
-4440,-15290,4279,
-4420,-15312,4289,
-4439,-15271,4354,
-4436,-15257,4311,
-4467,-15247,4353,
-4534,-15261,4390,
-4575,-15281,4422,
-4605,-15250,4428,
-4624,-15190,4346,
-4670,-15236,4363,
-4704,-15204,4412,
-4704,-15224,4380,
-4710,-15170,4383,
-4711,-15203,4357,
-4692,-15220,4409,
-4705,-15218,4384,
-4699,-15240,4377,
-4703,-15237,4390,
-4726,-15241,4441,
-4739,-15251,4458,
-4684,-15285,4458,
-4669,-15267,4474,
-4644,-15265,4514,
-4618,-15315,4502,
-4611,-15323,4535,
-4605,-15323,4481,
-4584,-15323,4517,
-4582,-15276,4463,
-4611,-15243,4465,
-4591,-15218,4444,
-4623,-15219,4459,
-4675,-15196,4414,
-4651,-15207,4375,
-4693,-15152,4371,
-4698,-15184,4368,
-4753,-15241,4331,
-4742,-15208,4332,
-4787,-15198,4342,
-4759,-15189,4362,
-4772,-15190,4382,
-4766,-15188,4363,
-4757,-15180,4461,
-4706,-15163,4399,
-4761,-15161,4394,
-4766,-15093,4383,
-4781,-15108,4373,
-4803,-15124,4360,
-4793,-15148,4399,
-4786,-15165,4468,
-4838,-15135,4403,
-4844,-15117,4362,
-4833,-15134,4390,
-4845,-15163,4381,
-4843,-15169,4366,
-4817,-15186,4337,
-4811,-15238,4304,
-4789,-15214,4292,
-4742,-15256,4289,
-4686,-15260,4310,
-4680,-15269,4321,
-4722,-15291,4305,
-4657,-15311,4308,
-4623,-15326,4346,
-4578,-15335,4321,
-4598,-15342,4332,
-4554,-15347,4337,
-4536,-15345,4388,
-4493,-15358,4323,
-4471,-15354,4339,
-4455,-15340,4319,
-4484,-15307,4349,
-4492,-15341,4389,
-4463,-15336,4401,
-4475,-15258,4527,
-4514,-15369,4352,
-4443,-15374,4781,
-4499,-15339,4400,
-4469,-15292,4459,
-4480,-15293,4407,
-4510,-15334,4405,
-4563,-15309,4464,
-4648,-15271,4549,
-4799,-15293,4738,
-4916,-15060,4828,
-4850,-15008,4879,
-4824,-14969,4828,
-4835,-14967,4872,
-4764,-14946,4810,
-4710,-15038,4699,
-4640,-15121,4556,
-4552,-15210,4402,
-4558,-15326,4303,
-4572,-15474,4186,
-4464,-15412,4137,
-4389,-15387,4113,
-4419,-15425,4138,
-4428,-15352,4189,
-4561,-15358,4283,
-4626,-15355,4194,
-4642,-15300,4265,
-4569,-15293,4400,
-4474,-15274,4462,
-4491,-15296,4520,
-4566,-15240,4558,
-4610,-15323,4471,
-4603,-15429,4552,
-4585,-15454,4651,
-4589,-15477,4677,
-4577,-15438,4707,
-4544,-15426,4786,
-4487,-15436,4779,
-4491,-15436,4824,
-4496,-15485,4768,
-4476,-15452,4740,
-4496,-15477,4671,
-4501,-15429,4657,
-4517,-15484,4582,
-4529,-15460,4556,
-4527,-15381,4466,
-4455,-15441,4398,
-4489,-15476,4408,
-4420,-15419,4426,
-4357,-15403,4441,
-4319,-15350,4465,
-4293,-15315,4472,
-4316,-15283,4536,
-4333,-15246,4582,
-4385,-15158,4683,
-4406,-15214,4687,
-4418,-15190,4725,
-4460,-15141,4691,
-4509,-15145,4664,
-4499,-15187,4632,
-4576,-15132,4617,
-4562,-15124,4559,
-4574,-15131,4536,
-4631,-15149,4550,
-4545,-15059,4674,
-4417,-15261,4351,
-4731,-15302,4253,
-4616,-15170,4364,
-4732,-15186,4408,
-4671,-15229,4287,
-4669,-15146,4336,
-4701,-15146,4297,
-4695,-15135,4294,
-4739,-15133,4255,
-4721,-15137,4168,
-4793,-15143,4112,
-4756,-15207,4161,
-4721,-15095,4263,
-4774,-15204,4111,
-4755,-15139,4146,
-4788,-15199,4141,
-4793,-15227,4112,
-4745,-15237,4137,
-4776,-15266,4067,
-4724,-15273,4083,
-4732,-15250,4024,
-4732,-15233,4064,
-4670,-15286,4011,
-4669,-15200,4024,
-4611,-15246,4077,
-4586,-15249,4110,
-4556,-15239,4107,
-4528,-15201,4149,
-4506,-15182,4233,
-4493,-15139,4280,
-4490,-15140,4326,
-4492,-15160,4368,
-4512,-15145,4373,
-4532,-15156,4367,
-4545,-15165,4386,
-4609,-15222,4385,
-4590,-15299,4412,
-4600,-15321,4394,
-4649,-15388,4397,
-4674,-15428,4363,
-4712,-15471,4297,
-4731,-15527,4283,
-4718,-15590,4297,
-4690,-15578,4262,
-4650,-15558,4185,
-4603,-15600,4264,
-4590,-15514,4211,
-4556,-15630,4153,
-4532,-15646,4300,
-4498,-15669,4391,
-4418,-15708,4421,
-4603,-15769,5670,
-4317,-15306,3544,
-4345,-15766,4576,
-4185,-15789,4462,
-4145,-15779,4538,
-4138,-15694,4508,
-3973,-15727,4482,
-3899,-15736,4450,
-3816,-15767,4421,
-3706,-15701,4435,
-3613,-15700,4300,
-3528,-15728,4237,
-3498,-15732,4239,
-3544,-15811,4115,
-3537,-15828,4108,
-3547,-15812,3996,
-3616,-15809,4004,
-3642,-15886,4012,
-3777,-15912,4016,
-3796,-15924,4090,
-3888,-15961,4160,
-3883,-15951,4259,
-3928,-15988,4283,
-3892,-16077,4363,
-3795,-16099,4511,
-3863,-16150,4541,
-3792,-16239,4478,
-3741,-16204,4504,
-3648,-16282,4446,
-3581,-16229,4462,
-3605,-16306,4343,
-3457,-16224,4278,
-3452,-16227,4245,
-3493,-16176,4181,
-3389,-16121,4125,
-3354,-16054,4085,
-3381,-15982,4090,
-3356,-15850,4146,
-3431,-15834,4118,
-3474,-15740,4161,
-3483,-15648,4159,
-3548,-15558,4101,
-3571,-15477,4111,
-3584,-15392,4122,
-3605,-15345,4114,
-3602,-15352,4123,
-3619,-15376,4165,
-3590,-15384,4125,
-3546,-15384,4153,
-3568,-15512,4190,
-3527,-15654,4162,
-3413,-15570,4118,
-3074,-16041,4134,
-3048,-16015,4131,
-3028,-16005,4162,
-2925,-15923,4208,
-2944,-15960,4193,
-3058,-16082,4157,
-3194,-16070,4159,
-3176,-16041,4058,
-3228,-15952,3977,
-3270,-16045,3969,
-3339,-16014,3871,
-3332,-15774,3875,
-3366,-15776,3841,
-3418,-15588,3889,
-3499,-15496,3895,
-3499,-15669,3947,
-3391,-15784,3598,
-3703,-15727,3495,
-3568,-15165,3609,
-3581,-15538,3690,
-3620,-15326,3390,
-3543,-16073,3809,
-3555,-15270,3601,
-3490,-15980,3378,
-3447,-15905,2972,
-3406,-16246,3204,
-3718,-15293,4368,
-3190,-15792,3193,
-3345,-15772,3646,
-3248,-15784,3115,
-3113,-15679,2922,
-3388,-16127,3629,
-3297,-16227,3562,
-3266,-16132,3634,
-3181,-16214,3537,
-3217,-15931,3542,
-3256,-16262,3183,
-3065,-16467,3687,
-3198,-16372,3702,
-3141,-16501,3489,
-3118,-16381,3376,
-3091,-16355,3429,
-3046,-16336,3334,
-2929,-16337,3295,
-2851,-16396,3469,
-2597,-16250,3194,
-2466,-16116,3211,
-2418,-16361,2938,
-2437,-16272,2826,
-2476,-15867,2960,
-2433,-16060,2854,
-2583,-16412,2926,
-2620,-16449,2965,
-2621,-16251,2864,
-2664,-16318,2652,
-2606,-16294,2810,
-2643,-16325,2806,
-2587,-16441,2957,
-2456,-16341,2913,
-2375,-16245,2893,
-2281,-16400,2997,
-2623,-16281,-2709,
-2362,-16390,2626,
-2013,-16198,3679,
-2057,-16523,3164,
-2051,-16348,3114,
-2072,-16576,3328,
-2213,-16751,3200,
-1943,-17029,3908,
-1364,-16099,3390,
-2306,-17464,3138,
-2538,-17373,4437,
-1936,-17474,4024,
-1849,-17488,4415,
-1689,-17383,4088,
-1995,-17616,4010,
-2268,-17729,4022,
-967,-17287,4811,
-1749,-17850,4933,
-289,-18071,869,
-2494,-17369,4606,
-2240,-15489,4885,
-2120,-17929,5167,
-2241,-16372,6005,
-1416,-15472,3932,
-1907,-16062,4474,
-1704,-16448,4606,
-2237,-15595,4767,
-2339,-15396,4663,
-2258,-15060,4857,
-2303,-14377,4700,
-2513,-15062,4954,
-2761,-15190,4852,
-2534,-14687,4929,
-2750,-14792,5231,
-2678,-15563,4544,
-2861,-14788,5893,
-2554,-13564,5409,
-2762,-14709,4528,
-2507,-14692,4358,
-2202,-15801,4922,
-1893,-14922,4878,
-1851,-15399,5438,
-1818,-16482,2786,
-1312,-14543,4554,
-1155,-14964,4390,
-724,-15394,4758,
-1609,-16994,4854,
-641,-15083,4881,
-608,-13890,2743,
-165,-15621,4253,
-590,-16731,5456,
-1108,-16542,5365,
-1398,-15273,5200,
-1174,-15370,4480,
-1165,-15304,3154,
-1003,-14966,3150,
-420,-14363,3004,
-1213,-15080,5046,
-946,-15531,4693,
-1225,-15352,5993,
-1226,-14907,5363,
-1305,-14902,5286,
-959,-15421,5446,
-881,-17042,8839,
208,-14011,4680,
-2593,-15921,7208,
-1708,-14154,3694,
-45,-14879,5471,
2210,-14935,1870,
-4697,-16107,10399,
-1282,-11880,1518,
-3092,-12608,22545,
-1203,-14300,-685,
-1309,-15964,4816,
-2090,-14068,6644,
273,-15501,5792,
-665,-15080,6189,
-697,-15330,5212,
51,-15652,6863,
575,-15641,6728,
506,-15485,7337,
418,-15190,6644,
429,-15929,7280,
1118,-15512,6285,
1318,-15765,6737,
1338,-15327,5921,
1216,-15467,5769,
1146,-15885,6066,
678,-15506,5038,
941,-15680,7249,
980,-15845,7050,
1102,-14832,9254,
484,-15765,5905,
477,-16259,6599,
534,-15556,6298,
318,-15820,5946,
93,-14526,5521,
-21,-15086,8478,
-903,-13999,10236,
-10716,-8457,32764,
-7817,-22636,-2226,
6179,-26938,-32764,
8423,-16094,11013,
5186,-14232,26054,
772,-15150,5140,
-254,-10233,-1293,
-15263,-28224,2165,
-12798,-9540,7496,
4114,2024,2404,
9608,-15350,3967,
339,-18993,6024,
5515,-7576,-925,
2699,-19484,11750,
5435,-15985,620,
2672,-14021,5132,
-1709,-12557,8864,
-1744,-13386,1701,
-1062,-15290,-918,
1235,-16110,4083,
3376,-13286,11232,
308,-15841,9262,
2892,-12606,9627,
-343,-14174,7538,
-3588,9732,-1130,
13880,-3344,32764,
14711,-21280,1679,
1573,-32234,8263,
-1982,-28735,7499,
-2925,-17496,13447,
-6882,-14472,-1506,
1328,-2883,4263,
-2871,-13539,5239,
-1583,-16241,4612,
3318,-18802,5998,
4770,-16016,6279,
-255,-16132,2868,
2296,-12933,3731,
-6056,-17927,-391,
-2161,-13947,-213,
912,-19346,2692,
-114,-17846,4251,
-2787,-18223,1772,
-1223,-12904,-692,
-183,-14102,2454,
882,-15002,2966,
-108,-16473,2950,
2478,-15483,2828,
5451,-13168,804,
2535,-12058,5847,
1144,-17308,639,
5466,-14605,1894,
8584,-12274,1518,
10042,-20258,-169,
6647,-18267,12060,
14021,-10711,4239,
6438,-14736,2095,
4808,-22850,9579,
6375,-14701,-3367,
2349,-24073,8012,
-8674,-31505,-1646,
6440,-20725,6805,
7075,-6573,4140,
-2168,-9307,11700,
-1794,-6104,8859,
-9461,-18781,-3965,
-8218,-18414,2713,
-10499,-19124,-6416,
-1595,-11605,1966,
-7261,-15445,6345,
-955,-14812,-2451,
7200,-17687,11163,
2945,-17211,3159,
3343,-15801,3751,
1544,-17155,5597,
4400,-14170,3907,
4450,-16450,6120,
2415,-16472,1973,
3997,-12786,4463,
3891,-14598,6481,
4202,-18491,-2213,
3915,-18406,871,
-3471,-25703,1443,
-3041,-21836,-5562,
357,-15892,13000,
25936,11891,10263,
2418,-16130,5823,
-450,-25697,6867,
1145,-17460,13202,
772,-17846,4387,
4357,-16648,9774,
5652,-12537,6455,
4484,-17787,4449,
6284,-15640,3688,
2029,-18174,6779,
4050,-20192,-1134,
4401,-18854,309,
3986,-16611,336,
3299,-15440,3001,
3570,-16240,1988,
3338,-18244,801,
4174,-16709,4878,
5237,-16171,4891,
3946,-18856,3959,
4936,-13376,5784,
6013,-11498,5930,
4738,-10970,8423,
4682,-10975,9950,
6823,-13825,11566,
5590,-4426,9730,
5922,-7876,6019,
7875,-22997,-13642,
6285,-13941,15743,
4520,-20024,10445,
4848,-16337,-1564,
8365,-13122,4023,
5519,-18497,6663,
4937,-9230,-16390,
3250,3371,-27401,
10301,-7072,6872,
7803,-20191,2242,
3364,-17204,11844,
4789,-14934,1618,
4354,-15732,825,
4807,-16502,691,
8864,-20210,1915,
3052,-21445,6921,
7027,-19348,10499,
4414,-19650,1495,
4638,-14231,1752,
4653,-12812,652,
4681,-14723,531,
5509,-11996,-193,
4238,-3366,22025,
4827,-32764,-4960,
3813,-14611,4187,
6064,-13592,-817,
5878,-15654,1315,
4664,-16972,3377,
6367,-16784,-3295,
6623,-14886,-1037,
6617,-14389,735,
6015,-17006,-2058,
5687,-15741,-932,
6388,-15470,-2044,
5501,-14862,-741,
6583,-15304,742,
5596,-14133,-5866,
5994,-16390,2091,
5839,-16099,-4095,
5764,-15666,-997,
5300,-14549,-1966,
5534,-15208,-1801,
5428,-14869,-5207,
5323,-14969,110,
5607,-15066,-1028,
5136,-15614,-436,
5355,-14747,62,
7993,-13357,1199,
5042,-15682,-715,
4218,-15430,-2106,
4939,-14853,-1373,
4698,-15866,-1717,
4831,-14689,-2568,
4624,-17084,-569,
5639,-13602,-1255,
4503,-15357,-1223,
5115,-16511,-1037,
4676,-19434,-2318,
-1913,-22611,-4098,
5769,-8564,-11196,
6571,-8700,19145,
5045,-12986,-4074,
5097,-14458,14682,
4800,-14507,-3987,
5114,-14364,10396,
5477,-13565,-9158,
5534,-15453,970,
4998,-15807,-6953,
5416,-14395,-4061,
3719,-17397,-13728,
6071,-12722,-646,
-1305,-31259,-8345,
3409,-16422,482,
8030,-10780,2828,
6075,-14789,2199,
5189,-16927,-3666,
6786,-16284,-1575,
4486,-16094,-742,
5324,-14608,939,
4670,-14500,2212,
12352,16358,1903,
2253,-32747,-11602,
4884,-11924,-1701,
4189,-15720,2669,
6741,-13444,3615,
5412,-13014,2030,
5016,-15439,209,
4435,-16473,2242,
4134,-15863,838,
4299,-13322,2959,
4637,-14077,1233,
4460,-14724,3535,
4612,-15202,3260,
4324,-15504,5261,
3815,-13951,5063,
4871,-15315,4323,
3963,-15311,3677,
4379,-17156,3432,
4849,-16515,3435,
4670,-16612,1683,
4384,-16003,1836,
4783,-19328,10143,
5000,-15431,413,
4633,-16680,747,
3909,-15523,1818,
3699,-17238,2278,
3979,-15430,1229,
4118,-15282,2119,
4069,-14915,1777,
4527,-15692,838,
5882,-16471,2391,
4801,-15253,2152,
4822,-16041,3477,
5333,-14781,3057,
5004,-15689,4375,
4934,-15836,5015,
4537,-13510,3061,
3789,-14473,3703,
3156,-14972,3804,
3554,-15227,3605,
3147,-15225,2961,
3185,-15246,2596,
3330,-14785,3331,
3827,-14278,2651,
3059,-14267,2666,
3559,-14931,3121,
3341,-15428,2725,
3437,-14787,2111,
4052,-16075,1300,
3045,-15708,3267,
3311,-15601,2582,
3241,-15265,3439,
3275,-15387,2847,
3151,-15535,2060,
2651,-15608,2906,
3152,-16029,3166,
3500,-15657,3435,
2728,-15999,3539,
3301,-15865,3496,
3332,-15001,3389,
3363,-16214,2565,
3918,-16097,2945,
3932,-16362,2371,
3110,-15559,2077,
3664,-16280,2819,
3420,-16378,3425,
3715,-16477,3907,
1613,-18614,2545,
1610,-19040,1992,
2736,-14369,4236,
2734,-17029,4622,
1256,-16092,7591,
31,-26794,2945,
2252,-22154,4756,
1605,-14697,5595,
1853,-12625,5094,
4411,-12596,5962,
3722,-13069,5156,
3463,-13281,5738,
2509,-15856,5034,
2701,-15375,5499,
1854,-14903,5005,
3093,-15538,4015,
2696,-14574,5154,
2311,-14636,5460,
2055,-15871,6508,
2760,-14303,5695,
2369,-15037,5659,
2677,-16054,5170,
2698,-15576,5137,
2536,-15318,4769,
820,-16292,5518,
2370,-15576,5075,
3049,-15578,4851,
3315,-14733,5041,
3290,-15127,5215,
3180,-15426,5206,
3215,-15612,5105,
3062,-15676,5451,
3005,-15907,5565,
2935,-15923,5464,
2618,-15946,5353,
2251,-15873,4877,
1740,-17430,5130,
2352,-15719,4949,
2580,-11695,4740,
2205,-16129,4587,
1964,-16812,4552,
2230,-15310,6073,
2770,-14158,5801,
2914,-14116,5679,
2925,-15647,6807,
2840,-15894,6717,
2151,-15783,4691,
2797,-16751,5044,
2354,-15966,5277,
1501,-16429,5115,
1218,-15231,6737,
831,-15154,5971,
904,-15405,6191,
1850,-15007,5928,
1351,-14767,6277,
1617,-15027,6615,
1988,-14956,6682,
2042,-14518,6128,
2266,-14904,6120,
2830,-15702,3976,
2075,-15638,6650,
1965,-14274,6421,
1940,-14159,7817,
1588,-14918,6981,
1628,-14154,6901,
1319,-13825,7011,
647,-13232,7337,
627,-13438,8710,
2211,-12052,7932,
1796,-12780,8422,
1438,-13604,7955,
1678,-14018,7856,
2092,-13699,7905,
2118,-13622,7677,
1998,-13434,6908,
2264,-12863,3416,
1439,-11801,9867,
2303,-11622,9331,
2492,-3400,4352,
1821,-5744,2834,
1433,-14244,3017,
2227,-15582,4981,
1372,-18433,5995,
1985,-15029,6869,
1483,-17355,7456,
1976,-15790,6480,
1947,-15728,6830,
1918,-15142,6148,
1951,-15600,6136,
1448,-16032,6282,
1810,-16082,6455,
1545,-16377,6795,
2117,-14259,6463,
2464,-13946,5732,
1983,-16659,7881,
1999,-15746,2869,
1913,-16658,4097,
1298,-15941,3602,
2000,-15873,3660,
2181,-16303,3928,
2417,-16403,3896,
2214,-16190,4282,
2526,-16363,4616,
3161,-16361,4988,
4589,-17271,5901,
3107,-15319,4897,
2312,-15427,4165,
2195,-15478,4827,
1730,-15918,4335,
1698,-15886,4281,
1582,-16082,4211,
1464,-16082,3936,
1537,-15957,4635,
1816,-16184,3769,
1970,-15548,4153,
1894,-15171,4279,
2093,-16114,4419,
2074,-16046,4638,
2101,-16345,4253,
366,-16682,5833,
2054,-15101,3538,
2882,-15492,4138,
2905,-15104,4380,
1357,-16798,4613,
1726,-16200,4195,
1853,-14878,3063,
1221,-16172,3709,
2479,-15910,2019,
1914,-16733,3416,
2087,-15219,3879,
2051,-15834,4203,
2420,-17673,4743,
2840,-14396,3855,
2166,-16764,3971,
2399,-17701,4350,
1742,-16695,3536,
1752,-14954,3270,
2139,-15555,3130,
2079,-15314,2828,
1529,-16518,2932,
1134,-16411,2818,
-326,-18697,5865,
1099,-14959,1903,
1391,-14611,2518,
1310,-16466,3203,
1331,-15029,2419,
1116,-14738,2960,
939,-15732,3481,
1389,-14740,3748,
2142,-13466,4084,
1135,-17430,5126,
1912,-15450,4910,
1568,-15592,5504,
1656,-14826,5853,
1854,-14780,6641,
1363,-16483,5764,
1753,-14503,4545,
1260,-15297,4962,
1469,-15528,4681,
1140,-14835,3876,
936,-16457,4276,
620,-17074,4270,
960,-16465,3666,
501,-16212,3746,
596,-15993,3655,
555,-14316,2323,
453,-16756,3610,
836,-15026,3303,
819,-15535,3621,
615,-15616,3399,
262,-17592,3990,
833,-15598,4039,
1014,-15809,4104,
697,-15937,4140,
665,-16002,4178,
666,-15646,4466,
725,-15583,4538,
556,-15984,4443,
526,-16046,4854,
1164,-14944,5042,
670,-15762,4688,
586,-15875,4940,
505,-15750,5023,
880,-15061,5021,
800,-15499,4993,
693,-15424,4678,
548,-15491,4359,
578,-15656,4008,
436,-15661,3936,
603,-15584,3771,
489,-15901,3794,
462,-16468,3642,
448,-16140,3542,
887,-15437,3595,
834,-16140,3536,
920,-15802,3674,
677,-15931,3504,
781,-15834,3442,
766,-16275,3673,
887,-16071,3727,
1079,-16088,3846,
1008,-16018,4071,
994,-16002,4214,
980,-15923,4367,
1021,-15851,4358,
1168,-15916,4514,
1167,-15904,4691,
1235,-15930,4758,
1353,-15989,4827,
1608,-15845,4651,
1878,-15337,4385,
1223,-16426,4534,
943,-16288,4422,
975,-16260,4300,
1056,-15970,4459,
1098,-16014,4660,
1174,-15889,4656,
1047,-16104,4748,
954,-15990,4585,
842,-15809,4539,
946,-15719,4582,
1084,-15746,4639,
1322,-15677,4667,
1380,-15086,4440,
1009,-15731,4538,
1056,-15512,4494,
1161,-15052,4208,
1326,-15831,4908,
1457,-15558,4588,
1280,-15739,4768,
1392,-15225,4681,
1258,-15813,4845,
1280,-15378,4549,
1169,-16139,5001,
1247,-15671,4312,
1222,-15639,4429,
1204,-15563,4253,
1191,-16068,4326,
1451,-15895,4284,
1802,-16078,4036,
1605,-15721,4079,
1721,-16050,4184,
1395,-16967,4261,
1618,-16605,4263,
1864,-16488,4439,
1829,-16754,4491,
2148,-16380,4710,
2036,-16265,5167,
2102,-16641,5072,
2462,-16532,4933,
2178,-16410,3775,
1936,-16711,4551,
1988,-16456,4426,
1505,-16502,4502,
1507,-16481,4280,
1513,-16629,4150,
1411,-16591,4409,
1436,-16305,4526,
1227,-17064,4808,
1574,-16367,4720,
1497,-15843,4910,
1341,-15875,5028,
1078,-15824,4979,
1050,-15670,5207,
1007,-15793,5356,
1019,-15283,5521,
446,-15739,4120,
362,-15573,3986,
-3072,-14888,4735,
1037,-15804,4194,
954,-15405,4258,
728,-15504,4753,
914,-15556,4606,
1249,-15695,4593,
863,-15687,4684,
877,-15769,4629,
913,-15764,4678,
805,-15816,4523,
793,-15834,4565,
670,-15756,4586,
672,-15643,4653,
593,-15546,4781,
557,-15505,4879,
419,-15456,5070,
324,-15473,5169,
411,-15426,5395,
452,-15420,5480,
333,-15592,5701,
336,-15451,5796,
487,-15552,5757,
-336,-18549,4157,
177,-16046,6341,
590,-16078,6322,
503,-16099,5729,
467,-16093,5874,
228,-16032,5623,
454,-16160,5968,
558,-16228,5851,
634,-16277,6021,
699,-16164,6165,
956,-16009,6396,
881,-15692,6564,
948,-15538,6750,
869,-15391,6831,
881,-15228,6971,
774,-15172,6945,
667,-15056,7012,
271,-15141,7082,
1115,-14599,7506,
663,-15825,6384,
699,-15571,7082,
1057,-16276,6647,
956,-16356,6601,
1105,-16260,6490,
1089,-16604,6437,
1270,-16046,6485,
1266,-15711,6756,
1215,-15372,6943,
1540,-14995,7072,
1006,-14923,7250,
908,-14819,7451,
967,-14535,7350,
1101,-14405,7390,
810,-14384,7307,
1033,-14425,7321,
1121,-14622,7297,
1089,-14938,7269,
1260,-14974,7033,
1114,-15361,7161,
1101,-15377,7125,
1229,-15215,7126,
1061,-15173,7070,
1049,-15159,7046,
1035,-15029,7067,
1145,-14908,7017,
1074,-14876,7089,
1094,-14646,7138,
1185,-14594,7130,
1150,-14495,7054,
1378,-14537,7104,
1196,-14594,6965,
1205,-14600,6821,
1012,-14654,6808,
914,-14612,6692,
938,-14531,6784,
938,-14573,6998,
936,-14625,7026,
861,-14508,7059,
865,-14463,6985,
853,-14384,7112,
1208,-14308,7009,
997,-14298,7099,
1026,-14274,7116,
1013,-14324,6964,
1103,-14468,6895,
858,-14308,6924,
885,-14279,6801,
463,-14346,6637,
892,-14393,6846,
871,-14442,6419,
638,-14632,6551,
917,-14692,6275,
941,-14623,6365,
1201,-14725,6428,
965,-14700,6508,
981,-14528,6600,
923,-14650,6524,
868,-14668,6415,
889,-14777,6469,
883,-14879,6550,
912,-14857,6602,
854,-14799,6700,
784,-14785,6694,
795,-14770,6736,
691,-14777,6725,
627,-14792,6843,
619,-14772,7078,
638,-14758,7236,
435,-14422,7436,
581,-14569,7511,
639,-14467,7532,
606,-14565,7532,
548,-14548,7522,
470,-14581,7415,
627,-14556,7371,
531,-14734,7345,
540,-14865,7286,
565,-14932,7185,
481,-14851,7129,
275,-14923,7473,
560,-14853,7472,
424,-15047,7067,
516,-15101,7019,
352,-15036,6891,
482,-15059,6863,
604,-14983,6857,
513,-15011,6942,
476,-14929,6950,
517,-14863,6978,
351,-14684,7013,
328,-14593,7070,
369,-14497,7085,
388,-14424,7165,
785,-14480,7046,
394,-13910,7382,
539,-14062,7382,
639,-14196,7243,
675,-14245,7170,
747,-14453,7179,
685,-14259,7008,
771,-14596,6949,
742,-14577,6953,
772,-14531,6988,
745,-14645,6990,
516,-14777,7055,
502,-14675,7164,
494,-14657,7256,
543,-14699,7152,
630,-14680,7169,
605,-14451,7094,
874,-14505,7152,
926,-14616,7080,
872,-14601,7227,
689,-14677,7015,
670,-14667,7089,
679,-14479,7135,
784,-14423,7381,
108,-13570,9233,
760,-14995,7363,
737,-14535,7269,
650,-14602,7513,
626,-14618,7529,
675,-14504,7705,
865,-14418,7825,
882,-14398,7844,
1041,-14542,7896,
1189,-14593,7847,
1049,-14823,7971,
1011,-14839,7972,
1116,-15073,7912,
808,-14889,7801,
817,-15050,7692,
826,-14866,7799,
864,-14878,7839,
854,-14894,7879,
850,-14857,7896,
934,-14747,7978,
1058,-14733,7958,
1134,-14812,8015,
1108,-14821,8019,
1041,-14705,8006,
1120,-14722,7987,
1221,-14829,7955,
1036,-14828,7976,
1068,-14806,7929,
981,-14757,7780,
1013,-14792,7745,
942,-14828,7561,
950,-14791,7765,
960,-14767,7787,
830,-14695,7871,
827,-14639,7971,
781,-14495,8009,
868,-14444,8081,
855,-14356,7999,
965,-14360,7979,
957,-14282,7977,
981,-14297,7972,
761,-14388,7449,
837,-14340,8018,
900,-14404,7982,
862,-14485,7888,
906,-14559,7845,
927,-14595,7753,
1019,-14639,7630,
992,-14614,7653,
1008,-14533,7602,
1035,-14533,7588,
944,-14401,7627,
950,-14378,7682,
980,-14289,7678,
1012,-14248,7650,
908,-14241,7670,
819,-14243,7585,
832,-14312,7568,
854,-14309,7573,
790,-14289,7566,
802,-14172,7596,
400,-14124,7470,
647,-14265,7629,
739,-14267,7287,
774,-14417,7609,
771,-14974,7645,
857,-13938,7565,
759,-14523,7802,
769,-14210,7635,
907,-14289,7780,
1060,-14273,7745,
1005,-14339,7805,
953,-14415,7784,
944,-14515,7808,
855,-14503,7775,
462,-13969,6567,
643,-13968,8064,
910,-14361,8060,
1023,-14578,8037,
988,-14364,8215,
1169,-14455,8212,
962,-14452,8142,
861,-14476,8156,
815,-14572,8162,
956,-14666,8174,
1137,-14685,7894,
1120,-14895,8013,
1078,-13874,7848,
1073,-14122,8026,
940,-14563,8395,
1042,-12405,7488,
1147,-12395,8088,
365,-15530,8664,
902,-13892,8153,
1068,-13650,8294,
896,-13978,8359,
1177,-13202,8244,
1107,-13622,8386,
936,-14650,8415,
2056,-13533,9180,
945,-14466,8259,
1141,-14442,8543,
1111,-14525,8251,
990,-14515,8334,
1092,-14650,8245,
976,-14634,8209,
878,-14451,8195,
877,-14363,8231,
699,-14387,8425,
820,-13969,8396,
785,-14275,8354,
844,-14436,8325,
923,-14628,8158,
850,-14704,8106,
858,-14822,8043,
820,-14742,8069,
824,-14678,8139,
819,-14584,8280,
882,-14580,8296,
880,-14508,8360,
721,-14475,8386,
779,-14327,8522,
954,-14330,8482,
846,-14408,8516,
760,-14326,8553,
787,-14349,8564,
730,-14225,8572,
761,-13863,8581,
865,-14355,8368,
860,-13971,8483,
874,-14014,8475,
747,-14234,8439,
754,-14238,8319,
590,-14171,8287,
-147,-17154,7001,
395,-13055,8618,
493,-14632,8075,
505,-14493,7904,
398,-14603,7912,
310,-14673,7908,
486,-14435,7824,
421,-14371,7844,
419,-14494,8008,
486,-14258,8225,
403,-14336,8144,
349,-14312,8298,
468,-14314,8388,
433,-14332,8388,
388,-14185,8456,
347,-14235,8393,
378,-14234,8352,
394,-14147,8275,
428,-14222,8254,
429,-14138,8211,
383,-14261,8214,
475,-14270,8171,
436,-14251,8164,
394,-14289,8184,
406,-14326,8168,
392,-14347,8169,
432,-14331,8185,
442,-14278,8215,
403,-14297,8237,
