-4870,-15004,5685,
-4854,-15106,5756,
-4898,-15182,5791,
-4890,-15295,6235,
-4829,-15256,5629,
-4794,-15290,5573,
-4687,-15399,5729,
-4578,-15308,5919,
-4532,-15301,5882,
-4464,-15344,6040,
-4295,-15202,6113,
-4255,-15166,6089,
-4207,-15183,6083,
-4027,-15227,6153,
-3905,-15187,6233,
-3835,-15152,6205,
-3747,-15134,6221,
-3696,-15154,6183,
-3588,-15127,6030,
-3486,-15167,6036,
-3488,-15265,5799,
-3496,-15204,5900,
-3466,-15249,5754,
-3494,-15187,5841,
-3521,-15325,5577,
-3542,-15237,5574,
-3491,-15262,5497,
-3678,-15327,5406,
-3739,-15227,5258,
-3829,-15332,5370,
-3865,-15281,5238,
-3999,-15383,5134,
-3992,-15449,5053,
-4069,-15451,5168,
-4107,-15433,5042,
-4122,-15395,5123,
-4194,-15428,5185,
-4240,-15434,5253,
-4284,-15408,5437,
-4318,-15401,5347,
-4341,-15378,5488,
-4417,-15357,5554,
-4399,-15307,5518,
-4439,-15223,5520,
-4500,-15257,5536,
-4529,-15244,5566,
-4488,-15246,5579,
-4524,-15241,5727,
-4511,-15234,5629,
-4463,-15248,5495,
-4414,-15306,5530,
-4409,-15332,5643,
-4359,-15347,5893,
-4396,-15382,5864,
-4391,-15365,5751,
-4441,-15364,5892,
-4404,-15377,5819,
-4429,-15382,6052,
-4431,-15482,6043,
-4415,-15412,6019,
-4413,-15448,6060,
-4399,-15514,6016,
-4412,-15541,5898,
-4360,-15500,6302,
-4440,-15466,6634,
-4270,-15492,6304,
-4278,-15369,6145,
-4235,-15379,6298,
-4260,-15370,6334,
-4151,-15279,6237,
-4172,-15309,6207,
-4136,-15245,6254,
-4108,-15269,6233,
-4175,-15231,6332,
-4215,-15200,6237,
-4247,-15161,6254,
-4283,-15195,6078,
-4295,-15284,6056,
-4358,-15225,6119,
-4443,-15225,6264,
-4438,-15231,6083,
-4530,-15282,5909,
-4620,-15239,5917,
-4572,-15237,5997,
-4643,-15232,5844,
-4650,-15189,5945,
-4629,-15184,5893,
-4669,-15168,5755,
-4727,-15121,5778,
-4693,-15085,5759,
-4765,-15126,5611,
-4773,-15052,5516,
-4775,-14936,5666,
-4758,-14991,5659,
-4733,-14873,5298,
-4702,-14933,5496,
-4696,-14855,5315,
-4609,-14880,5060,
-4609,-14903,5240,
-4479,-14702,5256,
-4486,-14629,5141,
-4480,-14468,5322,
-4506,-14381,5156,
-4448,-14401,5257,
-4526,-14219,5121,
-4450,-14132,5458,
-4421,-14161,4889,
-4565,-14033,5148,
-4428,-14043,5789,
-4559,-14132,5497,
-4414,-13959,5240,
-4427,-13924,5074,
-4622,-14390,5148,
-4289,-13884,6027,
-4346,-14240,4755,
-4401,-14057,5505,
-4355,-14017,5213,
-4417,-14042,5946,
-4260,-13944,5964,
-4254,-14007,6093,
-4129,-14112,5998,
-4055,-14102,6029,
-4014,-14131,6177,
-4002,-14122,6443,
-3969,-14165,6655,
-3924,-14111,6669,
-3811,-14109,6443,
-3935,-14178,6832,
-3861,-14272,6960,
-3746,-14233,6462,
-3790,-14220,7134,
-3828,-14450,5940,
-3656,-14548,5801,
-3815,-13594,8962,
-3852,-14309,7808,
-3338,-14396,5439,
-3761,-14407,6996,
-3488,-14032,6895,
-3590,-14459,6363,
-3628,-14432,6970,
-3560,-14260,6921,
-3523,-14406,6343,
-3528,-14480,6616,
-3518,-14570,5871,
-3586,-14727,7194,
-3540,-14698,5905,
-3495,-14538,7001,
-3593,-14596,6802,
-3635,-14636,6530,
-3629,-14600,6769,
-3649,-14614,7038,
-3657,-14655,6910,
-3633,-14616,6800,
-3651,-14597,6784,
-3640,-14578,6840,
-3642,-14543,6882,
-3604,-14485,6906,
-3576,-14433,6786,
-3640,-14380,6738,
-3620,-14268,6750,
-3603,-14148,6736,
-3584,-14099,6674,
-3549,-14055,6548,
-3474,-13892,6597,
-3497,-13856,6548,
-3494,-13844,6586,
-3609,-13923,6697,
-3620,-14014,6682,
-3635,-13897,6696,
-3701,-13853,6664,
-3635,-13859,6811,
-3787,-13871,6679,
-3751,-13798,6813,
-3679,-13822,6875,
-3693,-13861,7013,
-3720,-13822,6913,
-3646,-13851,6963,
-3691,-13900,7060,
-3655,-13913,6876,
-3674,-13858,6978,
-3602,-13877,7048,
-3617,-13945,7110,
-3576,-13956,7051,
-3602,-14008,7108,
-3653,-14079,7138,
-3662,-14132,7051,
-3663,-14205,7004,
-3753,-14283,6959,
-3790,-14339,6976,
-3885,-14422,7042,
-3966,-14418,7081,
-3931,-14489,7025,
-4004,-14454,7034,
-3992,-14402,6968,
-3918,-14266,6923,
-3925,-14206,6963,
-3867,-14161,6982,
-3775,-14033,7147,
-3806,-13958,7150,
-3763,-13908,7218,
-3738,-13929,7232,
-3719,-13835,7166,
-3746,-13845,7134,
-3730,-13818,7090,
-3754,-13794,7163,
-3724,-13888,6953,
-3773,-13859,6935,
-3855,-13870,6797,
-3851,-13988,6747,
-3859,-13978,6694,
-3879,-14084,6622,
-3877,-14123,6566,
-3894,-14155,6472,
-3957,-14245,6421,
-4021,-14265,6392,
-4008,-14188,6408,
-4008,-14259,6339,
-4060,-14204,6293,
-4072,-14201,6262,
-4016,-14204,6352,
-3963,-14166,6449,
-4009,-14129,6503,
-4000,-14067,6470,
-3980,-14054,6504,
-3888,-13987,6636,
-3953,-14012,6280,
-3959,-13908,6336,
-4027,-14057,6345,
-4035,-14089,6437,
-3986,-14093,6403,
-3828,-13845,6006,
-3951,-14137,6720,
-3943,-13952,6341,
-3812,-13958,6498,
-3835,-14128,6613,
-3773,-14157,7301,
-3808,-14095,6857,
-3848,-14079,6938,
-3832,-14103,6999,
-3869,-14067,7047,
-3884,-14100,7120,
-3938,-14145,7190,
-4000,-14179,7166,
-4082,-14248,7073,
-4120,-14295,6931,
-4179,-14329,6853,
-4186,-14403,6819,
-4242,-14451,6746,
-4268,-14520,6712,
-4308,-14657,6749,
-4349,-14726,6632,
-4339,-14696,6524,
-4377,-14692,6427,
-4443,-14737,6487,
-4438,-14821,6520,
-4442,-14858,6601,
-4404,-14911,6470,
-4359,-14861,6690,
-4421,-14834,6597,
-4433,-14870,6784,
-4494,-15025,6797,
-4518,-15047,6721,
-4621,-15119,6889,
-4693,-15147,6963,
-4728,-15242,7255,
-4746,-15130,7071,
-4727,-15108,6972,
-4758,-15736,7405,
-4568,-15254,7089,
-4550,-15297,6928,
-4486,-15219,6810,
-4295,-15316,6979,
-4151,-15262,7058,
-4125,-15096,7134,
-4042,-15034,7074,
-3854,-15008,6741,
-3747,-15120,6510,
-3694,-15010,6641,
-3589,-14721,6494,
-3568,-14904,6775,
-3476,-14895,6885,
-3454,-14975,6698,
-3450,-14822,6937,
-3501,-14870,6722,
-3552,-14760,6797,
-3657,-14862,6894,
-3669,-14886,6782,
-3777,-14971,6733,
-3749,-15044,6891,
-3776,-14838,6962,
-3796,-15144,6524,
-3814,-15225,6919,
-3794,-14962,6871,
-3668,-14794,6243,
-3713,-15104,6933,
-3674,-15091,6397,
-3650,-15092,5982,
-3542,-15376,6136,
-3501,-15045,6557,
-3419,-15113,6416,
-3431,-15092,6364,
-3405,-15140,6185,
-3397,-15110,6151,
-3340,-15125,6179,
-3356,-15098,6213,
-3372,-15115,6390,
-3381,-15016,6444,
-3427,-14980,6417,
-3497,-14992,6607,
-3487,-14958,6519,
-3570,-14902,6604,
-3573,-14878,6556,
-3618,-14869,6503,
-3631,-14869,6443,
-3721,-14825,6373,
-3698,-14866,6329,
-3722,-14886,6400,
-3698,-14900,6028,
-3774,-14790,6170,
-3769,-15011,5783,
-3763,-14756,6084,
-3811,-14800,5987,
-3780,-14822,6043,
-3808,-14821,5938,
-3873,-14827,5916,
-3917,-14852,5965,
-4004,-14887,5899,
-4132,-14884,5916,
-4128,-14948,5915,
-4132,-14980,5966,
-4178,-15025,5981,
-4182,-15049,6039,
-4158,-15100,5924,
-4198,-15156,6143,
-4158,-15227,6316,
-4135,-15213,6256,
-4105,-15151,6381,
-4065,-15142,6422,
-4032,-15121,6401,
-4039,-15105,6484,
-4020,-15114,6576,
-4033,-15082,6564,
-4011,-14999,6532,
-3952,-14984,6585,
-3981,-14979,6563,
-3954,-14949,6614,
-3945,-14929,6650,
-3988,-14891,6539,
-3945,-14947,6488,
-3895,-14932,6455,
-3932,-14903,6429,
-3894,-14873,6265,
-3963,-14911,6145,
-3998,-14917,6117,
-4027,-14898,5791,
-3987,-14748,5815,
-4065,-14804,5684,
-4049,-14758,5721,
-4184,-14854,5818,
-4215,-14919,5894,
-4242,-14885,5671,
-4254,-14866,5809,
-4227,-14809,5764,
-4277,-14921,5653,
-4335,-14912,5734,
-4343,-15033,5815,
-4331,-14935,5595,
-4364,-14897,5699,
-4393,-14908,5688,
-4413,-14897,5634,
-4438,-14905,5664,
-4466,-14862,5711,
-4412,-14876,5794,
-4452,-14772,6051,
-4501,-15069,5763,
-4533,-14933,5880,
-4540,-14987,5764,
-4564,-14951,5985,
-4631,-15105,5783,
-4622,-15075,5744,
-4633,-14959,5807,
-4726,-15121,5614,
-4681,-15087,5589,
-4737,-15164,5600,
-4731,-15093,5636,
-4735,-15141,5592,
-4706,-15157,5550,
-4669,-15128,5667,
-4699,-15044,5689,
-4657,-15038,5710,
-4622,-14947,5771,
-4604,-14900,5866,
-4502,-14785,6014,
-4472,-14675,6052,
-4433,-14621,6029,
-4347,-14543,6177,
-4290,-14484,6240,
-4243,-14412,6244,
-4230,-14378,6305,
-4197,-14425,6264,
-4216,-14348,6291,
-4239,-14394,6267,
-4262,-14403,6253,
-4293,-14400,6254,
-4344,-14432,6141,
-4338,-14436,6130,
-4418,-14480,6039,
-4430,-14446,5971,
-4410,-14444,5939,
-4438,-14384,5915,
-4432,-14391,5885,
-4415,-14403,5844,
-4435,-14346,5741,
-4409,-14346,5740,
-4435,-14359,5727,
-4418,-14332,5794,
-4397,-14316,5795,
-4435,-14358,5769,
-4423,-14378,5768,
-4428,-14347,5801,
-4412,-14340,5797,
-4430,-14372,5787,
-4397,-14393,5783,
-4375,-14410,5831,
-4366,-14438,5899,
-4324,-14381,5877,
-4332,-14406,5930,
-4290,-14362,5977,
-4288,-14452,5925,
-4216,-14396,5976,
-4193,-14428,5922,
-4166,-14481,5927,
-4214,-14577,5939,
-4160,-14388,5650,
-4143,-14578,5788,
-4203,-14621,5862,
-4196,-14657,6025,
-4202,-14581,6015,
-4229,-14618,5934,
-4210,-14667,5849,
-4155,-14684,5994,
-4161,-14645,5896,
-4132,-14654,5933,
-4095,-14639,5905,
-3988,-14606,5796,
-3981,-14759,5849,
-3908,-14653,6074,
-3812,-14633,6035,
-3794,-14641,6022,
-3757,-14716,6162,
-3698,-14696,6136,
-3727,-14771,5948,
-3629,-14511,6388,
-3712,-14560,6714,
-3649,-14414,6457,
-3582,-14846,6127,
-3595,-14749,6316,
-3607,-14784,6331,
-3532,-14617,6498,
-3529,-14746,6332,
-3565,-14852,6379,
-3624,-14842,6450,
-3517,-14847,6402,
-3470,-14746,6307,
-3484,-14685,6355,
-3472,-14790,6444,
-3433,-14918,6346,
-3475,-14936,6242,
-3405,-14902,6201,
-3364,-14787,6222,
-3420,-14774,6192,
-3434,-15109,6269,
-3403,-14929,6232,
-3446,-15010,6231,
-3412,-15027,6220,
-3456,-15072,6219,
-3410,-15027,6262,
-3431,-15162,6149,
-3439,-15168,6437,
-3445,-15170,6319,
-3433,-15194,6272,
-3415,-15229,6224,
-3445,-15280,6407,
-3397,-15145,6490,
-3390,-15152,6284,
-3367,-15176,6313,
-3478,-15173,6149,
-3465,-15287,6296,
-3472,-15440,6353,
-3433,-15339,6213,
-3443,-15346,6061,
-3408,-15155,6108,
-3446,-15349,6136,
-3453,-15300,6235,
-3537,-15302,6145,
-3545,-15345,6102,
-3527,-15419,6179,
-3586,-15334,6146,
-3627,-15365,6042,
-3603,-15371,6150,
-3555,-15428,6222,
-3552,-15347,6432,
-3491,-15411,6493,
-3479,-15446,6527,
-3462,-15462,6600,
-3394,-15412,6703,
-3384,-15419,6793,
-3440,-15360,6864,
-3490,-15255,6877,
-3471,-15215,6851,
-3442,-15164,6769,
-3494,-15135,6724,
-3510,-15086,6592,
-3622,-15090,6530,
-3671,-15093,6312,
-3659,-15084,6196,
-3728,-15104,6112,
-3812,-15039,5977,
-3813,-15101,5916,
-3830,-15102,5844,
-3858,-15041,5770,
-3851,-15042,5680,
-3851,-15032,5690,
-3900,-15022,5681,
-3916,-14979,5701,
-3902,-14935,5636,
-3909,-14871,5650,
-3918,-14905,5697,
-3872,-14941,6009,
-3926,-14896,5816,
-3892,-14849,5820,
-3908,-14806,5804,
-3929,-14809,5850,
-3919,-14752,5880,
-3888,-14752,5893,
-3872,-14705,5893,
-3863,-14724,5868,
-3792,-14696,5919,
-3855,-14701,5932,
-3907,-14705,5981,
-3937,-14739,6022,
-3955,-14726,6057,
-3933,-14668,6089,
-3984,-14677,6076,
-4012,-14734,6075,
-4013,-14744,6046,
-4050,-14753,6067,
-4008,-14790,6032,
-4023,-14773,5951,
-3964,-14783,5967,
-3933,-14809,5883,
-3877,-14840,5904,
-3796,-14801,5909,
-3712,-14795,5862,
-3640,-14809,5865,
-3650,-14829,5938,
-3609,-14830,5997,
-3574,-14836,6002,
-3620,-14880,6038,
-3611,-14915,6018,
-3617,-14911,5989,
-3608,-14963,5981,
-3657,-14986,6040,
-3647,-15046,5960,
-3612,-15019,5917,
-3617,-15041,5921,
-3625,-15045,5837,
-3602,-15077,5816,
-3580,-15057,5798,
-3618,-15029,5742,
-3613,-15075,5819,
-3624,-15082,5723,
-3600,-15108,5714,
-3602,-15088,5772,
-3611,-15094,5698,
-3605,-15123,5723,
-3637,-15151,5688,
-3607,-15178,5674,
-3592,-15225,5681,
-3601,-15251,5685,
-3627,-15254,5684,
-3607,-15276,5640,
-3649,-15311,5628,
-3695,-15404,5641,
-3666,-15397,5613,
-3661,-15326,5601,
-3626,-15336,5589,
-3624,-15260,5672,
-3615,-15279,5735,
-3595,-15249,5808,
-3550,-15205,5858,
-3507,-15111,5902,
-3538,-15066,5921,
-3576,-15049,5977,
-3550,-15024,5967,
-3491,-14926,6006,
-3466,-14896,6031,
-3448,-14904,6026,
-3457,-14914,6080,
-3471,-14911,6059,
-3428,-14934,6058,
-3393,-14868,6024,
-3404,-14878,5964,
-3458,-15008,5973,
-3370,-14980,6065,
-3449,-14995,6065,
-3480,-15005,6031,
-3557,-14998,6025,
-3562,-15048,6073,
-3589,-15025,6027,
-3616,-15030,5991,
-3608,-15081,6064,
-3647,-15164,5967,
-3653,-14995,5957,
-3598,-14944,5958,
-3678,-14994,6027,
-3657,-15005,6010,
-3642,-14983,6061,
-3620,-14952,6059,
-3652,-14921,6006,
-3667,-14898,6010,
-3694,-14918,5947,
-3711,-14932,5921,
-3742,-14900,5980,
-3796,-14927,5943,
-3816,-14955,5912,
-3821,-14929,5904,
-3838,-14987,5878,
-3793,-15020,5894,
-3809,-15071,5920,
-3867,-15028,5867,
-3867,-15046,5847,
-3881,-15058,5915,
-3937,-15099,5943,
-3901,-15098,5923,
-3864,-15072,5954,
-3821,-15016,5788,
-3806,-15065,5955,
-3797,-15032,5904,
-3787,-14887,5716,
-3811,-15043,5926,
-3799,-14999,6091,
-3743,-15017,5957,
-3768,-14990,5953,
-3760,-14969,5991,
-3778,-15056,6027,
-3804,-15005,6042,
-3800,-15010,5962,
-3809,-15044,5929,
-3868,-14953,5914,
-3858,-14963,5929,
-3855,-14975,5906,
-3824,-14957,5846,
-3843,-14963,5849,
-3832,-14930,5831,
-3799,-14967,5798,
-3771,-14940,5817,
-3748,-14932,5823,
-3747,-14925,5893,
-3786,-14948,5918,
-3752,-14941,5896,
-3759,-14903,5964,
-3747,-14943,6017,
-3740,-14915,6064,
-3750,-14906,6066,
-3743,-14862,6105,
-3751,-14858,6084,
-3768,-14897,6108,
-3766,-14908,6019,
-3748,-14862,5958,
-3791,-14927,5942,
-3788,-14900,5900,
-3823,-14922,5843,
-3887,-14975,5824,
-3909,-15024,5752,
-3884,-14992,5691,
-3920,-14972,5605,
-3911,-14957,5609,
-3957,-14960,5628,
-3891,-14960,5639,
-3816,-14940,5688,
-3782,-14918,5717,
-3752,-14964,5739,
-3753,-14915,5808,
-3746,-14926,5820,
-3703,-14910,5902,
-3707,-14957,5893,
-3676,-14912,5906,
-3734,-14926,5935,
-3697,-14948,5898,
-3707,-14986,5924,
-3728,-14965,5869,
-3770,-15017,5855,
-3736,-15026,5783,
-3756,-15033,5739,
-3787,-15007,5708,
-3799,-14991,5654,
-3800,-15088,5676,
-3807,-15112,5660,
-3828,-15136,5723,
-3719,-15123,5653,
-3734,-15052,5592,
-3756,-15122,5608,
-3733,-15099,5655,
-3689,-15060,5658,
-3686,-15074,5683,
-3684,-15027,5636,
-3698,-15053,5668,
-3687,-15047,5702,
-3700,-15081,5713,
-3715,-15090,5750,
-3748,-15088,5740,
-3772,-15112,5769,
-3785,-15103,5743,
-3731,-15121,5686,
-3741,-15119,5666,
-3769,-15115,5702,
-3779,-15160,5681,
-3780,-15205,5680,
-3816,-15179,5669,
-3817,-15191,5648,
-3812,-15130,5494,
-3835,-15129,5543,
-3807,-15168,5543,
-3839,-15188,5575,
-3804,-15181,5634,
-3803,-15177,5621,
-3765,-15155,5643,
-3780,-15146,5657,
-3763,-15156,5644,
-3729,-15162,5685,
-3737,-15134,5677,
-3792,-15054,5703,
-3751,-15056,5706,
-3747,-15000,5691,
-3716,-14922,5742,
-3749,-14886,5782,
-3734,-14908,5812,
-3752,-14856,5820,
-3742,-14845,5935,
-3818,-14836,5879,
-3793,-14847,5931,
-3834,-14848,5966,
-3837,-14898,5955,
-3862,-14930,5947,
-3885,-14944,5952,
-3938,-14940,5973,
-3885,-14924,5911,
-3853,-14748,5747,
-3875,-14928,5936,
-3860,-15019,5686,
-3869,-14760,5763,
-3870,-15096,6095,
-3828,-15030,5880,
-3843,-14981,5995,
-3891,-14991,6006,
-3901,-14944,6035,
-3841,-15008,6037,
-3855,-15015,6042,
-3861,-14967,6097,
-3862,-14980,6074,
-3825,-14956,6071,
-3838,-14954,6080,
-3789,-14959,6007,
-3775,-14934,6042,
-3704,-14935,5959,
-3694,-14913,5971,
-3629,-14923,5972,
-3652,-14932,5974,
-3655,-14909,5988,
-3711,-14904,6012,
-3764,-14969,6039,
-3781,-14945,5991,
-3791,-14943,6046,
-3787,-14887,5990,
-3769,-14901,5925,
-3724,-14915,5951,
-3686,-14880,5935,
-3677,-14870,6010,
-3695,-14918,5982,
-3743,-14941,5995,
-3776,-14940,5993,
-3668,-14955,5929,
-3704,-14904,5864,
-3679,-14913,5852,
-3648,-14966,5861,
-3659,-14977,5924,
-3623,-14977,5882,
-3649,-15021,5937,
-3625,-15029,5883,
-3657,-15033,5919,
-3693,-15118,5886,
-3757,-15197,5889,
-3756,-15216,5803,
-3703,-15169,5701,
-3700,-15144,5719,
-3696,-15193,5703,
-3653,-15204,5769,
-3613,-15165,5757,
-3688,-15123,5752,
-3654,-15130,5753,
-3659,-15133,5722,
-3694,-15128,5743,
-3727,-15178,5753,
-3748,-15198,5713,
-3756,-15206,5716,
-3732,-15183,5594,
-3734,-15182,5613,
-3729,-15172,5571,
-3727,-15152,5616,
-3678,-15111,5615,
-3737,-15067,5539,
-3761,-15095,5614,
-3756,-15131,5621,
-3773,-15168,5706,
-3762,-15153,5747,
-3795,-15070,5688,
-3787,-15061,5659,
-3846,-14999,5734,
-3854,-15008,5730,
-3865,-14990,5734,
-3899,-15002,5725,
-3894,-14972,5694,
-3914,-14954,5694,
-3964,-14946,5691,
-4038,-14940,5714,
-4012,-14932,5638,
-4014,-14934,5612,
-4037,-14972,5562,
-4067,-14952,5587,
-4041,-15019,5707,
-4033,-14979,5662,
-4055,-14985,5718,
-4040,-14997,5703,
-4056,-14950,5703,
-4036,-14783,5761,
-4005,-14924,5812,
-4020,-14963,5765,
-4019,-14930,5728,
-3982,-14911,5787,
-3993,-14867,5819,
-3947,-14845,5739,
-3954,-14908,5744,
-3975,-14897,5836,
-3970,-14887,5829,
-4006,-14843,5792,
-3968,-14874,5781,
-3963,-14843,5800,
-3938,-14842,5823,
-3905,-14873,5892,
-3874,-14880,5902,
-3914,-14871,5921,
-3980,-14924,5929,
-3955,-14917,5956,
-4020,-14898,5919,
-3954,-14894,5875,
-3969,-14848,5890,
-3929,-14908,5881,
-3970,-14955,5928,
-3975,-14943,5944,
-3981,-14949,5962,
-4018,-14989,5942,
-4033,-14922,5929,
-4043,-14911,5914,
-4016,-14986,5932,
-4003,-14975,5944,
-4021,-15042,5896,
-4097,-15013,5834,
-4045,-15019,5800,
-4015,-14966,5789,
-3972,-14945,5784,
-3974,-14926,5786,
-3983,-14907,5807,
-3949,-14877,5821,
-3900,-14833,5813,
-3906,-14808,5837,
-3844,-14813,5937,
-3891,-14799,5966,
-3891,-14776,6022,
-3904,-14762,6005,
-3949,-14779,6044,
-3948,-14794,6055,
-3980,-14796,5973,
-3963,-14796,5961,
-3972,-14812,5905,
-3961,-14816,5895,
-3985,-14869,5880,
-4013,-14904,5862,
-3987,-14922,5863,
-3962,-14895,5812,
-4003,-14901,5747,
-4000,-14915,5699,
-3980,-14878,5702,
-3941,-14884,5745,
-3954,-14943,5702,
-3914,-14967,5719,
-3887,-14986,5717,
-3880,-14930,5756,
-3839,-14960,5762,
-3795,-14979,5803,
-3789,-15037,5820,
-3758,-14992,5775,
-3746,-15028,5749,
-3756,-15037,5778,
-3760,-15098,5774,
-3775,-15073,5800,
-3793,-15067,5739,
-3766,-15068,5725,
-3722,-15048,5712,
-3751,-15116,5733,
-3764,-15125,5726,
-3720,-15129,5721,
-3677,-15082,5727,
-3712,-15085,5662,
-3715,-15063,5677,
-3708,-15063,5731,
-3694,-15046,5714,
-3688,-15080,5761,
-3720,-15065,5694,
-3709,-15060,5762,
-3736,-15072,5752,
-3662,-15024,5805,
-3746,-15070,5793,
-3763,-15058,5858,
-3803,-15043,5842,
-3753,-14990,5746,
-3748,-14971,5751,
-3737,-14945,5815,
-3817,-14950,5816,
-3820,-14974,5836,
-3809,-14929,5805,
-3822,-14911,5799,
-3840,-14998,5834,
-3873,-14988,5781,
-3869,-14979,5829,
-3891,-14964,5849,
-3871,-14969,5785,
-3881,-14980,5767,
-3900,-14994,5824,
-3868,-15025,5835,
-3874,-14955,5781,
-3838,-14985,5786,
-3837,-14976,5831,
-3835,-14978,5787,
-3821,-14966,5813,
-3855,-14989,5816,
-3824,-14988,5874,
-3842,-14983,5877,
-3830,-14998,5861,
-3774,-15020,5838,
-3796,-15010,5817,
-3829,-15005,5833,
-3825,-15007,5853,
-3912,-15013,5793,
-3854,-15042,5775,
-3881,-15055,5786,
-3860,-15059,5769,
-3798,-14994,5792,
-3763,-14984,5825,
-3848,-14955,5804,
-3807,-15022,5839,
-3798,-14958,5862,
-3856,-14944,5824,
-3850,-14955,5820,
-3887,-14990,5808,
-3882,-14998,5892,
-3900,-15007,5835,
-3954,-15024,5779,
-4020,-15001,5842,
-4015,-15033,5797,
-4032,-15039,5813,
-4012,-15067,5833,
-4019,-15073,5808,
-4017,-15108,5817,
-4043,-15046,5775,
-4049,-15046,5786,
-4040,-15051,5743,
-4040,-14986,5776,
-3970,-14958,5761,
-4002,-14912,5790,
-3915,-14870,5820,
-3903,-14874,5832,
-3860,-14814,5887,
-3849,-14811,5907,
-3846,-14804,5975,
-3896,-14810,5950,
-3902,-14787,6079,
-3891,-14788,6074,
-3913,-14777,6035,
-3888,-14779,6000,
-3972,-14793,6001,
-3921,-14794,5995,
-3923,-14738,5936,
-3964,-14768,5955,
-3984,-14756,5958,
-4021,-14804,5905,
-3986,-14819,5837,
-3997,-14845,5843,
-3999,-14856,5780,
-4010,-14905,5742,
-4007,-14893,5729,
-3947,-14923,5711,
-3940,-14972,5773,
-3954,-15002,5751,
-3958,-14988,5701,
-3948,-14980,5688,
-3929,-15039,5712,
-3949,-15051,5690,
-3867,-15048,5707,
-3907,-15060,5682,
-3918,-15062,5657,
-3920,-15081,5664,
-3885,-15115,5666,
-3907,-15060,5638,
-3881,-15088,5593,
-3892,-15095,5635,
-3866,-15056,5636,
-3886,-15011,5616,
-3851,-15033,5636,
-3879,-14997,5611,
-3872,-15029,5623,
-3899,-14971,5619,
-3847,-14933,5574,
-3859,-14964,5536,
-3852,-14942,5566,
-3891,-14966,5554,
-3856,-14976,5557,
-3927,-14970,5601,
-3928,-14968,5560,
-3941,-14962,5591,
-3921,-14993,5617,
-3967,-15013,5559,
-3959,-14995,5575,
-4025,-15002,5526,
-4023,-15044,5535,
-3997,-15032,5519,
-4016,-15014,5489,
-4019,-15028,5443,
-4028,-14985,5505,
-4000,-15031,5494,
-3996,-15039,5546,
-3999,-15039,5485,
-3996,-15033,5514,
-3951,-15033,5563,
-3906,-15073,5589,
-3874,-15047,5641,
-3844,-15033,5639,
-3859,-14989,5693,
-3829,-14943,5716,
-3822,-14926,5740,
-3812,-14952,5848,
-3828,-14925,5898,
-3852,-14933,5917,
-3872,-14961,5915,
-3874,-14953,5915,
-3851,-14926,5855,
-3902,-14907,5866,
-3837,-14919,5881,
-3827,-14912,5858,
-3834,-14926,5844,
-3786,-14937,5829,
-3753,-14972,5881,
-3789,-14980,5834,
-3727,-14941,5828,
-3731,-14923,5824,
-3692,-14924,5840,
-3707,-14951,5876,
-3776,-14987,5898,
-3759,-14972,5872,
-3752,-14943,5851,
-3797,-14977,5832,
-3813,-14979,5872,
-3852,-14971,5841,
-3890,-14957,5819,
-3918,-14986,5842,
-3965,-14973,5858,
-3960,-14963,5807,
-3981,-14964,5840,
-3994,-14969,5843,
-4030,-14997,5877,
-4003,-14976,5868,
-4067,-15002,5809,
-4074,-14989,5746,
-4070,-14988,5774,
-4074,-14951,5746,
-4048,-14957,5739,
-4026,-14961,5715,
-4074,-14963,5755,
-4018,-14922,5756,
-3995,-14946,5761,
-3995,-14900,5786,
-3944,-14924,5845,
-3910,-14904,5884,
-3957,-14902,5912,
-3972,-14895,5862,
-4019,-14890,5841,
-3984,-14867,5827,
-4001,-14869,5797,
-4052,-14856,5704,
-4056,-14889,5809,
-4061,-14861,5760,
-4089,-14877,5691,
-4124,-14931,5719,
-4104,-14973,5703,
-4125,-14959,5691,
-4113,-15003,5679,
-4153,-14994,5711,
-4148,-15009,5682,
-4109,-14988,5672,
-4110,-14972,5589,
-4081,-14951,5579,
-4014,-14952,5613,
-3999,-14962,5624,
-3971,-14983,5599,
-3994,-15007,5582,
-3944,-15039,5585,
-3941,-15026,5621,
-3984,-15010,5589,
-3969,-15033,5571,
-3918,-14985,5562,
-3916,-14975,5535,
-3870,-14971,5568,
-3864,-14992,5653,
-3877,-15000,5649,
-3878,-15050,5635,
-3901,-15045,5615,
-3835,-15025,5609,
-3842,-15056,5615,
-3817,-15021,5540,
-3783,-15034,5571,
-3772,-14995,5595,
-3774,-15003,5556,
-3729,-15004,5569,
-3740,-14958,5580,
-3783,-14958,5647,
-3832,-14999,5650,
-3880,-14969,5638,
-3939,-14940,5596,
-3959,-14921,5573,
-3987,-14947,5591,
-4014,-14938,5540,
-4051,-14963,5516,
-4087,-14958,5467,
-4074,-14943,5432,
-4106,-14981,5431,
-4106,-14981,5389,
-4085,-14989,5399,
-4097,-14972,5362,
-4064,-15013,5394,
-4043,-15011,5410,
-4047,-15033,5467,
-4024,-15018,5452,
-4043,-15019,5455,
-4016,-15063,5538,
-3989,-15052,5578,
-4029,-15090,5580,
-4048,-15101,5572,
-4087,-15096,5570,
-4051,-15083,5528,
-4050,-15100,5542,
-4051,-15079,5505,
-4057,-15076,5577,
-4029,-15091,5513,
-4047,-15082,5522,
-4021,-15068,5487,
-3996,-15068,5465,
-3957,-15095,5495,
-3905,-15043,5509,
-3889,-15065,5552,
-3851,-15091,5547,
-3815,-15024,5550,
-3853,-15060,5617,
-3813,-15019,5633,
-3827,-14974,5643,
-3837,-14961,5630,
-3865,-15032,5622,
-3906,-14930,5588,
-3837,-14928,5547,
-3911,-14949,5572,
-3893,-14952,5561,
-3923,-14950,5640,
-3970,-14976,5665,
-3904,-15001,5670,
-3936,-15001,5611,
-3985,-15005,5637,
-4052,-15024,5649,
-4050,-15089,5632,
-4042,-15066,5537,
-4051,-15113,5518,
-4060,-15149,5467,
-4041,-15042,5405,
-4041,-15053,5338,
-4031,-15055,5351,
-3986,-15102,5392,
-4000,-15059,5375,
-4039,-15002,5369,
-4009,-15034,5430,
-4031,-15068,5519,
-3965,-15026,5611,
-4023,-15069,5641,
-3950,-15004,5659,
-4007,-15033,5728,
-4029,-15049,5783,
-4037,-15037,5733,
-4047,-14977,5645,
-4028,-15021,5628,
-4005,-15063,5674,
-3993,-15053,5733,
-3979,-15036,5643,
-3940,-15061,5633,
-3903,-15109,5571,
-3911,-15096,5545,
-3905,-15091,5574,
-3893,-15108,5578,
-3924,-15103,5583,
-3885,-15116,5623,
-3849,-15118,5604,
-3836,-15138,5572,
-3824,-15114,5658,
-3809,-15067,5690,
-3770,-15079,5640,
-3738,-15118,5679,
-3718,-15138,5702,
-3730,-15125,5703,
-3749,-15131,5761,
-3743,-15174,5714,
-3770,-15173,5609,
-3779,-15160,5623,
-3770,-15161,5600,
-3759,-15167,5605,
-3765,-15160,5623,
-3770,-15102,5596,
-3787,-15176,5557,
-3768,-15170,5603,
-3732,-15149,5618,
-3752,-15180,5627,
-3757,-15202,5601,
-3740,-15212,5554,
-3745,-15153,5526,
-3692,-15217,5594,
-3709,-15250,5532,
-3721,-15247,5634,
-3707,-15313,5667,
-3730,-15340,5641,
-3740,-15263,5667,
-3772,-15205,5684,
-3839,-15207,5725,
-3824,-15130,5713,
-3857,-15158,5752,
-3881,-15097,5756,
-3923,-15121,5770,
-3973,-15051,5740,
-3966,-15028,5725,
-3970,-15009,5634,
-3955,-15045,5656,
-3950,-15062,5631,
-3918,-15089,5652,
-3980,-15134,5656,
-3950,-15152,5637,
-3912,-15109,5622,
-3950,-15144,5610,
-3925,-15127,5589,
-3957,-15109,5608,
-3908,-15139,5650,
-3856,-15167,5629,
-3829,-15129,5651,
-3812,-15100,5667,
-3814,-15118,5702,
-3789,-15125,5719,
-3818,-15149,5684,
-3794,-15124,5707,
-3756,-15087,5672,
-3757,-15084,5679,
-3721,-15084,5682,
-3739,-15079,5667,
-3714,-15083,5696,
-3778,-15075,5661,
-3772,-15093,5602,
-3792,-15055,5598,
-3814,-15108,5572,
-3859,-15140,5579,
-3860,-15143,5622,
-3837,-15115,5538,
-3837,-15079,5447,
-3833,-15063,5418,
-3885,-15084,5434,
-3879,-15129,5466,
-3919,-15164,5477,
-3935,-15143,5430,
-3921,-15132,5454,
-3929,-15129,5444,
-3903,-15132,5440,
-3900,-15069,5475,
-3908,-15092,5422,
-3955,-15120,5489,
-3933,-15059,5426,
-3865,-15091,5368,
-3871,-15028,5352,
-3864,-15032,5417,
-3881,-15002,5361,
-3870,-15000,5394,
-3837,-15006,5382,
-3854,-15021,5385,
-3864,-15013,5409,
-3880,-15006,5433,
-3893,-14985,5421,
-3861,-15012,5488,
-3915,-14999,5460,
-3910,-15037,5438,
-3917,-15051,5486,
-3957,-15076,5424,
-3968,-15090,5462,
-3960,-15100,5392,
-3974,-15101,5378,
-4013,-15114,5384,
-4010,-15096,5325,
-4010,-15079,5284,
-4053,-15057,5289,
-4015,-15089,5292,
-4065,-15097,5362,
-4038,-15077,5327,
-4054,-15056,5343,
-4061,-15062,5348,
-4073,-15141,5376,
-4071,-15133,5428,
-4041,-15169,5439,
-4058,-15166,5426,
-4044,-15177,5414,
-4041,-15180,5434,
-4031,-15177,5407,
-4006,-15148,5422,
-4005,-15136,5420,
-4008,-15088,5390,
-4022,-15101,5401,
-4033,-15090,5390,
-4052,-15107,5376,
-4054,-15107,5378,
-4103,-15107,5431,
-4043,-15083,5453,
-4049,-15029,5340,
-4028,-15031,5340,
-3997,-14994,5365,
-3973,-14978,5350,
-3950,-14950,5379,
-3909,-14949,5381,
-3881,-15004,5450,
-3880,-14955,5487,
-3856,-14986,5492,
-3884,-14956,5553,
-3905,-15018,5628,
-3915,-14959,5597,
-3920,-15021,5623,
-3887,-15010,5609,
-3953,-14994,5615,
-3906,-15014,5617,
-3941,-15069,5604,
-3974,-15088,5602,
-3942,-15124,5579,
-3942,-15098,5554,
-3963,-15142,5534,
-3990,-15127,5516,
-3948,-15153,5508,
-4001,-15174,5491,
-3966,-15208,5502,
-3950,-15143,5521,
-3967,-15128,5561,
-3967,-15140,5531,
-3935,-15141,5548,
-3952,-15161,5529,
-3987,-15148,5529,
-4005,-15140,5562,
-3969,-15181,5557,
-3999,-15133,5574,
-3998,-15140,5546,
-3967,-15094,5517,
-3979,-15066,5441,
-3996,-15056,5519,
-4020,-15068,5562,
-3988,-15069,5556,
-3993,-15064,5563,
-4018,-15059,5531,
-4059,-15083,5544,
-4017,-15040,5558,
-4005,-15034,5577,
-3989,-14999,5569,
-3970,-14992,5568,
-3994,-14988,5589,
-4026,-15029,5644,
-4025,-15013,5633,
-3981,-14971,5532,
-4010,-14947,5547,
-3983,-14985,5636,
-4002,-15032,5690,
-4003,-15050,5672,
-4032,-15045,5694,
-4023,-15030,5661,
-4088,-15069,5691,
-4093,-15059,5704,
-4033,-15100,5694,
-4095,-15140,5731,
-4057,-15140,5709,
-4073,-15135,5667,
-4052,-15096,5591,
-4054,-15149,5553,
-4019,-15118,5497,
-4063,-15101,5508,
-4032,-15079,5456,
-4024,-15080,5431,
-4040,-15072,5482,
-4056,-15072,5458,
-4028,-15079,5518,
-4034,-15036,5527,
-4045,-15022,5576,
-4083,-15019,5580,
-4103,-15021,5571,
-4081,-14994,5557,
-4057,-14976,5546,
-4048,-14989,5581,
-4070,-14965,5575,
-3982,-14947,5535,
-4053,-14967,5585,
-3990,-14972,5577,
-4011,-14961,5539,
-3961,-14920,5525,
-4032,-14958,5530,
-4056,-14985,5544,
-4104,-15053,5556,
-4072,-15037,5479,
-4070,-15000,5482,
-4064,-15026,5455,
-4021,-15078,5502,
-3999,-15028,5446,
-4028,-15076,5510,
-4044,-15089,5431,
-4028,-15094,5431,
-4019,-15116,5384,
-3992,-15123,5415,
-3993,-15094,5336,
-3978,-15054,5369,
-3955,-15123,5440,
-3915,-15129,5409,
-3939,-15091,5367,
-3961,-15081,5340,
-3920,-15061,5361,
-3948,-15110,5410,
-3930,-15101,5424,
-3925,-15136,5461,
-3887,-15107,5440,
-3902,-15056,5411,
-3873,-15054,5415,
-3867,-15085,5381,
-3912,-15084,5440,
-3901,-15074,5405,
-3940,-15055,5440,
-3932,-15056,5428,
-3997,-15030,5483,
-3978,-15073,5471,
-4014,-15007,5487,
-4037,-15048,5483,
-4027,-15051,5438,
-4063,-15042,5467,
-4027,-15061,5514,
-4013,-15051,5472,
-4022,-15037,5503,
-3998,-15021,5529,
-3972,-15029,5551,
-3994,-15021,5513,
-3927,-14993,5560,
-3916,-14990,5559,
-3803,-14968,5550,
-3734,-14931,5626,
-3692,-14895,5584,
-3656,-14877,5592,
-3608,-14871,5556,
-3561,-14860,5585,
-3548,-14904,5518,
-3578,-14932,5500,
-3616,-14983,5491,
-3693,-14943,5440,
-3710,-14984,5413,
-3778,-14939,5397,
-3870,-14945,5352,
-3895,-14928,5337,
-3973,-15019,5314,
-4064,-15024,5337,
-4055,-15040,5351,
-4161,-14942,5393,
-4163,-14916,5244,
-4238,-14926,5335,
-4217,-14968,5384,
-4283,-14974,5387,
-4260,-14960,5357,
-4291,-14986,5379,
-4365,-15020,5398,
-4346,-14998,5496,
-4333,-14993,5428,
-4319,-14981,5393,
-4313,-15065,5458,
-4283,-15058,5479,
-4291,-15060,5527,
-4256,-15077,5525,
-4210,-15122,5503,
-4171,-15140,5588,
-4121,-15164,5483,
-4072,-15154,5450,
-4087,-15180,5663,
-4078,-15239,5618,
-4025,-15246,5698,
-4029,-15272,5688,
-3972,-15263,5638,
-3906,-15204,5576,
-3823,-15234,5634,
-3781,-15250,5630,
-3767,-15255,5719,
-3721,-15280,5713,
-3705,-15264,5715,
-3627,-15204,5739,
-3666,-15193,5669,
-3640,-15153,5869,
-3683,-15129,5869,
-3667,-15156,5829,
-3708,-15134,5833,
-3663,-15060,5828,
-3702,-15064,5821,
-3668,-15025,5779,
-3717,-14973,5734,
-3723,-14980,5775,
-3687,-14973,5723,
-3727,-15021,5735,
-3734,-14993,5673,
-3763,-14944,5640,
-3769,-14963,5550,
-3776,-14994,5594,
-3809,-15005,5592,
-3840,-15040,5498,
-3849,-15025,5467,
-3806,-14975,5399,
-3806,-14970,5319,
-3772,-14973,5337,
-3805,-14977,5307,
-3826,-14998,5305,
-3822,-15024,5192,
-3786,-14976,5214,
-3874,-14967,5227,
-3867,-15016,5187,
-3918,-15097,5189,
-3945,-15106,5216,
-4021,-15114,5204,
-4092,-15154,5179,
-4136,-15215,5136,
-4110,-15191,5081,
-4220,-15203,5051,
-4182,-15231,5030,
-4215,-15250,5060,
-4211,-15239,5040,
-4184,-15232,4955,
-4211,-15265,5002,
-4214,-15250,5013,
-4156,-15211,5042,
-4162,-15249,5056,
-4202,-15200,5109,
-4154,-15162,5106,
-4186,-15104,5227,
-4236,-15032,5312,
-4238,-14931,5489,
-4211,-14999,5400,
-4219,-14988,5366,
-4235,-14922,5419,
-4229,-14947,5507,
-4252,-14896,5483,
-4210,-14933,5473,
-4207,-14928,5494,
-4217,-14945,5492,
-4167,-14937,5517,
-4133,-14948,5484,
-4141,-15026,5471,
-4117,-15050,5517,
-4104,-15058,5514,
-4046,-15095,5464,
-4076,-15059,5498,
-3979,-15070,5448,
-3973,-15075,5477,
-3997,-15106,5473,
-4006,-15125,5520,
-3943,-15068,5459,
-3995,-15061,5442,
-3952,-15042,5490,
-3964,-15098,5506,
-3910,-15086,5534,
-3991,-15082,5461,
-3998,-15076,5506,
-3939,-15079,5465,
-3946,-15057,5515,
-3995,-15078,5495,
-3958,-15064,5506,
-4023,-15043,5481,
-3968,-15027,5458,
-4002,-15027,5399,
-4022,-15042,5385,
-4041,-15066,5439,
-4064,-15034,5449,
-4063,-14983,5451,
-4043,-14997,5432,
-4091,-14998,5397,
-4150,-14976,5380,
-4158,-14966,5441,
-4182,-15032,5441,
-4258,-15023,5394,
-4241,-15019,5445,
-4255,-14992,5384,
-4220,-14998,5392,
-4196,-15006,5390,
-4230,-14983,5382,
-4192,-15038,5434,
-4157,-15024,5355,
-4154,-15013,5389,
-4129,-15021,5389,
-4109,-15047,5355,
-4092,-15015,5373,
-4060,-14999,5312,
-4046,-15009,5351,
-3998,-14973,5439,
-3948,-14940,5485,
-3966,-14965,5521,
-3986,-14981,5510,
-3936,-14961,5545,
-3983,-14938,5574,
-3979,-14962,5601,
-3950,-15001,5559,
-3977,-14998,5549,
-3999,-14961,5521,
-4002,-14988,5512,
-4021,-15065,5450,
-4059,-15102,5420,
-4108,-15077,5417,
-4150,-15096,5386,
-4199,-15142,5336,
-4160,-15149,5338,
-4193,-15192,5338,
-4167,-15169,5316,
-4162,-15199,5260,
-4151,-15234,5352,
-4112,-15215,5373,
-4106,-15272,5362,
-4128,-15271,5418,
-4097,-15230,5382,
-4074,-15234,5429,
-4047,-15262,5462,
-4001,-15219,5469,
-3980,-15229,5485,
-3980,-15259,5453,
-4027,-15212,5503,
-4033,-15197,5526,
-3963,-15224,5512,
-3987,-15179,5510,
-3998,-15202,5544,
-4012,-15220,5501,
-3953,-15185,5506,
-3986,-15194,5500,
-3912,-15193,5461,
-3915,-15126,5439,
-3912,-15133,5473,
-3893,-15088,5519,
-3876,-15095,5531,
-3913,-15118,5516,
-3919,-15078,5520,
-3882,-15084,5536,
-3931,-15082,5514,
-3930,-15122,5529,
-3963,-15078,5527,
-3950,-15030,5491,
-3952,-15044,5465,
-3964,-15072,5514,
-3971,-15052,5534,
-3983,-15096,5597,
-3994,-15111,5561,
-4006,-15153,5532,
-3976,-15083,5543,
-4029,-15118,5542,
-4010,-15142,5517,
-3960,-15107,5568,
-3976,-15110,5526,
-3987,-15133,5523,
-4005,-15143,5545,
-3995,-15078,5527,
-3993,-15059,5487,
-4022,-15030,5460,
-4037,-15037,5492,
-4005,-15096,5502,
-4048,-15102,5507,
-4070,-15075,5463,
-4085,-15079,5430,
-4120,-15120,5420,
-4165,-15122,5373,
-4106,-15109,5347,
-4129,-15116,5325,
-4082,-15103,5330,
-4079,-15069,5312,
-4084,-15091,5265,
-4072,-15126,5278,
-4075,-15110,5293,
-4051,-15124,5266,
-4022,-15100,5301,
-4043,-15103,5329,
-4046,-15108,5283,
-4044,-15149,5264,
-4091,-15153,5307,
-4063,-15141,5259,
-4131,-15106,5251,
-4093,-15148,5254,
-4156,-15126,5254,
-4177,-15171,5261,
-4164,-15199,5268,
-4226,-15189,5261,
-4252,-15165,5316,
-4282,-15144,5206,
-4283,-15129,5268,
-4345,-15194,5320,
-4339,-15240,5366,
-4338,-15175,5298,
-4328,-15147,5218,
-4313,-15092,5185,
-4290,-15032,5171,
-4287,-15003,5164,
-4247,-14968,5187,
-4239,-14873,5195,
-4183,-14834,5197,
-4140,-14790,5225,
-4114,-14782,5351,
-4082,-14772,5467,
-4076,-14707,5479,
-4081,-14733,5560,
-4053,-14680,5573,
-4042,-14694,5597,
-4060,-14697,5641,
-4040,-14731,5704,
-4072,-14761,5697,
-4096,-14827,5673,
-4133,-14862,5650,
-4115,-14910,5580,
-4132,-14946,5441,
-4140,-14970,5373,
-4173,-15053,5378,
-4152,-15072,5332,
-4128,-15064,5295,
-4113,-15035,5290,
-4097,-15044,5327,
-4044,-15082,5364,
-3994,-15052,5427,
-3977,-15069,5481,
-3935,-15078,5529,
-3905,-15084,5640,
-3898,-15088,5674,
-3847,-15076,5697,
-3842,-15061,5752,
-3824,-15077,5800,
-3800,-15056,5748,
-3820,-15041,5759,
-3790,-15025,5804,
-3789,-15064,5847,
-3818,-15023,5880,
-3787,-15026,5799,
-3810,-15039,5797,
-3870,-15020,5759,
-3838,-15019,5820,
-3835,-14988,5789,
-3866,-15016,5797,
-3918,-15088,5782,
-3901,-15087,5737,
-3889,-15069,5664,
-3878,-15018,5653,
-3784,-15020,5657,
-3857,-15100,5729,
-3881,-15129,5794,
-3823,-14955,5507,
-3896,-15050,5673,
-3872,-15176,5861,
-3853,-15138,5831,
-3896,-15052,5725,
-3876,-15088,5605,
-3926,-15116,5619,
-3920,-15038,5581,
-3910,-15081,5612,
-3910,-15098,5610,
-3930,-15098,5637,
-3941,-15096,5590,
-3952,-15123,5514,
-3985,-15152,5458,
-3944,-15147,5472,
-3986,-15166,5343,
-3967,-15158,5355,
-3944,-15153,5388,
-3947,-15175,5316,
-3955,-15203,5293,
-3980,-15228,5237,
-3966,-15262,5203,
-3972,-15267,5167,
-4014,-15276,5112,
-4060,-15223,5089,
-4053,-15194,5040,
-4049,-15178,5005,
-4098,-15151,5056,
-4106,-15215,5116,
-4195,-15304,5147,
-4228,-15291,5125,
-4227,-15244,5121,
-4299,-15285,5060,
-4309,-15237,5055,
-4329,-15216,5200,
-4281,-15136,4896,
-4327,-15059,4886,
-4327,-15009,4937,
-4365,-14920,4964,
-4371,-14884,4902,
-4376,-14844,4942,
-4368,-14743,4965,
-4339,-14740,5025,
-4335,-14713,5125,
-4363,-14688,5147,
-4345,-14653,5244,
-4337,-14619,5300,
-4386,-14639,5360,
-4423,-14622,5390,
-4418,-14634,5382,
-4399,-14696,5447,
-4378,-14747,5462,
-4380,-14830,5359,
-4370,-14861,5323,
-4344,-14875,5280,
-4363,-14847,5228,
-4341,-14901,5149,
-4301,-14902,5154,
-4350,-14979,5139,
-4329,-14909,5155,
-4273,-14920,5137,
-4286,-14909,5145,
-4285,-14861,5214,
-4239,-14892,5264,
-4255,-14860,5355,
-4263,-14869,5436,
-4250,-14878,5497,
-4259,-14884,5589,
-4226,-14912,5660,
-4264,-14903,5707,
-4204,-14936,5733,
-4203,-14964,5799,
-4148,-14984,5756,
-4114,-15021,5816,
-4088,-15076,5821,
-4077,-15054,5851,
-4041,-15118,5835,
-4047,-15058,5812,
-4028,-15104,5782,
-4070,-15127,5782,
-4010,-15143,5815,
-3976,-15112,5815,
-3971,-15107,5736,
-3956,-15081,5723,
-3945,-15097,5766,
-3951,-15162,5820,
-3909,-15155,5802,
-3938,-15163,5757,
-3921,-15204,5719,
-3911,-15188,5684,
-3845,-15169,5594,
-3873,-15230,5608,
-3881,-15225,5641,
-3847,-15210,5586,
-3847,-15218,5592,
-3897,-15235,5607,
-3880,-15154,5612,
-3907,-15169,5567,
-3887,-15148,5618,
-3894,-15094,5577,
-3858,-15076,5573,
-3861,-15048,5532,
-3885,-15016,5547,
-3874,-14978,5536,
-3901,-15044,5481,
-3914,-14957,5481,
-3958,-14996,5544,
-4018,-14969,5508,
-4041,-15023,5441,
-4091,-14979,5308,
-4141,-14955,5369,
-4187,-15040,5230,
-4215,-15068,5206,
-4252,-15060,5248,
-4211,-15096,5183,
-4227,-15055,5189,
-4243,-15108,5135,
-4242,-15098,5121,
-4225,-15115,5193,
-4128,-15120,5205,
-4144,-15112,5251,
-4133,-15116,5232,
-4111,-15052,5218,
-4102,-15043,5233,
-4085,-15066,5287,
-4020,-15043,5368,
-3963,-15024,5382,
-4013,-15023,5392,
-3937,-15038,5371,
-3964,-15051,5428,
-4004,-15044,5325,
-4006,-15078,5304,
-3970,-15079,5336,
-3927,-15107,5355,
-3921,-15135,5267,
-3949,-15164,5290,
-3924,-15173,5304,
-3927,-15186,5247,
-3916,-15184,5210,
-3955,-15179,5215,
-3931,-15165,5188,
-3959,-15184,5185,
-3953,-15158,5137,
-3902,-15085,5156,
-3935,-15089,5162,
-3918,-15069,5247,
-3914,-15110,5280,
-3932,-15106,5282,
-3953,-15081,5235,
-3962,-15095,5257,
-3992,-15115,5266,
-4029,-15100,5193,
-4068,-15118,5370,
-4076,-15159,5348,
-4125,-15114,5313,
-4148,-15127,5304,
-4198,-15125,5320,
-4191,-15171,5327,
-4174,-15188,5320,
-4230,-15171,5309,
-4254,-15238,5284,
-4257,-15236,5201,
-4244,-15180,5125,
-4200,-15171,5137,
-4189,-15112,5163,
-4160,-15105,5164,
-4111,-15108,5212,
-4086,-15071,5244,
-4024,-15026,5290,
-4039,-14997,5375,
-3984,-15000,5469,
-3996,-15009,5525,
-4013,-15024,5615,
-4000,-14994,5610,
-4023,-14993,5594,
-4012,-14965,5600,
-4008,-14973,5630,
-4028,-15015,5580,
-4014,-14980,5541,
-4026,-14996,5539,
-4064,-15035,5458,
-4121,-15088,5488,
-4111,-15091,5469,
-4113,-15104,5399,
-4084,-15113,5419,
-4106,-15173,5422,
-4097,-15221,5418,
-4106,-15233,5424,
-4081,-15230,5452,
-4072,-15278,5452,
-4054,-15303,5455,
-4010,-15324,5364,
-3941,-15297,5494,
-3969,-15316,5552,
-3947,-15299,5589,
-3938,-15274,5577,
-3955,-15281,5587,
-3954,-15250,5613,
-3953,-15271,5580,
-3977,-15270,5602,
-3974,-15257,5572,
-3941,-15179,5555,
-3935,-15159,5523,
-3895,-15139,5582,
-3920,-15168,5540,
-3887,-15175,5544,
-3862,-15131,5523,
-3787,-15135,5543,
-3791,-15107,5483,
-3856,-15093,5456,
-3865,-15117,5481,
-3836,-15136,5512,
-3860,-15122,5452,
-3838,-15128,5406,
-3907,-15080,5403,
-3959,-15118,5406,
