-1886,1040,17407,
-1797,1206,17225,
-1889,1029,17210,
-1881,1121,17070,
-1894,1170,16932,
-1793,1252,16758,
-1766,1033,16436,
-1684,1124,16440,
-1653,1204,16408,
-1664,1412,16268,
-1705,1482,16297,
-1942,1513,16354,
-1839,1535,16504,
-1820,1904,16598,
-2203,1298,16607,
-1629,1874,16593,
-2001,1817,16645,
-2021,1825,16737,
-2346,1813,16278,
-1689,1737,16352,
-1855,2108,16176,
-2103,1769,16072,
-1968,1792,15780,
-1696,2053,15951,
-1898,2204,15699,
-1883,2085,15333,
-1774,2178,15515,
-2069,2062,15884,
-2008,2086,15868,
-2025,2041,15826,
-1968,2018,15719,
-1917,2003,15662,
-1919,1957,15590,
-1926,2016,15552,
-1860,1974,15636,
-1827,1989,15651,
-1886,1858,15687,
-1863,1862,15766,
-1937,1886,15871,
-1945,1938,15983,
-2007,1926,16132,
-2062,1986,16353,
-2202,1982,16476,
-2239,1941,16688,
-2335,1979,16866,
-2449,2004,16995,
-2521,2002,17052,
-2505,2009,17124,
-2550,1946,17128,
-2525,1950,17184,
-2496,2103,17007,
-2439,2141,16897,
-2433,2157,16750,
-2423,2147,16359,
-2250,2165,16302,
-2007,2678,16454,
-2150,2034,16259,
-1589,2471,16268,
-1399,2247,15732,
-2320,1878,15746,
-1847,2038,15609,
-1907,1964,15696,
-1931,1959,15788,
-1774,2238,15684,
-2025,2095,15689,
-1967,2045,15749,
-2067,1921,15582,
-1884,2014,15617,
-1907,2092,15493,
-1957,2102,15490,
-1961,2045,15479,
-1793,2309,15512,
-2038,2200,15599,
-1961,2204,15564,
-1902,2093,15675,
-1609,2134,15581,
-2008,2077,15713,
-1947,2138,15808,
-1958,2112,15821,
-1990,2083,15887,
-2025,2092,15840,
-2034,2094,15933,
-2003,2103,16059,
-2034,2219,16034,
-2061,2215,15952,
-2019,2182,16035,
-2103,2124,16061,
-2134,2157,16118,
-2154,2150,16218,
-2202,2055,16291,
-2248,2000,16386,
-2228,2012,16440,
-2319,2043,16568,
-2455,2013,16645,
-2573,2024,16658,
-2433,2047,16785,
-2550,1942,16793,
-2628,1963,16792,
-2547,1933,16836,
-2538,1879,16848,
-2521,2020,16787,
-2497,1984,16784,
-2432,1943,16737,
-2406,1930,16690,
-2324,1943,16596,
-2272,2017,16507,
-2192,2049,16381,
-2206,2044,16247,
-2117,2122,16156,
-2092,2047,15991,
-2058,2018,15968,
-2029,2046,15946,
-2017,2013,15860,
-2091,2583,15811,
-2543,1057,15349,
-1231,2078,15850,
-2444,2317,15752,
-2083,2163,15549,
-1647,2116,15866,
-2120,1963,15738,
-1969,2246,15800,
-2012,2151,15909,
-2129,2142,15949,
-2071,2185,15999,
-2125,2165,16008,
-2102,2045,15963,
-2126,2078,16046,
-2117,2134,16014,
-2113,2114,15998,
-2111,2231,16114,
-2117,2275,16107,
-2149,2341,16106,
-2207,2350,16057,
-2213,2359,15991,
-2205,2327,15940,
-2200,2327,15873,
-2169,2322,15882,
-2194,2262,15816,
-2139,2231,15808,
-2207,2188,15747,
-2177,2195,15700,
-2233,2137,15635,
-2280,2089,15627,
-2333,2032,15654,
-2335,2028,15633,
-2353,1980,15642,
-2353,2004,15727,
-2497,2046,15798,
-2463,2033,15883,
-2490,1982,15888,
-2498,1943,15993,
-2596,1951,16064,
-2652,1958,16290,
-2673,2050,16423,
-2734,2083,16516,
-2699,2188,16694,
-2329,2176,16497,
-2322,2458,15879,
-2110,2248,15645,
-1661,2550,15695,
-2076,2427,15597,
-1950,2462,15494,
-1948,2464,15471,
-2022,2470,15535,
-2033,2595,15554,
-2080,2370,15631,
-2105,2220,15801,
-2112,2199,15974,
-2204,2201,16034,
-2199,2111,15966,
-2168,2207,15912,
-2175,2193,15868,
-2179,2209,15926,
-2207,2292,15986,
-2260,2381,16033,
-2283,2383,16135,
-2299,2461,16099,
-2351,2416,16140,
-2313,2379,16141,
-2288,2372,16209,
-2284,2258,16216,
-2157,2266,16279,
-2192,2302,16324,
-2186,2232,16337,
-2225,2275,16389,
-2199,2265,16396,
-2248,2279,16439,
-2286,2244,16412,
-2300,2276,16404,
-2294,2293,16327,
-2294,2379,16212,
-2295,2383,16259,
-2298,2354,16236,
-2411,2348,16303,
-2344,2399,16334,
-2427,2400,16335,
-2400,2389,16248,
-2356,2309,16194,
-2482,2216,16132,
-2328,2287,16149,
-2327,2211,15999,
-2316,2204,16031,
-2327,2139,16008,
-2365,2094,15966,
-2358,2201,15976,
-2292,2189,16005,
-2211,2067,16109,
-2684,1774,14754,
-2590,2427,16381,
-2009,2397,16248,
-2394,2271,15902,
-2289,2073,15703,
-2711,2010,15768,
-2265,2827,16111,
-2600,2487,16208,
-2515,1711,16047,
-2453,1650,16102,
-2745,1672,16088,
-2629,1958,16101,
-2499,2248,16264,
-2324,2432,16400,
-2502,1775,16048,
-2534,1934,16056,
-2479,2078,16157,
-2438,2130,16212,
-2427,2118,16221,
-2424,2092,16183,
-2399,2004,16186,
-2411,1989,16199,
-2389,1956,16176,
-2353,1977,16133,
-2393,2052,16033,
-2259,2071,16007,
-2243,2258,16023,
-2327,2126,15898,
-1882,2217,15933,
-2358,2284,15839,
-2297,2196,15764,
-1949,2180,15697,
-1864,2413,15796,
-2355,2467,15799,
-2145,2285,15776,
-1881,2280,15876,
-2016,2486,15928,
-2358,2329,16029,
-2193,2338,16065,
-2156,2366,16234,
-2288,2388,16325,
-2358,2326,16290,
-2307,2361,16351,
-2450,2368,16390,
-2417,2423,16374,
-2402,2366,16353,
-2474,2268,16351,
-2486,2296,16277,
-2460,2293,16243,
-2528,2288,16282,
-2524,2304,16262,
-2549,2189,16193,
-2470,2277,16118,
-2531,2208,16064,
-2554,2199,15974,
-2437,2264,15885,
-2498,2258,15883,
-2373,2326,15810,
-2496,2269,15856,
-2434,2381,15864,
-2469,2356,15883,
-2430,2302,15925,
-2397,2301,15941,
-2413,2412,16001,
-2436,2408,16120,
-2418,2443,16134,
-2425,2470,16144,
-2421,2527,16241,
-2392,2610,16299,
-2384,2517,16329,
-2360,2500,16299,
-2310,2407,16349,
-2398,2458,16333,
-2391,2425,16375,
-2402,2301,16378,
-2415,2225,16373,
-2361,2166,16398,
-2423,2083,16425,
-2351,2082,16328,
-2457,1978,16245,
-2305,1996,16140,
-2416,1791,16093,
-2312,1855,16121,
-2416,1950,16070,
-2350,2004,16001,
-2387,1894,15967,
-2405,1949,15946,
-2405,1894,15801,
-2356,1876,15695,
-2326,1869,15576,
-2237,1795,15488,
-2241,1888,15425,
-2277,1851,15460,
-2307,1854,15471,
-2271,1850,15480,
-2288,1887,15495,
-2709,1739,15718,
-2424,1756,15817,
-2369,1807,15874,
-2481,1765,15953,
-2425,1761,16059,
-2443,1725,16189,
-2455,1657,16157,
-2342,1693,16265,
-2422,1659,16318,
-2445,1643,16313,
-2478,1797,16320,
-2476,1874,16312,
-2398,1849,16315,
-2470,1732,16286,
-2518,1756,16275,
-2535,1838,16288,
-2609,1956,16281,
-2777,1193,16211,
-2098,2055,16556,
-2186,2177,16169,
-2657,2294,16400,
-2581,1657,15818,
-1929,1899,16158,
-2499,2039,16171,
-2566,2193,15919,
-2348,1672,15846,
-1823,2137,15943,
-2330,2228,15768,
-2384,2028,15684,
-1974,1946,15737,
-2141,2225,15605,
-2255,2159,15667,
-2333,2240,15772,
-2246,2292,15820,
-2505,2056,15947,
-2340,2390,15996,
-2573,2130,16077,
-2550,2135,16154,
-2369,2153,16355,
-2686,2088,16366,
-2561,1986,16448,
-2540,2099,16508,
-2671,2044,16513,
-2613,2162,16480,
-2622,2204,16456,
-2715,2271,16537,
-2634,2492,16619,
-3155,1681,16386,
-2037,2618,16938,
-3165,2649,16984,
-3133,2067,16613,
-2199,2301,17068,
-2861,2499,17163,
-2998,2380,16959,
-2616,2024,16815,
-2601,2369,17115,
-2966,2294,16976,
-2667,2364,17164,
-2291,2197,16269,
-2429,2058,15651,
-2313,2225,15596,
-2301,2323,15362,
-2341,2171,15126,
-1925,2486,15260,
-2340,2324,14858,
-2248,2233,14672,
-2230,2374,14818,
-2083,2300,14910,
-2263,2308,14818,
-2275,2280,14914,
-2278,2264,14873,
-2342,2309,14927,
-2363,2315,14995,
-2364,2434,15058,
-2503,2536,15067,
-2424,2631,15257,
-2400,2798,15298,
-2565,2893,15484,
-2484,2912,15606,
-2592,2791,15753,
-2599,2787,15972,
-2603,2731,16173,
-2671,2668,16305,
-2625,2641,16374,
-2622,2613,16489,
-2624,2514,16550,
-2689,2441,16573,
-2691,2433,16642,
-2777,2333,16571,
-2727,2329,16584,
-2782,2226,16498,
-2772,2141,16467,
-2743,2126,16445,
-2773,2120,16409,
-2705,2057,16254,
-2663,2055,16112,
-2654,2080,15952,
-2559,2311,15826,
-2912,1720,15380,
-2415,1992,15506,
-2653,2172,15405,
-2713,2375,15251,
-2570,2397,15134,
-2552,2303,14976,
-2529,2134,14979,
-2741,1993,15394,
-2529,2592,15579,
-2667,2543,15432,
-2482,2374,15548,
-2520,2274,15612,
-2530,2187,15472,
-2414,2138,15588,
-2223,2094,15536,
-2172,2051,15631,
-2211,2005,15470,
-2090,2198,15519,
-2148,2246,15451,
-2136,2394,15446,
-2136,2448,15502,
-2192,2518,15549,
-2105,2588,15456,
-2114,2735,15602,
-2295,2440,15569,
-2336,2436,15692,
-2321,2430,15764,
-2397,2349,15956,
-2190,2501,15998,
-2287,2404,16085,
-2362,2237,16228,
-2201,2277,16225,
-2329,2133,16118,
-2324,2115,16299,
-2447,2075,16582,
-2312,2248,16620,
-2298,2469,16314,
-2528,2216,16402,
-2346,2217,16527,
-2536,2331,16606,
-2145,1918,16625,
-2437,2433,16793,
-2755,2660,16425,
-2837,2742,16974,
-2934,1926,16781,
-2778,1168,16680,
-3058,1221,16869,
-3046,1982,16982,
-2867,2416,17247,
-2847,2128,17021,
-2731,2105,17138,
-2751,1829,17040,
-2832,1726,17040,
-2869,1802,16945,
-2819,1800,16971,
-2779,1795,16935,
-2839,1797,16939,
-2809,1539,16784,
-2536,1952,16948,
-2597,2516,16989,
-2878,1821,16685,
-2744,1272,16348,
-2660,1409,16286,
-2800,1474,16148,
-2726,1863,16012,
-2412,2251,16238,
-2499,2155,16220,
-2497,1992,16113,
-2588,1765,15975,
-2581,1618,15736,
-2560,1591,15621,
-2579,1686,15596,
-2551,1786,15664,
-2567,1770,15704,
-2616,1726,15600,
-2505,1869,15681,
-2394,1778,15671,
-2511,1768,15737,
-2547,1728,15690,
-2450,1775,15631,
-2542,1844,15721,
-2604,1879,15757,
-2442,1960,15800,
-2566,1893,15866,
-2548,2078,15903,
-2657,1997,15828,
-2630,1764,15858,
-2540,2132,16003,
-2661,2184,16059,
-2701,2074,16137,
-2624,2273,16199,
-2838,2086,16266,
-2770,2156,16372,
-2806,2222,16409,
-2768,2397,16405,
-2891,2179,16389,
-2726,2243,16365,
-2955,2205,16333,
-2816,2372,16362,
-2752,2395,16363,
-2820,2239,16306,
-2743,2216,16154,
-2762,2188,16160,
-2715,2199,16056,
-2592,2350,16120,
-2618,2245,15881,
-2573,2208,15809,
-2501,2349,15717,
-2602,2325,15575,
-2550,2233,15356,
-2440,2288,15435,
-2449,2406,15336,
-2330,2046,15203,
-2247,2206,15264,
-2042,2948,15303,
-2019,2523,15145,
-2220,2116,15092,
-2365,1898,14975,
-2188,2063,14963,
-2335,2135,14982,
-2327,2068,15153,
-2252,2068,15330,
-2143,1979,15337,
-2203,1986,15524,
-2273,1804,15496,
-2202,1719,15576,
-2204,1783,15729,
-2205,1803,15751,
-2172,1970,15852,
-2157,1973,15825,
-2049,2196,15844,
-2038,2112,15851,
-2017,2282,15839,
-1997,2276,15807,
-1874,2408,15971,
-1975,2593,15912,
-2020,2559,15949,
-2135,2636,16051,
-2070,2687,16136,
-2174,2710,16139,
-2332,2529,16388,
-2340,2631,16437,
-2317,2481,16396,
-2356,2415,16214,
-2145,2730,16455,
-2397,3026,16767,
-2619,2544,16484,
-2180,2321,16665,
-2539,2032,16892,
-2913,1792,16773,
-2583,2177,16645,
-2736,2318,16787,
-2736,2114,16693,
-2699,1941,16917,
-2927,1754,16884,
-2847,1805,16935,
-2693,2230,16903,
-2854,2203,16941,
-2914,2116,16972,
-2946,1903,16779,
-2895,1825,16696,
-2976,2100,16811,
-3009,2121,16717,
-2938,1726,16672,
-2941,1798,16605,
-2993,1817,16633,
-2994,1810,16767,
-3040,1857,16737,
-2917,1905,16769,
-2951,1797,16677,
-2902,1970,16751,
-2870,1916,16714,
-2960,2014,16808,
-2882,1862,16593,
-2920,1816,16600,
-2928,1901,16670,
-2619,1493,16461,
-2604,1430,16354,
-2864,1918,16003,
-2954,1390,16273,
-2212,2105,15881,
-2415,1925,15649,
-3036,973,15476,
-2718,1226,15290,
-2608,1659,15094,
-2998,569,14897,
-3206,1144,14841,
254,4672,17212,
-876,3809,15134,
-2303,-54,14604,
-2828,-646,14779,
-2289,1571,14789,
-1684,3363,15389,
-1561,3134,15573,
-2061,2390,15295,
-1781,1682,15220,
-1996,2139,15146,
-1742,1918,15084,
-2458,2197,15661,
-816,3268,16451,
-909,2604,15471,
-2044,983,15774,
-2491,811,15645,
-2250,1268,15308,
-2241,2068,15360,
-1728,2548,15335,
-1421,2376,15415,
-1784,2386,15570,
-2222,1916,15474,
-1860,1808,15251,
-1830,1627,15063,
-2163,1212,15199,
-2098,1627,15461,
-2081,1845,15631,
-2060,2136,15663,
-1949,1923,15621,
-2265,1495,15484,
-2460,1514,15546,
-2095,1566,15409,
-2214,1507,15745,
-2223,1454,15722,
-2285,2073,15704,
-2473,1659,15645,
-2097,1414,16265,
-2458,1752,16253,
-2388,1557,16335,
-2534,1548,16164,
-2369,1406,16444,
-2116,3460,15872,
-2704,1147,16477,
-2752,1628,16053,
-3034,2174,15827,
-2168,1826,16349,
-2236,2334,17225,
-2314,2466,17631,
-2758,1858,17520,
-2527,1772,17056,
-2439,1504,17346,
-2335,2245,17987,
-2800,2583,17671,
-2762,1746,17735,
-2798,1316,17414,
-2446,1670,17494,
-2765,1681,17481,
-2921,2235,17487,
-2454,2300,17421,
-2467,2105,17285,
-2773,1968,17151,
-2777,2087,17199,
-2332,261,16506,
-3159,2100,16424,
-3059,3025,16598,
-2146,2527,16920,
-1399,3309,16514,
-2985,1315,16119,
-2798,179,16231,
-2880,790,15846,
-2397,2229,16373,
-2623,2018,16331,
-2192,1798,16256,
-2047,1744,15613,
-2481,1775,15936,
-2707,1194,15698,
-2565,1448,15574,
-2173,1700,15619,
-2180,1626,15709,
-2233,1577,15691,
-2428,1705,15545,
-2117,1567,15514,
-2213,1725,15534,
-2509,1365,15608,
-2177,1528,15698,
-2279,1713,15766,
-2257,1713,15692,
-2208,1617,15660,
-2125,1777,15714,
-2376,1831,15658,
-2196,1838,15599,
-2248,1750,15617,
-2196,1893,15584,
-2257,1957,15592,
-2210,1986,15593,
-2246,1945,15574,
-2308,1974,15616,
-2360,1892,15725,
-2365,1835,15663,
-2404,1915,15700,
-2462,1867,15752,
-2473,1890,15713,
-2419,1912,15680,
-2467,1884,15683,
-2507,1915,15604,
-2488,1956,15635,
-2457,2012,15648,
-2581,2057,15671,
-2571,2141,15709,
-2580,2192,15767,
-2639,2260,15816,
-2679,2180,15884,
-2688,2078,15976,
-2697,2120,16116,
-2708,2162,16190,
-2678,2173,16200,
-2642,2211,16228,
-2672,2180,16174,
-2668,2186,16233,
-2718,2190,16243,
-2246,2404,16122,
-2740,2226,16407,
-2596,2359,16304,
-2598,2340,16300,
-2566,2443,16301,
-2522,2444,16280,
-2568,2441,16333,
-2609,2411,16297,
-2551,2438,16325,
-2542,2357,16295,
-2474,2305,16265,
-2538,2284,16260,
-2469,2258,16241,
-2505,2185,16111,
-2495,2173,16128,
-2485,2153,16052,
-2510,2117,16082,
-2514,2078,16188,
-2503,2053,16201,
-2500,1978,16188,
-2511,1971,16139,
-2460,1945,16136,
-2512,1904,16156,
-2489,1860,16205,
-2522,1890,16152,
-2519,1901,16148,
-2552,1956,16146,
-2557,1944,16203,
-2523,1900,16163,
-2522,1901,16124,
-2530,1866,16107,
-2541,1876,16220,
-2503,1851,16205,
-2503,1790,16213,
-2494,1767,16223,
-2469,1715,16255,
-2443,1715,16208,
-2497,1687,16227,
-2466,1683,16252,
-2453,1813,16268,
-2476,1877,16315,
-2566,1932,16331,
-2520,1895,16324,
-2616,1852,16374,
-2591,1888,16442,
-2657,1826,16561,
-2553,1877,16500,
-2655,1852,16445,
-2596,1775,16351,
-2626,1749,16324,
-2553,1771,16247,
-2522,1882,16157,
-2572,1926,16208,
-2540,1943,16062,
-2574,1879,16089,
-2609,1825,16072,
-2478,1886,15972,
-2583,1746,15938,
-2585,1820,15944,
-2469,1803,15964,
-2477,1775,15991,
-2498,1675,16032,
-2446,1650,16124,
-2433,1535,16010,
-2501,1598,16049,
-2505,1939,16115,
-2533,1709,15957,
-2431,1622,16030,
-2479,1619,15881,
-2487,1738,15825,
-2469,1798,15898,
-2407,1934,15879,
-2407,1875,15806,
-2451,1852,15773,
-2408,1874,15757,
-2370,1883,15666,
-2418,1886,15657,
-2370,1898,15678,
-2365,1980,15681,
-2387,2016,15662,
-2365,2036,15680,
-2421,2087,15690,
-2438,2090,15734,
-2444,2211,15727,
-2415,2205,15782,
-2858,2898,16071,
-2985,2289,16146,
-1907,1920,16180,
-1449,3863,16511,
-3398,3227,16477,
-1759,2607,15245,
-1649,1677,15639,
-3772,1746,15892,
-2572,3305,15369,
-2471,2665,15927,
-2850,2045,15667,
-2548,2225,15940,
-2818,2712,16029,
-2789,2161,16002,
-2704,2617,15814,
-2766,2386,16260,
-2947,2488,16153,
-2942,2570,16205,
-2717,2133,16389,
-2603,2197,16270,
-2891,2391,16284,
-3012,2895,16434,
-2421,2102,16688,
-2662,1744,15793,
-2559,1733,16290,
-3983,1819,16166,
-2828,1783,16149,
-2263,2581,16820,
-2650,2656,16705,
-2598,2125,16398,
-2520,2462,16312,
-3165,1791,16287,
-3189,1714,16200,
-2405,1484,16036,
-2371,2399,16467,
-2324,2248,16538,
-2823,2210,16529,
-2359,2161,16333,
-2896,1674,16137,
-2419,2151,16314,
-2312,2107,16180,
-2544,2141,16186,
-2313,2322,16246,
-2277,1885,16177,
-2258,2062,16158,
-2790,1894,15909,
-2389,2014,15748,
-2561,1722,15928,
-2618,2229,15740,
-2176,2103,16053,
-2642,2021,15786,
-2215,2195,16037,
-2729,1806,15760,
-2428,1921,15638,
-2170,2389,15954,
-2765,2299,15802,
-2054,2324,15961,
-2531,2114,15770,
-2497,2055,15728,
-2825,1787,15706,
-2536,1790,15684,
-2671,1958,15644,
-2361,2030,15747,
-2676,2331,16014,
-2325,2932,15956,
-2989,2006,15900,
-2731,1924,15617,
-1756,2942,16069,
-3369,2653,16046,
-3473,1296,15824,
-2360,1377,15824,
-2320,2348,16193,
-3671,2489,16548,
-2976,2445,16446,
-2980,1630,16500,
-3181,1723,15986,
-2367,2531,16347,
-3050,2316,16521,
-2885,2288,16437,
-3144,2071,16546,
-3168,1790,16686,
-2979,2548,16298,
-1342,2425,16798,
-3280,2377,16578,
-3184,2261,16472,
-3721,1845,16152,
-3297,1383,16263,
-3332,1279,15831,
-2806,1737,16516,
-3324,2055,16400,
-2457,3071,16428,
-2293,3017,15877,
-2611,2064,15778,
-2018,2688,16137,
-2939,2151,15297,
-2009,2441,16110,
-2438,2055,16226,
-2429,2129,15807,
-2730,2476,15679,
-2986,1642,15575,
-3587,1577,14626,
-1898,1627,15584,
-3035,1581,16067,
-3545,1537,15371,
-2521,2320,14969,
-2046,2479,15306,
-2490,2573,15769,
-2376,2617,15705,
-2074,2573,15357,
-1893,2256,15657,
-2583,2161,15566,
-2303,2171,15425,
-2483,2264,15543,
-2599,2217,15710,
-2698,2144,15826,
-2885,2017,15627,
-2566,2348,15707,
-2650,2185,16060,
-2700,2388,16005,
-2546,2631,16001,
-2516,2694,16070,
-2510,2285,16127,
-2596,2349,16222,
-2758,2495,16002,
-2782,2386,16009,
-2666,2431,16086,
-2810,2481,16104,
-2745,2391,16123,
-2824,2607,16236,
-2711,2660,16268,
-2809,2635,16339,
-2659,2480,16362,
-2819,2262,16547,
-2797,2409,16371,
-2967,2283,16454,
-2817,2371,16602,
-2894,2319,16540,
-2897,2217,16668,
-2962,2316,16625,
-2937,2311,16708,
-2858,2357,16689,
-2976,2529,16683,
-2958,2144,16645,
-2962,2321,16621,
-3007,2173,16581,
-2915,2294,16587,
-2794,2406,16610,
-2886,2355,16566,
-2861,2335,16568,
-2919,2355,16558,
-2904,2317,16367,
-2837,2264,16414,
-2857,2255,16458,
-2840,2283,16404,
-2810,2285,16331,
-2844,2278,16341,
-2814,2226,16351,
-2812,2186,16309,
-2831,2278,16166,
-2790,2274,16157,
-2669,2344,16178,
-2686,2127,16072,
-2713,2248,15998,
-2643,2070,15984,
-2802,2088,15972,
-2632,2148,15930,
-2614,2147,15815,
-2633,2201,15841,
-2599,2173,15664,
-2604,2152,15589,
-2611,2113,15406,
-2594,2130,15518,
-2540,2130,15490,
-2485,2148,15406,
-2488,2114,15365,
-2519,2126,15336,
-2542,2105,15292,
-2511,2056,15321,
-2540,2083,15486,
-2545,1983,15457,
-2574,2074,15549,
-2543,2257,15818,
-2616,2154,15752,
-2580,2305,15852,
-2734,1838,15922,
-2402,2104,15782,
-2470,2394,15830,
-2494,2556,15886,
-2621,2417,15895,
-2593,2255,15808,
-2737,2303,15649,
-2680,2371,15639,
-2603,2448,15620,
-2652,2387,15711,
-2682,2306,15700,
-2742,2306,15716,
-2656,2354,15731,
-2680,2398,15728,
-2673,2376,15736,
-2671,2367,15788,
-2661,2438,15752,
-2721,2487,15746,
-2652,2651,15777,
-2719,2696,15672,
-2592,2712,15751,
-2630,2771,15689,
-2761,2899,15756,
-2541,2964,15808,
-2665,2969,15801,
-2686,2956,15812,
-2702,2918,15804,
-2646,2836,15856,
-2587,2736,15927,
-2517,2697,16070,
-2433,4211,15851,
-3885,2446,15957,
-3316,1866,15713,
-1335,3348,15750,
-2676,4187,16811,
-3822,3252,16561,
-2640,2401,16230,
-2558,2349,16284,
-3140,3263,16792,
-3098,3160,16906,
-2465,2855,17185,
-3385,2316,16979,
-3683,2072,16954,
-2949,2835,16681,
-3308,2717,16839,
-3264,2663,16822,
-3096,2374,16607,
-2978,2332,16642,
-3207,2574,16612,
-3174,2439,16504,
-3083,2363,16658,
-3084,2247,16603,
-3032,2289,16548,
-2988,2168,16569,
-3007,2153,16488,
-2963,2128,16383,
-2888,2075,16290,
-2797,2191,16184,
-2776,2167,16109,
-2715,2223,16066,
-2631,2136,15979,
-2689,2192,15885,
-2717,2480,15902,
-2488,2289,15778,
-2518,2220,15858,
-2517,2392,15787,
-2548,2271,15595,
-2548,2005,15600,
-2606,2288,15615,
-2485,2113,15576,
-2312,2331,15882,
-2549,2377,15791,
-2450,2415,15659,
-2398,2376,15664,
-2449,2394,15690,
-2354,2506,15583,
-2456,2433,15578,
-2537,2534,15516,
-2684,2247,15504,
-2318,1644,15748,
-1841,3336,15761,
-2544,2992,15932,
-3042,2183,15928,
-2020,2388,15758,
-2636,2360,15495,
-2649,2484,15836,
-2477,1971,16076,
-2807,2047,16004,
-2789,2048,16232,
-2690,2158,16377,
-2842,1968,16361,
-2859,2231,16240,
-2984,2145,16176,
-2833,2160,16187,
-2952,2069,16005,
-2980,2120,15969,
-2877,2075,16021,
-2974,2056,15926,
-3008,2149,15948,
-3011,2051,15858,
-3025,1948,15917,
-2949,2103,16165,
-2996,2121,16250,
-2890,2258,16279,
-3005,2241,16361,
-2975,2306,16417,
-3030,2306,16374,
-2934,2322,16325,
-2919,2459,16326,
-2922,2535,16252,
-2774,2640,16183,
-2897,2602,16066,
-2783,2702,15889,
-2634,2715,15771,
-2871,2569,15777,
-2636,2636,15832,
-2805,2447,15681,
-2665,2619,15746,
-2872,2647,15737,
-2946,2635,15768,
-3433,1638,15604,
-2238,2434,15704,
-2271,3268,16122,
-3464,2976,15664,
-2692,2308,15847,
-2475,2792,15619,
-2855,2968,15473,
-2786,2983,15752,
-2950,2750,15785,
-2831,2683,15678,
-2657,3025,15597,
-3022,2911,15572,
-2865,2727,15837,
-2705,2822,15878,
-2924,2885,15898,
-2912,2949,15845,
-2779,2840,15904,
-2853,2876,15953,
-2989,2849,15954,
-2887,2817,16037,
-2817,2855,16087,
-2845,2907,16089,
-2862,2939,15951,
-2667,3128,15989,
-2534,3253,15990,
-3061,2848,16289,
-3075,2767,16200,
-2945,2833,16016,
-2948,2917,16274,
-2979,3001,16296,
-2950,2931,16411,
-3017,2726,16479,
-3019,2706,16457,
-2963,2711,16432,
-2941,2637,16486,
-2907,2710,16571,
-2978,2616,16560,
-2919,2753,16535,
-3065,2794,16569,
-3023,2764,16546,
-3050,2667,16559,
-2995,2668,16447,
-2967,2627,16384,
-2849,2592,16347,
-2855,2652,16174,
-2885,2553,16192,
-2505,3126,16015,
-3239,2721,16342,
-2976,2688,16223,
-2862,2723,16025,
-2835,2714,16066,
-2818,2796,16040,
-2801,2805,15854,
-2843,2687,15802,
-2719,2776,15560,
-2587,2729,15417,
-2476,2807,15366,
-2507,2649,15299,
-2494,2862,15191,
-2487,2886,15164,
-2554,2903,15143,
-2588,2837,15192,
-2526,2852,15247,
-2635,2821,15263,
-2632,2880,15365,
-2669,3143,15423,
-3170,2349,15324,
-2351,2982,15428,
-2419,3247,15446,
-2844,3106,15468,
-2662,2983,15468,
-2542,2980,15465,
-2749,3037,15548,
-2729,3040,15594,
-2817,2952,15688,
-2779,3036,15848,
-2837,2956,15975,
-2793,3038,15937,
-2819,2906,16081,
-2864,2879,16032,
-2954,2799,16138,
-2839,2913,16151,
-2967,2871,16015,
-2999,2961,16139,
-2912,2942,16117,
-3005,2784,16232,
-2936,2890,16214,
-2953,2909,15982,
-2987,2810,16037,
-2880,2819,15989,
-2954,2800,15916,
-2900,2894,16074,
-2888,2981,16031,
-2723,3035,15991,
-2880,2873,16080,
-2901,2985,15942,
-2822,2856,15920,
-2762,2890,15932,
-2854,2854,15797,
-2723,2857,15614,
-2579,2901,15602,
-2691,2859,15599,
-2650,2950,15444,
-2467,3013,15342,
-2630,2845,15446,
-2623,2822,15426,
-2534,2853,15413,
-2625,2792,15518,
-2547,2813,15573,
-2585,2814,15500,
-2552,2830,15597,
-2532,2829,15601,
-2648,2799,15678,
-2570,2927,15788,
-2488,2915,15764,
-2586,2925,15587,
-2592,2848,15686,
-2601,2690,15859,
-2743,2765,15820,
-2590,2953,15952,
-2412,3162,15826,
-2753,2887,15985,
-2701,2904,16171,
-2663,2919,16110,
-2739,2784,16382,
-2674,2838,16332,
-2680,2795,16353,
-2807,2772,16433,
-2788,2996,16479,
-2648,2842,16456,
-2838,2967,16455,
-2805,2877,16575,
-2875,2799,16473,
-2967,2865,16395,
-2815,2617,16566,
-2789,2732,16493,
-2849,2737,16647,
-2935,2725,16716,
-2968,2808,16624,
-2851,2746,16700,
-2753,2849,16624,
-2945,2801,16519,
-2803,2767,16556,
-2787,2691,16503,
-2918,2671,16445,
-2906,2946,16591,
-2709,2811,16520,
-2883,2809,16511,
-2689,2871,16507,
-2824,2810,16417,
-2853,2883,16263,
-2901,2747,16263,
-2746,2813,16237,
-2801,2953,16126,
-2764,2984,16091,
-2748,2967,16069,
-2789,2957,15911,
-2742,2970,15904,
-2797,2902,15822,
-2769,2905,15897,
-2773,2932,15829,
-2722,2924,15836,
-2703,3063,15820,
-2780,3118,15782,
-2717,3111,15723,
-2744,3019,15716,
-2683,3112,15742,
-2726,3019,15685,
-2785,2977,15557,
-2721,3020,15603,
-2714,3022,15639,
-2689,2977,15558,
-2727,2939,15584,
-2725,2920,15597,
-2800,2880,15660,
-2766,2908,15741,
-2715,3001,15743,
-2877,2946,15810,
-2979,2771,15909,
-2820,2801,15858,
-2845,2909,16005,
-2824,2949,16049,
-2904,2937,16004,
-2821,2875,15982,
-2846,2791,15961,
-2888,2794,16001,
-2834,2844,16047,
-2836,2785,16036,
-2803,2787,15975,
-2751,2660,15930,
-2737,2772,15872,
-2780,2802,15906,
-2750,2822,15814,
-2763,2859,15855,
-2670,2864,15786,
-2705,2840,15807,
-2736,2747,15845,
-2747,2752,15861,
-2676,2701,15823,
-2672,2741,15842,
-2657,2712,15840,
-2665,2718,15783,
-2652,2663,15747,
-2619,2740,15666,
-2604,2784,15647,
-2638,2859,15685,
-2660,2871,15624,
-2620,2846,15640,
-2654,2869,15593,
-2638,2924,15632,
-2622,2931,15619,
-2662,2959,15658,
-2670,2943,15657,
-2692,2823,15658,
-2678,2924,15636,
-2563,2801,15683,
-2624,2910,15641,
-2628,2872,15679,
-2676,2851,15660,
-2655,2818,15622,
-2648,2830,15515,
-2603,2878,15535,
-2581,2885,15492,
-2612,2916,15518,
-2615,2931,15503,
-2650,2972,15498,
-2688,2970,15564,
-2574,3039,15620,
-2586,3006,15699,
-2624,3028,15764,
-2714,2946,15907,
-2788,2952,16024,
-2690,3030,16097,
-2654,3048,16210,
-2938,2958,16032,
-2731,3032,16079,
-2718,3010,16263,
-2609,2988,16353,
-2823,2963,16356,
-2780,2982,16396,
-2855,2999,16468,
-2656,2935,16417,
-2818,2887,16418,
-2856,2836,16392,
-2691,2866,16303,
-2887,2763,16403,
-2899,2960,16481,
-2879,2982,16494,
-2920,2933,16615,
-3026,2774,16667,
-2908,2803,16747,
-2987,2803,16710,
-3011,2723,16723,
-2972,2723,16838,
-3006,2682,16666,
-3036,2759,16695,
-2929,2764,16591,
-2905,2783,16476,
-2909,2745,16387,
-2894,2740,16365,
-2959,2618,16293,
-3025,2869,16105,
-2877,2902,16184,
-2839,2938,16081,
-3014,2863,16162,
-2940,2955,16178,
-3019,2893,16208,
-2899,3006,16236,
-2879,3060,16234,
-2952,3063,16143,
-2922,2999,16018,
-2881,3026,15964,
-2880,2997,15748,
-2753,3041,15731,
-2764,2859,15654,
-2730,2915,15535,
-2678,3003,15558,
-2670,3024,15499,
-2532,2955,15528,
-2828,2572,15309,
-2621,2833,15446,
-2540,2966,15537,
-2711,2834,15559,
-2536,2937,15527,
-2612,2843,15465,
-2651,2779,15440,
-2606,2750,15371,
-2659,2685,15438,
-2686,2710,15546,
-2680,2609,15615,
-2733,2604,15572,
-2685,2581,15688,
-2694,2611,15795,
-2731,2590,15857,
-2705,2620,15920,
-2726,2703,15954,
-2663,2724,15997,
-2767,2720,16053,
-2861,2725,16076,
-2742,2751,16074,
-2866,2737,16141,
-2826,2818,16213,
-2885,2755,16132,
-2767,2835,16166,
-2847,2799,16154,
-2809,2861,16069,
-2769,2848,16005,
-2794,2807,15930,
-2786,2842,15851,
-2728,2846,15792,
-2772,2823,15706,
-2781,2819,15611,
-2725,2876,15624,
-2696,2926,15574,
-2759,2889,15583,
-2720,2947,15562,
-2743,2934,15526,
-2722,2938,15467,
-2753,2924,15468,
-2742,2958,15368,
-2695,2959,15382,
-2708,2925,15368,
-2661,2984,15304,
-2650,2990,15320,
-2673,2958,15315,
-2639,2984,15304,
-2615,3044,15353,
-2694,3012,15423,
-2689,3098,15443,
-2715,3104,15484,
-2694,3081,15653,
-2694,3147,15690,
-2699,3306,15807,
-2672,3367,15964,
-2837,3052,16026,
-2869,3107,15876,
-2760,3042,15964,
-2747,3035,16070,
-2821,3011,16252,
-2851,3112,16314,
-2836,3017,16351,
-2791,3047,16327,
-2814,2986,16423,
-2903,3086,16501,
-2947,2971,16428,
-2923,2984,16536,
-2891,2948,16536,
-3174,2770,16433,
-2972,2831,16552,
-2934,2695,16424,
-3107,2672,16515,
-2902,2719,16541,
-2892,2710,16656,
-3018,2710,16612,
-3012,2762,16624,
-2987,2702,16660,
-2945,2576,16547,
-2957,2510,16529,
-2973,2476,16407,
-2916,2433,16414,
-2796,2633,16408,
-2937,2686,16368,
-2842,2727,16366,
-2831,2633,16261,
-2887,2773,16208,
-2716,2720,16063,
-2710,2666,16030,
-2786,2671,15919,
-2777,2733,15872,
-2668,2720,15828,
-2667,2772,15837,
-2702,2834,15838,
-2681,2915,15801,
-2627,2780,15798,
-2676,2814,15846,
-2675,2761,15763,
-2703,2825,15717,
-2695,2802,15749,
-2704,2847,15694,
-2683,2819,15687,
-2719,2897,15654,
-2692,2967,15714,
-2710,2985,15607,
-2773,2899,15559,
-2701,2882,15533,
-2782,2924,15696,
-2849,2867,15694,
-2863,2892,15682,
-2891,2771,15711,
-2883,2775,15794,
-2888,2776,15863,
-2911,2762,15915,
-2942,2748,15945,
-2909,2758,15992,
-2960,2794,15957,
-2971,2826,16041,
-2981,2864,16025,
-3031,2817,16046,
-3071,2819,16109,
-3077,2821,16211,
-3059,2827,16281,
-3031,2874,16338,
-3081,2788,16371,
-3033,2828,16275,
-3008,2842,16293,
-3006,2859,16223,
-2959,2858,16126,
-2943,2852,15998,
-2930,2904,15890,
-2838,3088,15971,
-2811,3010,15899,
-2871,2974,15803,
-2833,3029,15670,
-2842,3007,15682,
-2844,3174,15686,
-3033,2941,15530,
-2796,2843,15443,
-2305,2602,15528,
-2028,3647,15782,
-3524,3179,15513,
-2767,2389,15078,
-2301,3010,15326,
-2447,3708,15566,
-2687,3113,15802,
-2564,2738,15631,
-2549,2780,15457,
-2580,3067,15423,
-2700,3095,15401,
-2528,3178,15412,
-2563,2995,15223,
-2659,2764,15324,
-2634,2921,15343,
-2636,2912,15429,
-2539,3166,15437,
-2727,3015,15345,
-2626,2982,15429,
-2616,2930,15529,
-2738,2781,15600,
-2753,2870,15710,
-2961,3063,15868,
-2464,3107,15973,
-2846,3033,15937,
-2864,2887,16011,
-2701,2968,16061,
-2905,2887,16157,
-2798,2992,16094,
-2701,3094,16127,
-2845,3122,16130,
-2729,2910,16314,
-3017,2839,16084,
-2863,2969,16275,
-2790,2939,16224,
-2698,2950,16314,
-2974,2731,16343,
-3126,2891,16259,
-2748,3001,16377,
-3052,2793,16499,
-2937,2903,16522,
-3112,2768,16556,
-3003,2701,16609,
-2857,2420,16613,
-2808,2719,16482,
-3354,2718,16639,
-2991,2782,16714,
-3104,2533,16791,
-2974,2703,16860,
-3111,2785,16800,
-3004,2781,16547,
-3074,2535,16452,
-2888,2635,16440,
-2928,2717,16408,
-3107,2573,16400,
-2826,2616,16351,
-2957,2551,16298,
-3001,2687,16225,
-2883,2675,16193,
-2828,2684,16156,
-2844,2560,16091,
-2904,2533,16037,
-2920,2469,16013,
-2774,2613,15916,
-2822,2646,15877,
-2795,2643,15826,
-2842,2706,15742,
-2795,2738,15801,
-2863,2684,15754,
-2812,2672,15786,
-2758,2761,15772,
-2775,2721,15757,
-2815,2720,15746,
-2835,2715,15713,
-2796,2770,15719,
-2788,2812,15743,
-2834,2717,15703,
-2817,2644,15692,
-2829,2745,15688,
-2843,2724,15687,
-2834,2668,15715,
-2849,2705,15764,
-2879,2686,15801,
-2899,2658,15848,
-2885,2635,15939,
-2894,2627,15993,
-2930,2638,16007,
-2969,2551,16003,
-2904,2536,16002,
-2903,2561,16005,
-2935,2562,16046,
-2884,2629,16048,
-2875,2676,16003,
-2892,2628,16003,
-2935,2600,15982,
-2893,2659,15985,
-2903,2722,16020,
-2927,2717,15975,
-2935,2708,15932,
-2905,2676,15883,
-2926,2716,15906,
-2898,2743,15892,
-2905,2726,15827,
-2912,2792,15880,
-2893,2776,15910,
-2923,2912,15863,
-2883,2726,15778,
-2857,2792,15752,
-2990,2904,15680,
-2811,3008,15628,
-3529,1931,15521,
-2061,2737,15611,
-2339,3555,15815,
-3581,3188,15640,
-2875,2189,15302,
-2448,2318,15304,
-2376,3440,15469,
-3248,3341,15627,
-2973,2569,15465,
-2413,2565,15425,
-2544,3064,15439,
-2899,3347,15431,
-2807,2871,15522,
-2702,2348,15395,
-2336,3106,15552,
-3128,2923,15642,
-2682,2993,15753,
-2628,2682,15687,
-2774,3129,15719,
-2898,2949,15865,
-2780,3038,15943,
-2810,2880,15913,
-3019,2841,15938,
-2645,3086,15836,
-2938,2804,16069,
-2862,2771,16052,
-2642,2892,16136,
-3130,2845,16271,
-3070,2756,16161,
-2586,2788,16356,
-2927,3052,16498,
-3271,2629,16407,
-2847,2735,16437,
-3018,2694,16646,
-3207,2563,16622,
-2906,2727,16531,
-2935,2515,16530,
-3138,2469,16832,
-2902,2272,16440,
-2634,2308,16446,
-2971,2738,16779,
-3359,2520,16525,
-2753,2453,16522,
-2778,2731,16851,
-3243,2351,16664,
-2992,2503,16386,
-2853,2255,16472,
-2789,2698,16310,
-2893,2342,16300,
-2820,2467,16453,
-2837,2503,16208,
-2864,2527,15990,
-2542,2611,16218,
-2932,2633,16336,
-2822,2566,16144,
-2739,2420,16063,
-2865,2644,15876,
-2797,2686,15780,
-2602,2736,15835,
-2692,2656,15832,
-2686,2701,15812,
-2735,2791,15687,
-2700,2860,15657,
-2662,2888,15648,
-2802,2501,15511,
-2327,2844,15603,
-2913,2808,15634,
-2768,2751,15541,
-2590,2827,15616,
-2842,2856,15619,
-2752,2779,15552,
-2709,2727,15609,
-2853,2712,15531,
-2876,2760,15563,
-2894,2726,15619,
-2876,2737,15702,
-2943,2811,15793,
-2910,2785,15845,
-3040,2757,15908,
-3033,2782,15903,
-3068,2738,15981,
-3057,2789,16041,
-3013,2808,16094,
-3049,2781,16075,
-3054,2746,16051,
-3033,2691,16067,
-3047,2750,16093,
-3027,2765,16110,
-3025,2802,16162,
-3015,2792,16176,
-3058,2784,16178,
-3036,2843,16236,
-3023,2943,16272,
-3027,2950,16239,
-3017,2894,16200,
-3040,2871,16200,
-3024,2881,16127,
-2987,2856,16131,
-2940,2880,16055,
-2895,2880,16008,
-2924,2887,15978,
-2958,2911,15975,
-2911,2830,15840,
-2700,3686,15471,
-3825,2126,15572,
-2263,2640,15434,
-1901,3802,15371,
-3406,3349,15820,
-2958,2479,15489,
-2505,2316,15131,
-2631,3010,15458,
-2732,3389,15437,
-2856,2703,15313,
-2531,2684,15289,
-2475,3018,15233,
-2993,2935,15276,
-2661,2910,15242,
-2477,3085,15233,
-2799,2958,15237,
-2703,2998,15417,
-2851,2965,15399,
-2829,2936,15367,
-2499,3176,15442,
-3025,3184,15547,
-2885,3274,15477,
-2751,3218,15652,
-2825,3349,15675,
-2934,3395,15892,
-2969,3084,15935,
-2902,3193,16069,
-3007,3213,16101,
-3006,3296,16134,
-2878,3300,16119,
-2916,3225,16316,
-2958,3300,16206,
-3029,3307,16190,
-3018,3310,16209,
-2984,3208,16189,
-3013,3235,16243,
-3043,3205,16268,
-3028,3195,16265,
-3035,3137,16339,
-3102,3107,16467,
-3090,3051,16461,
-3101,3060,16615,
-3114,3007,16646,
-3081,3067,16743,
-3132,2949,16731,
-3112,2938,16723,
-3067,2854,16714,
-3087,2827,16686,
-2998,2775,16719,
-3000,2771,16675,
-2965,2790,16551,
-2942,2733,16517,
-2902,2672,16473,
-2896,2701,16464,
-2848,2758,16400,
-2852,2744,16307,
-2934,2332,16229,
-2984,2666,16074,
-2772,2740,16164,
-2698,2692,16010,
-2814,2705,15994,
-2837,2668,15995,
-2776,2716,15912,
-2799,2679,15929,
-2788,2756,15989,
-2762,2840,15973,
-2793,2850,15959,
-2819,2853,15900,
-2869,2874,15870,
-2924,2888,15941,
-2884,2945,15896,
-2854,2948,15902,
-2936,3029,15945,
-2933,3074,16020,
-3029,3063,16129,
-2994,3123,16085,
-3085,3028,16126,
-3136,3012,16151,
-3012,3004,16165,
-3035,3080,16155,
-3097,3274,16230,
-3053,3067,16063,
-3048,3179,15997,
-3116,2940,16134,
-3076,3189,15931,
-2807,3346,16079,
-3418,2410,15705,
-2195,3252,15636,
-3090,3495,15967,
-3334,3068,15730,
-2584,2924,15628,
-3634,2257,15456,
-2771,2796,15252,
-2857,3077,15531,
-3164,2876,15580,
-2736,2799,15483,
-2796,2755,15429,
-2818,2976,15277,
-2690,2923,15330,
-2639,2994,15443,
-2767,2822,15328,
-2738,2841,15245,
-2658,2974,15314,
-2645,2967,15289,
-2653,3017,15275,
-2634,2960,15256,
-2595,2995,15207,
-2597,2984,15204,
-2573,3010,15257,
-2589,3016,15300,
-2654,2960,15314,
-2611,3016,15332,
-2648,3080,15364,
-2683,3087,15388,
-2663,3103,15375,
-2691,3051,15430,
-2733,3052,15420,
-2703,3044,15493,
-2797,3049,15582,
-2773,2742,15859,
-2832,3016,15782,
-2833,3207,15622,
-2883,3195,15580,
-2985,3185,15767,
-2987,3191,15930,
-3059,3202,15956,
-3030,3169,15965,
-3078,3220,16064,
-3111,3156,16085,
-3048,3183,16180,
-3063,3131,16141,
-3106,3149,16127,
-3136,3067,16146,
-3095,3146,16099,
-3130,3194,16070,
-3308,2849,16044,
-2798,3283,15945,
-3007,3183,15922,
-3069,3156,16150,
-3045,3208,16154,
-3026,3174,16111,
-3030,3239,16162,
-3069,3203,16107,
-3050,3161,16190,
-3050,3185,16210,
-3023,3129,16218,
-2995,3083,16232,
-2989,3064,16260,
-2980,2933,16247,
-2625,2844,15992,
-3273,2993,16306,
-2962,3243,16432,
-2916,3184,16438,
-3015,3007,16460,
-2989,2954,16384,
-3007,2848,16330,
-2927,2829,16295,
-2935,2902,16234,
-2949,2928,16211,
-2853,2935,16202,
-2890,2934,16208,
-2827,2654,16231,
-2647,3405,16186,
-3758,3164,16161,
-2900,1647,16023,
-1390,2982,16224,
-3064,3730,16701,
-3813,2356,16171,
-2637,2122,15991,
-2459,2947,15859,
-2918,3548,15775,
-2966,3425,15951,
-3045,2653,15945,
-2665,2606,15839,
-3111,3095,15941,
-3375,3168,15951,
-2833,2995,15920,
-2699,2843,15905,
-2797,3229,16042,
-3159,3128,15957,
-3284,2792,15980,
-2795,2712,15834,
-2758,3340,15869,
-3445,2975,15957,
-2996,2897,15660,
-2799,2898,15702,
-3093,2874,15608,
-2891,3034,15629,
-2841,2938,15681,
-2907,2939,15735,
-2939,2917,15661,
-2895,2834,15738,
-2955,2861,15742,
-2942,2876,15734,
-2937,2872,15696,
-2987,2887,15696,
-3026,2851,15748,
-3011,2888,15759,
-3005,2908,15753,
-3010,2850,15825,
-2990,2883,15830,
-3008,2898,15888,
-3002,2867,15887,
-2996,2876,15908,
-3012,2922,15927,
-3004,2915,15938,
-2979,2942,15947,
-2989,3002,15950,
-2976,3027,15909,
-3018,3040,15893,
-2960,3012,15854,
-2962,3076,15888,
-2936,3117,15806,
-2936,3138,15778,
-2944,3139,15749,
-2955,3070,15673,
-2959,3064,15625,
-2917,3073,15536,
-2917,3071,15509,
-2894,3125,15481,
-2876,3142,15456,
-2896,3056,15432,
-2932,3024,15317,
-2965,2965,15290,
-2932,3095,15331,
-2805,3011,15407,
-2882,3465,15099,
-3370,2662,15238,
-2259,3053,15202,
-1789,3884,15570,
-3460,3733,15654,
-3244,2518,15026,
-1867,2902,15181,
-2838,3321,15348,
-3352,3161,15301,
-2771,2953,15482,
-2700,3230,15451,
-2972,3490,15462,
-2786,3192,15291,
-2761,3233,15502,
-2772,3306,15557,
-2885,3328,15707,
-2754,3409,15885,
-2911,3352,15959,
-2911,3367,15934,
-3026,3227,16150,
-2994,3231,16226,
-3077,3270,16206,
-3132,3001,16164,
-2964,2886,16145,
-2799,3341,16168,
-3217,3383,16629,
-3026,3195,16679,
-3256,3242,16669,
-3275,2761,16694,
-3266,3317,16750,
-3225,3175,16745,
-3179,2980,16822,
-3219,2763,16781,
-3299,2817,16753,
-3081,3004,16757,
-3141,2977,16861,
-3107,2988,16861,
-3180,2712,16817,
-3150,2827,16630,
-3084,2811,16662,
-3114,2833,16697,
-3120,2785,16564,
-3147,2843,16513,
-3117,2789,16404,
-3059,2747,16349,
-3013,2789,16237,
-3011,2983,16289,
-3030,2796,16123,
-2954,2739,15994,
-2924,2831,15962,
-2844,2819,15860,
-2837,2853,15852,
-2847,2792,15764,
-2830,2860,15786,
-2827,2948,15675,
-2898,2911,15689,
-2744,2946,15613,
-2769,2960,15591,
-2840,2820,15617,
-2818,2892,15549,
-2832,2933,15629,
-2862,2998,15631,
-2807,3019,15564,
-2826,3022,15566,
-2819,3070,15567,
-2852,3053,15534,
-2818,2988,15523,
-2858,2994,15504,
-2874,2936,15555,
-2904,2929,15588,
-2916,2974,15631,
-2933,2975,15715,
-2921,3012,15745,
-2995,2964,15766,
-3052,2866,15856,
-3003,2896,15856,
-3037,2932,15926,
-3032,2856,15940,
-3085,2815,15982,
-3128,2776,16027,
-3064,2813,16039,
-3081,2797,16019,
-3075,2824,15998,
-3060,2850,15903,
-3081,2827,15935,
-3106,2848,15902,
-3099,2863,15936,
-3092,2914,15941,
-3107,2933,15972,
-3100,2876,15959,
-3107,2898,15972,
-3087,2936,15989,
-3056,2993,15894,
-3045,3014,15915,
-3044,3018,15947,
-3034,2990,15926,
-2990,3028,15918,
-2964,3061,15892,
-2984,3124,15797,
-2930,3144,15729,
-2896,3088,15678,
-2900,3298,15603,
-2723,3067,15624,
-3332,2415,15430,
-1905,3738,15317,
-3279,3371,15618,
-3025,2946,15407,
-2576,2942,15417,
-3062,2963,15428,
-2821,3106,15295,
-2694,3074,15352,
-2861,2975,15431,
-2889,3036,15266,
-2796,3093,15253,
-2737,3172,15343,
-2811,3170,15345,
-2805,3071,15328,
-2834,3038,15392,
-2837,3079,15402,
-2901,3082,15515,
-3020,3026,15579,
-2820,3117,15625,
-2885,3092,15827,
-2931,3125,15862,
-2887,3215,15780,
-2924,3086,16009,
-2915,3254,16001,
-2913,3188,16085,
-3020,3119,16125,
-2978,3265,16248,
-3042,3201,16365,
-3078,3149,16331,
-3046,2880,16421,
-3082,3418,16534,
-2982,3329,16549,
-3234,2687,16895,
-3234,2873,16532,
-3154,2809,16595,
-2953,2882,16604,
-3002,2788,16672,
-3348,2931,16835,
-3116,2923,16758,
-3194,2822,16737,
-3134,2908,16818,
-3164,2916,16621,
-3137,2818,16446,
-2929,2862,16367,
-3227,2754,16338,
-3122,2862,16492,
-2966,2658,16356,
-3161,2650,16430,
-2916,2736,16115,
-3008,2692,16248,
-3061,2735,16165,
-2915,2684,15988,
-2924,2706,16050,
-2997,2793,16040,
-2931,2844,16001,
-2889,2855,15904,
-2861,2946,15808,
-2986,2840,15848,
-2901,2874,15775,
-2948,2897,15790,
-2932,2855,15816,
-2845,2931,15768,
-2833,2930,15782,
-3007,2887,15795,
-2895,2997,15753,
-2916,2898,15682,
-2874,2922,15738,
-2935,2958,15717,
-2838,2873,15624,
-2901,2719,15633,
-2972,2879,15715,
-2917,2933,15849,
-2958,2900,15799,
-2954,2824,15695,
-2976,2812,15704,
-2984,2836,15745,
-2978,2861,15820,
-3001,2771,15804,
-3021,2794,15849,
-3054,2778,15935,
-3076,2732,15897,
-3112,2766,15952,
-3117,2659,16056,
-3130,2683,16097,
-3101,2747,16121,
-3115,2699,16046,
-3122,2753,16034,
-3110,2729,16048,
-3028,2806,16038,
-3020,2868,16055,
-3075,2870,16017,
-3060,2599,15951,
-3044,2837,15997,
-3002,3013,15886,
-2948,3245,15817,
-3454,2221,15712,
-2370,3252,15579,
-3091,3164,15744,
-3194,3129,15822,
-2953,2805,15567,
-2989,2748,15590,
-2906,3010,15480,
-3033,3038,15578,
-2825,3159,15606,
-2848,3082,15621,
-2897,3164,15490,
-2838,3139,15434,
-2844,3152,15445,
-2820,3039,15389,
-2860,2985,15352,
-2877,2993,15182,
-2890,3017,15243,
-2829,3054,15234,
-2834,3085,15253,
-2819,3087,15260,
-2792,3007,15193,
-2846,3024,15184,
-2864,3026,15171,
-2875,3060,15180,
-2784,3111,15168,
-2876,3107,15178,
-2881,3131,15236,
-2900,3298,15353,
-2704,3116,15473,
-3218,3216,15660,
-2994,3111,15597,
-2851,3251,15543,
-3084,3140,15910,
-2889,3244,16036,
-3032,3184,16137,
-3086,3292,16181,
-2997,3240,16230,
-3112,3245,16210,
-3011,3314,16384,
-3184,3221,16412,
-3154,3327,16595,
-3117,3244,16660,
-3240,3259,16838,
-3241,3205,17053,
-3232,3146,17082,
-3278,3058,17170,
-3310,3022,17228,
-3273,2726,17099,
-3150,3305,17043,
-3252,3042,17140,
-3304,2721,17222,
-3445,2733,16857,
-3402,2598,16823,
-3221,2950,16650,
-3236,2894,16631,
-3209,2761,16631,
-3195,2970,16647,
-3226,2662,16600,
-3168,2689,16377,
-3018,2660,16312,
-3029,2619,16155,
-3007,2633,16102,
-3040,2701,16046,
-2990,2726,15984,
-2932,2744,16070,
-2935,2793,15875,
-2895,2790,15852,
-2821,2779,15670,
-2851,2796,15719,
-2834,2799,15724,
-2790,2975,15711,
-2842,2886,15665,
-2763,2824,15654,
-2827,2861,15689,
-2869,2848,15667,
-2699,2940,15648,
-2735,2877,15448,
-2772,2893,15357,
-2768,2858,15447,
-2700,2923,15304,
-2757,2933,15272,
-2739,2920,15327,
-2833,2830,15242,
-2793,2870,15305,
-2814,2859,15363,
-2864,2753,15319,
-2880,2832,15394,
-2943,2818,15419,
-2884,2826,15522,
-3012,2785,15518,
-3011,2783,15644,
-3019,2790,15718,
-3073,2771,15816,
-3085,2788,15947,
-3097,2789,15971,
-3127,2806,16039,
-3168,2789,16084,
-3191,2833,16041,
-3133,2841,16113,
-3173,2834,16133,
-3164,2862,16152,
-3167,2893,16199,
-3174,2988,16156,
-3159,3009,16148,
-3134,2986,16124,
-3106,2942,16067,
-3095,3001,16068,
-3121,2976,16030,
-3089,2920,15995,
-3054,2910,15936,
-3062,2919,15876,
-3010,2964,15766,
-2916,2994,15652,
-2933,2991,15592,
-3015,2915,15518,
-2868,2963,15440,
-2772,2999,15291,
-2895,2991,15262,
-2812,2994,15156,
-2799,2911,15068,
-2790,2913,15173,
-2648,2998,15110,
-2843,2879,15058,
-2723,2894,15134,
-2637,2864,15012,
-2731,2896,15113,
-2599,3007,15117,
-2739,2917,15064,
-2561,2913,15059,
-2674,2907,15044,
-2646,2940,15056,
-2596,2974,15063,
-2669,2583,15537,
-2823,2794,15197,
-2691,2877,15116,
-2593,2692,15273,
-2614,2800,15355,
-2595,2766,15411,
-2613,3104,15403,
-2710,2893,15519,
-2779,2820,15695,
-2887,2968,15783,
-3066,3100,15992,
-3094,3207,16282,
-3116,3227,16516,
-3182,2821,16674,
-3007,3880,16646,
-3253,3530,17385,
-3145,2678,17381,
-3234,2921,17179,
-3924,2883,17352,
-3300,3317,16992,
-3445,3237,17379,
-3629,3303,17628,
-3468,3057,17269,
-3702,3026,17391,
-3685,2770,17323,
-3442,3016,16842,
-3314,3298,17197,
-3309,3175,16954,
-3658,2905,16885,
-3427,2984,16481,
-3244,2912,16557,
-3457,2969,16538,
-3372,2967,16572,
-3423,2792,16522,
-3474,2844,16359,
-3247,2846,16212,
-3182,2913,16223,
-3155,2959,15984,
-3178,2974,15901,
-3078,2901,15788,
-3001,2919,15607,
-3009,3006,15572,
-2925,3032,15556,
-2910,3061,15431,
-2832,3040,15400,
-2842,2980,15407,
-2858,2958,15418,
-2839,3010,15391,
-2862,3018,15335,
-2851,2990,15360,
-2836,2917,15357,
-2808,2959,15431,
-2868,2959,15504,
-2826,2960,15539,
-2917,2942,15517,
-2897,2952,15619,
-2911,2911,15647,
-2931,2863,15699,
-2993,2837,15789,
-3041,2786,15813,
-3001,2772,15876,
-3001,2749,15979,
-3048,2799,16086,
-3053,2741,16140,
-3100,2718,16174,
-3115,2704,16150,
-3131,2637,16119,
-3173,2612,16134,
-3148,2624,16110,
-3148,2552,16145,
-3192,2497,16218,
-3150,2538,16289,
-3197,2608,16375,
-3224,2565,16353,
-3197,2534,16362,
-3219,2572,16363,
-3197,2618,16304,
-3153,2692,16276,
-3144,2783,16291,
-3110,2859,16179,
-3093,2842,16097,
-3095,2833,16051,
-3140,2793,15958,
-3096,2800,15876,
-3028,2828,15876,
-3033,2853,15780,
-3004,2742,15754,
-2952,2793,15648,
-3003,2903,15585,
-2983,2939,15567,
-2915,2866,15492,
-2901,2879,15415,
-2999,2918,15383,
-2897,2962,15346,
-2918,2926,15315,
-2886,2976,15279,
-2886,3036,15241,
-2886,3111,15191,
-2893,3081,15141,
-2807,3118,15151,
-2871,3074,15127,
-2868,3101,15170,
-2904,3058,15076,
-2885,3055,15058,
-2907,3035,15024,
-2862,3062,15136,
-2907,3122,15198,
-2924,3194,15256,
-2941,3235,15337,
-2969,3182,15327,
-3083,3255,15460,
-2866,3309,15555,
-3068,3199,15637,
-3119,3287,15910,
-3061,3255,15961,
-3136,3242,15975,
-3154,3290,16065,
-3190,3262,16200,
-3182,3207,16194,
-3126,3194,16350,
-3266,3097,16424,
-3201,3133,16522,
-3182,3120,16439,
-3325,3051,16548,
-3268,3145,16620,
-3333,3159,16606,
-3285,3213,16707,
-3256,3077,16739,
-3337,3050,16721,
-3323,2984,16722,
-3290,2929,16826,
-3238,2925,16780,
-3271,2918,16771,
-3256,2914,16763,
-3256,2841,16699,
-3256,2860,16682,
-3241,2836,16601,
-3198,2778,16574,
-3195,2801,16517,
-3195,2791,16437,
-3148,2831,16393,
-3174,2839,16360,
-3055,2870,16287,
-3068,2839,16238,
-3067,2834,16185,
-2989,2875,16065,
-3016,2889,16007,
-3003,2864,16004,
-2912,2936,15870,
-2962,2949,15776,
-2890,2934,15767,
-2960,2868,15675,
-2909,2825,15681,
-2877,2839,15512,
-2853,2808,15476,
-2845,2737,15453,
-2805,2796,15401,
-2854,2794,15321,
-2871,2840,15284,
-2897,2851,15295,
-2846,2845,15354,
-2902,2847,15331,
-2947,2848,15365,
-3027,2802,15425,
-2982,2852,15515,
-3040,2806,15722,
-3099,2805,15780,
-3123,2777,15855,
-3112,2794,15873,
-3170,2750,15913,
-3182,2742,15958,
-3181,2720,15951,
-3144,2769,16008,
-3172,2739,15987,
-3184,2718,15992,
-3231,2706,15990,
-3197,2673,16006,
-3204,2623,16005,
-3225,2634,15996,
-3201,2643,16009,
-3183,2611,15954,
-3152,2658,15969,
-3126,2630,15904,
-3061,2682,15935,
-3064,2729,15968,
-3089,2691,16039,
-3135,2615,16215,
-3122,2760,15623,
-2762,2976,15674,
-3006,2824,15926,
-2967,2865,15801,
-2945,2744,15720,
-3066,2726,15744,
-3070,2717,15826,
-2913,2914,15442,
-2907,2892,15460,
-3013,2900,15604,
-2855,3180,15665,
-2815,3191,15603,
-2871,3186,15755,
-2903,3208,15674,
-2960,3045,15612,
-2884,3069,15670,
-2847,3127,15591,
-2923,3152,15593,
-2888,3159,15586,
-2960,3046,15527,
-2939,2990,15436,
-2936,2948,15396,
-2938,2980,15324,
-2868,2985,15281,
-2918,2971,15242,
-2944,2959,15244,
-2969,2969,15263,
-2984,3018,15302,
-2940,3048,15356,
-3006,3078,15384,
-3048,2971,15297,
-2868,3061,15323,
-2991,3054,15554,
-3076,3057,15850,
-3009,3099,15918,
-2982,3076,15931,
-3126,2939,16234,
-3049,3072,16144,
-3141,3046,16289,
-3018,3152,16360,
-3070,3087,16417,
-3028,3143,16490,
-3142,3091,16613,
-3135,3136,16697,
-3189,3037,16665,
-3131,3065,16730,
-3179,2930,16766,
-3150,3046,16846,
-3173,3017,16907,
-3108,2825,16776,
-3235,2928,16895,
-3155,2833,16838,
-3238,2706,16814,
-3183,2702,17006,
-3177,2823,16955,
-3187,2689,16878,
-3213,2646,16800,
-3196,2583,16604,
-3144,2622,16508,
-3177,2639,16407,
-3050,2659,16336,
-3031,2703,16268,
-3064,2718,16153,
-3079,2709,16123,
-3011,2714,16013,
-2966,2672,15964,
-2974,2672,15823,
-2992,2731,15816,
-2899,2652,15726,
-2882,2744,15664,
-2959,2760,15523,
-2798,2840,15552,
-2862,2852,15517,
-2825,2900,15550,
-2955,2848,15504,
-2815,2862,15424,
-2883,2787,15381,
-2878,2838,15528,
-2856,2901,15486,
-2863,2882,15565,
-2814,2901,15483,
-2877,2872,15497,
-2875,2911,15446,
-2943,2910,15513,
-2896,2881,15600,
-2934,2903,15588,
-2953,2880,15644,
-3023,2860,15690,
-3039,2887,15818,
-3017,2918,15876,
-3046,2947,15907,
-3136,2921,15949,
-3169,2891,16073,
-3182,2876,16117,
-3163,2907,16224,
-3249,2878,16260,
-3274,2819,16319,
-3261,2748,16338,
-3210,2796,16393,
-3243,2828,16416,
-3196,2840,16345,
-3193,2871,16214,
-3163,2826,16098,
-3183,2802,16010,
-3138,2818,15974,
-3104,2858,15915,
-3067,2933,15772,
-3051,2915,15675,
-3084,2860,15623,
-3075,2851,15606,
-3033,2851,15612,
-3023,2877,15619,
-3012,2883,15602,
-2967,2915,15592,
-2930,2957,15536,
-2888,2983,15446,
-2865,2973,15446,
-2838,2994,15400,
-2810,2943,15398,
-2827,2967,15352,
-2770,2995,15360,
-2720,2995,15377,
-2728,3019,15336,
-2693,3032,15286,
-2729,3048,15270,
-2740,3058,15254,
-2754,3005,15217,
-2768,3006,15137,
-2745,3033,15195,
-2815,3053,15171,
-2835,2982,15278,
-2839,3055,15377,
-2838,3067,15561,
-2881,3155,15637,
-2930,2897,15665,
-3102,2997,15814,
-2974,2996,15779,
-2974,2945,15863,
-3037,3059,16007,
-3003,3086,16095,
-2968,3147,16091,
-3047,3122,16167,
-3075,3126,16193,
-3028,3077,16265,
-3031,3037,16326,
-3117,3031,16419,
-3118,3069,16556,
-3147,2978,16661,
-3205,2961,16671,
-3234,2838,16763,
-3255,2862,16827,
-3274,2804,16790,
-3239,2776,16760,
-3270,2770,16825,
-3207,2741,16873,
-3262,2730,16924,
-3249,2732,16885,
-3244,2717,16819,
-3229,2734,16670,
-3201,2779,16601,
-3192,2726,16557,
