-1170,5758,14969,
-956,5824,15179,
-977,6111,15206,
-1089,5511,15353,
-1032,5542,15559,
-1220,5659,15143,
-1061,5444,15354,
-977,5779,15200,
-1061,5659,15361,
-964,5734,15321,
-1068,5821,15133,
-1090,5597,15169,
-1073,5580,15152,
-1053,5650,15397,
-1130,5451,15364,
-1175,5691,15568,
-1170,5763,15671,
-1016,5722,15760,
-1025,6027,15766,
-1025,5815,15837,
-1134,5616,15882,
-1153,5718,15837,
-1103,5764,15849,
-1059,5787,15990,
-1103,5755,16058,
-1066,5763,15855,
-992,5746,16025,
-986,5755,16035,
-1167,5781,16084,
-1001,5693,15940,
-1151,5677,16068,
-1139,5738,15914,
-1116,5634,15920,
-1158,5707,15856,
-1117,5664,15739,
-1114,5674,15657,
-1162,5667,15569,
-1162,5658,15433,
-1200,5708,15326,
-1171,5630,15310,
-1101,5371,15350,
-1212,5840,15306,
-1209,5538,15342,
-962,5852,15537,
-1075,5758,15508,
-1207,5359,15093,
-1122,5403,15327,
-1110,5647,15503,
-1138,5740,15336,
-1198,5753,15265,
-1140,5666,15191,
-1093,5808,15269,
-1077,5738,15130,
-1234,5486,15268,
-1136,5642,15142,
-1037,5860,15165,
-1030,5827,15211,
-1069,5696,15143,
-1078,5608,15120,
-1042,5778,15083,
-1101,5836,15190,
-1061,5771,15174,
-1078,5769,15163,
-1154,5721,15208,
-1085,5804,15199,
-1120,5911,15220,
-1156,5876,15145,
-1003,5859,15247,
-1212,5864,15222,
-1098,5727,15170,
-1136,5853,15180,
-1117,5946,15257,
-1137,5819,15352,
-1162,5848,15327,
-1235,5877,15323,
-1157,5836,15359,
-1220,5747,15371,
-1189,5685,15369,
-1226,5673,15452,
-1118,5702,15350,
-1236,5719,15408,
-1235,5688,15336,
-1175,5686,15295,
-1204,5666,15293,
-1179,5617,15287,
-1156,5603,15328,
-1126,5649,15314,
-1089,5609,15332,
-1082,5627,15383,
-1083,5642,15293,
-1039,5676,15342,
-1140,5688,15278,
-1041,5611,15233,
-1082,5648,15160,
-1044,5769,15026,
-1057,5647,14957,
-981,5562,14983,
-1051,5690,14941,
-1028,5687,14985,
-1018,5735,14959,
-1051,5665,15047,
-995,5659,15156,
-907,5641,15119,
-1081,5741,15073,
-1012,5710,14987,
-1082,5675,14963,
-1051,5663,14971,
-1032,5782,15050,
-987,5859,15000,
-1065,5869,15119,
-1106,5696,14990,
-1134,5720,15072,
-1070,5752,15155,
-998,5831,15207,
-1137,5787,15270,
-1172,5788,15301,
-1211,5775,15282,
-1131,5710,15336,
-1228,6015,15428,
-1098,6013,15387,
-1086,6101,15707,
-1307,5789,15490,
-1329,5512,15275,
-1347,5965,15428,
-1257,6124,15541,
-1291,5973,15622,
-1348,5893,15610,
-1310,6026,15689,
-1393,6092,15736,
-1360,6021,15558,
-1390,6051,15447,
-1309,5964,15612,
-1401,6014,15633,
-1371,5709,15626,
-1327,5774,15588,
-1264,5917,15532,
-1220,5934,15598,
-1281,5788,15547,
-1368,5618,15473,
-1230,5721,15404,
-1213,5742,15503,
-1185,5794,15708,
-1367,5600,15647,
-1076,5485,15614,
-1270,5643,15757,
-1120,5751,15793,
-1156,5661,15922,
-1096,5826,15990,
-1251,5708,15727,
-1105,5735,16059,
-1099,5912,15655,
-1063,5523,15444,
-762,5237,15374,
-1499,5176,15369,
-817,5602,15719,
-1080,6018,15151,
-1169,5474,15060,
-942,5409,15275,
-1117,5764,14879,
-1337,5782,15098,
-1293,5816,15443,
-1188,5758,15461,
-1301,5973,15235,
-1130,5601,15238,
-1164,5706,14937,
-1146,5646,15174,
-1107,5704,15143,
-1248,5732,15187,
-1144,5809,15167,
-1155,5785,15194,
-1238,5775,15170,
-1230,5777,15158,
-1159,5776,15122,
-1225,5724,15126,
-1194,5698,15112,
-1199,5715,15182,
-1232,5726,15174,
-1261,5510,15271,
-1132,6110,15384,
-1304,5756,15174,
-1219,5584,15255,
-1168,5881,15256,
-1246,5982,15652,
-1278,5577,15475,
-1595,5701,15451,
-1052,5989,15763,
-1415,5626,15578,
-1227,5607,15551,
-1351,5771,15710,
-1443,5630,15727,
-1482,5679,15850,
-1195,5419,15853,
-1337,5749,15933,
-1339,5766,15819,
-1334,5460,16003,
-1356,5627,15952,
-1353,5671,16012,
-1351,5651,16019,
-1338,5601,16010,
-1364,5596,15979,
-1367,5649,15964,
-1323,5626,15969,
-1345,5527,15959,
-1327,5459,15971,
-1331,5456,15894,
-1304,5459,15857,
-1232,5402,15808,
-1222,5356,15745,
-1227,5356,15720,
-1258,5439,15558,
-1210,5461,15480,
-1219,5463,15435,
-1263,5521,15436,
-1274,5523,15423,
-1224,5536,15464,
-1201,5540,15424,
-1270,5607,15441,
-1195,5635,15395,
-1268,5697,15428,
-1253,5706,15333,
-1254,5710,15301,
-1181,5698,15289,
-1292,5717,15239,
-1223,5731,15198,
-1291,5718,15296,
-1203,5682,15274,
-1195,5785,15304,
-1232,5895,15233,
-1280,5841,15308,
-1060,5813,15323,
-1427,5824,15297,
-1237,5748,15242,
-1257,5779,15133,
-1241,5769,15198,
-1262,5693,15182,
-1269,5665,15170,
-1300,5764,15156,
-1331,5714,15126,
-1290,5695,15140,
-1337,5708,15176,
-1297,5685,15070,
-1292,5599,15113,
-1329,5588,15199,
-1317,5608,15142,
-1298,5673,15219,
-1325,5642,15223,
-1305,5795,15198,
-1265,5441,15187,
-1385,5819,15228,
-1503,5477,15019,
-1123,5672,15262,
-1385,5746,15267,
-1231,5411,15291,
-1152,5482,15369,
-1299,5700,15296,
-1181,5807,15367,
-1315,5560,15278,
-1259,5686,15448,
-1122,5463,15290,
-1326,5869,15434,
-1270,5992,14804,
-1321,6055,15983,
-1348,6057,15662,
-1328,5857,15416,
-1147,5853,15046,
-1263,6028,14481,
-1221,5869,14516,
-1153,6007,15056,
-1156,5806,14760,
-1278,5805,14731,
-1251,5873,15266,
-1295,5669,15068,
-1142,5744,15018,
-1308,5763,15230,
-1296,5813,15053,
-1265,5667,15154,
-1203,5783,14935,
-1188,5900,15095,
-1260,5901,15117,
-1210,5682,15129,
-1259,5531,15159,
-1324,5625,15102,
-1278,5646,15075,
-1216,5651,15086,
-1193,5646,15105,
-1267,5575,15106,
-1282,5554,15106,
-1221,5601,15098,
-1156,5667,15150,
-1150,5725,15200,
-1218,5658,15119,
-1252,5594,15054,
-1149,5512,15301,
-1197,5755,15184,
-1196,5805,15364,
-1172,5786,15335,
-1252,5723,15492,
-1288,5721,15424,
-1246,5703,15480,
-1266,5603,15650,
-1291,5621,15773,
-1165,5474,15699,
-1362,5758,15754,
-1263,5581,15816,
-1229,5579,15811,
-1266,5563,15991,
-1260,5429,15952,
-1265,5368,15954,
-1239,5400,16015,
-1280,5561,16001,
-1207,5397,16039,
-1324,5492,16052,
-1263,5467,16068,
-1261,5585,16008,
-1328,5484,16140,
-1213,5566,16156,
-1271,5492,16023,
-1275,5373,16127,
-1361,5489,16100,
-1281,5399,16136,
-1244,5581,16046,
-1194,5610,15974,
-1264,5598,15797,
-1266,5418,15625,
-1245,5326,15469,
-1313,5404,15588,
-1294,5439,15436,
-1352,5379,15450,
-1221,5569,15211,
-1178,5630,15304,
-1142,5543,15280,
-1198,5418,15233,
-1239,5343,15095,
-1306,5614,15199,
-1067,5510,15007,
-1245,5761,15035,
-1174,5587,14855,
-1262,5645,14809,
-1255,5735,14813,
-1230,5695,14856,
-1376,5626,14805,
-1355,5646,15022,
-1389,5793,15068,
-1327,5802,15212,
-1362,5818,15233,
-1352,5886,15220,
-1343,5871,15291,
-1377,5832,15306,
-1395,5874,15313,
-1395,5951,15283,
-1366,5890,15357,
-1377,5879,15444,
-1389,5882,15437,
-1341,5847,15429,
-1353,5763,15424,
-1320,5791,15432,
-1301,5769,15370,
-1295,5770,15366,
-1347,5730,15357,
-1326,5726,15334,
-1330,5782,15421,
-1320,5797,15415,
-1286,5708,15408,
-1171,5820,15390,
-1384,5814,15224,
-1330,5494,15121,
-1232,5748,15184,
-1168,5730,15310,
-1613,4834,14459,
-982,6118,15523,
-858,6226,15646,
-1208,5297,14998,
-1358,5258,14688,
-1301,5472,14898,
-1217,5316,14951,
-1146,5642,15145,
-1086,5653,15119,
-1181,5608,15059,
-1155,5623,14847,
-1185,5579,15061,
-1086,5643,15213,
-1165,5560,15041,
-1200,5554,15038,
-1194,5714,14989,
-1135,5745,15081,
-1107,5700,15096,
-1184,5648,15026,
-1145,5666,15023,
-1162,5701,15090,
-1158,5608,15123,
-1250,5576,15130,
-1251,5572,15195,
-1278,5562,15239,
-1310,5661,15250,
-1262,5764,15440,
-1241,5766,15445,
-1352,5695,15504,
-1248,5668,15572,
-1281,5654,15623,
-1318,5668,15621,
-1342,5644,15701,
-1219,5676,15741,
-1335,5600,15770,
-1330,5618,15784,
-1251,5615,15798,
-1322,5605,15864,
-1310,5617,15815,
-1377,5591,15835,
-1304,5575,15859,
-1285,5514,15818,
-1318,5536,15847,
-1279,5581,15774,
-1336,5577,15769,
-1272,5540,15716,
-1278,5543,15708,
-1304,5494,15664,
-1261,5484,15681,
-1298,5512,15670,
-1294,5466,15607,
-1273,5460,15600,
-1231,5471,15542,
-1250,5450,15530,
-1295,5456,15514,
-1241,5501,15490,
-1273,5497,15460,
-1258,5437,15481,
-1258,5432,15375,
-1234,5462,15335,
-1213,5474,15247,
-1205,5494,15339,
-1182,5489,15324,
-1197,5527,15277,
-1218,5526,15208,
-1249,5480,15175,
-1199,5469,15127,
-1232,5486,15179,
-1233,5523,15178,
-1260,5515,15168,
-1219,5516,15220,
-1263,5517,15208,
-1241,5515,15243,
-1295,5603,15252,
-1325,5598,15283,
-1302,5591,15312,
-1284,5582,15342,
-1316,5584,15358,
-1296,5572,15334,
-1337,5627,15361,
-1322,5594,15400,
-1340,5625,15321,
-1377,5622,15346,
-1367,5637,15353,
-1361,5686,15386,
-1399,5698,15379,
-1403,5681,15435,
-1378,5650,15508,
-1379,5627,15552,
-1375,5687,15522,
-1366,5647,15456,
-1363,5627,15384,
-1380,5567,15336,
-1365,5608,15291,
-1391,5612,15253,
-1385,5609,15326,
-1307,5599,15303,
-1350,5602,15265,
-1364,5641,15287,
-1408,5605,15274,
-1337,5584,15354,
-1346,5601,15435,
-1314,5706,15462,
-1369,5643,15469,
-1335,5711,15468,
-1309,5619,15467,
-1274,5653,15458,
-1245,5636,15394,
-1300,5660,15362,
-1275,5660,15383,
-1240,5662,15347,
-1268,5661,15349,
-1289,5661,15374,
-1241,5594,15381,
-1224,5582,15379,
-1228,5623,15385,
-1225,5576,15392,
-1197,5597,15327,
-1246,5505,15257,
-1320,5446,15341,
-1308,5432,15402,
-1177,5569,15442,
-1243,5533,15427,
-1246,5480,15432,
-1276,5432,15458,
-1268,5444,15437,
-1306,5441,15400,
-1273,5433,15490,
-1257,5432,15458,
-1231,5425,15511,
-1278,5471,15569,
-1278,5502,15526,
-1287,5487,15580,
-1261,5644,15562,
-1179,5772,15540,
-1505,5565,15470,
-1366,5262,15309,
-1229,5772,15473,
-1264,5700,15551,
-1348,5484,15433,
-1250,5629,15488,
-1234,5672,15366,
-1241,5563,15417,
-1350,5532,15328,
-1288,5512,15405,
-1260,5535,15371,
-1310,5579,15357,
-1257,5648,15291,
-1266,5606,15321,
-1263,5650,15368,
-1307,5644,15286,
-1306,5627,15319,
-1336,5658,15329,
-1333,5621,15309,
-1332,5630,15340,
-1343,5638,15314,
-1281,5632,15336,
-1338,5591,15423,
-1322,5604,15510,
-1316,5583,15453,
-1271,5571,15463,
-1320,5595,15431,
-1293,5635,15403,
-1297,5633,15427,
-1287,5641,15490,
-1239,5611,15467,
-1254,5621,15441,
-1280,5589,15432,
-1306,5536,15436,
-1278,5498,15408,
-1263,5561,15376,
-1271,5589,15349,
-1256,5563,15290,
-1285,5544,15279,
-1242,5495,15343,
-1296,5518,15386,
-1243,5549,15416,
-1258,5518,15434,
-1273,5548,15451,
-1255,5542,15396,
-1299,5596,15358,
-1279,5564,15383,
-1277,5592,15374,
-1305,5595,15372,
-1295,5637,15397,
-1262,5624,15361,
-1299,5600,15385,
-1315,5616,15366,
-1309,5692,15373,
-1363,5709,15319,
-1294,5660,15364,
-1314,5657,15346,
-1296,5642,15379,
-1295,5701,15364,
-1325,5660,15372,
-1349,5634,15367,
-1348,5634,15360,
-1357,5632,15437,
-1355,5652,15441,
-1301,5718,15475,
-1354,5710,15380,
-1356,5702,15435,
-1364,5687,15360,
-1336,5621,15323,
-1344,5603,15317,
-1317,5621,15336,
-1285,5585,15270,
-1334,5603,15300,
-1327,5610,15306,
-1352,5613,15306,
-1342,5623,15359,
-1355,5590,15383,
-1313,5607,15393,
-1353,5540,15395,
-1313,5545,15454,
-1284,5537,15450,
-1316,5607,15510,
-1335,5619,15526,
-1328,5551,15486,
-1302,5514,15487,
-1313,5489,15423,
-1301,5562,15441,
-1318,5542,15469,
-1309,5538,15384,
-1310,5501,15356,
-1261,5481,15306,
-1255,5442,15380,
-1258,5579,15375,
-1252,5582,15375,
-1280,5582,15433,
-1254,5536,15487,
-1251,5562,15493,
-1241,5593,15478,
-1213,5594,15466,
-1213,5569,15472,
-1246,5511,15473,
-1210,5535,15480,
-1229,5513,15468,
-1268,5586,15521,
-1211,5556,15489,
-1253,5546,15476,
-1248,5485,15467,
-1305,5470,15488,
-1236,5467,15564,
-1246,5503,15505,
-1241,5518,15514,
-1266,5531,15507,
-1312,5523,15505,
-1309,5609,15447,
-1303,5630,15466,
-1312,5548,15389,
-1356,5499,15393,
-1342,5514,15360,
-1306,5550,15308,
-1260,5504,15346,
-1324,5517,15362,
-1269,5526,15398,
-1316,5553,15406,
-1322,5577,15395,
-1300,5550,15410,
-1333,5578,15401,
-1333,5584,15325,
-1282,5627,15341,
-1336,5578,15361,
-1302,5590,15392,
-1334,5595,15440,
-1312,5608,15379,
-1309,5619,15291,
-1258,5579,15308,
-1269,5579,15318,
-1268,5657,15311,
-1254,5606,15343,
-1253,5635,15312,
-1280,5610,15334,
-1268,5626,15327,
-1225,5658,15338,
-1322,5629,15367,
-1265,5683,15340,
-1269,5679,15455,
-1306,5626,15492,
-1283,5632,15448,
-1278,5608,15421,
-1235,5637,15451,
-1279,5617,15370,
-1330,5570,15385,
-1292,5572,15422,
-1319,5544,15459,
-1296,5540,15469,
-1300,5575,15462,
-1345,5555,15505,
-1317,5539,15522,
-1302,5535,15592,
-1340,5505,15554,
-1336,5541,15548,
-1321,5509,15522,
-1293,5524,15471,
-1295,5534,15402,
-1278,5471,15389,
-1288,5521,15374,
-1258,5485,15397,
-1271,5489,15358,
-1266,5493,15385,
-1259,5538,15381,
-1250,5534,15414,
-1305,5579,15411,
-1274,5609,15394,
-1257,5617,15420,
-1229,5631,15429,
-1291,5689,15398,
-1314,5730,15415,
-1291,5720,15426,
-1296,5689,15389,
-1326,5658,15378,
-1291,5632,15395,
-1295,5588,15415,
-1291,5665,15406,
-1338,5651,15403,
-1308,5689,15389,
-1305,5688,15358,
-1310,5683,15360,
-1310,5660,15363,
-1313,5637,15390,
-1309,5650,15376,
-1352,5640,15416,
-1262,5653,15324,
-1325,5661,15300,
-1335,5633,15285,
-1293,5603,15307,
-1303,5604,15266,
-1306,5579,15313,
-1277,5620,15242,
-1291,5606,15243,
-1265,5564,15294,
-1257,5597,15294,
-1301,5631,15360,
-1267,5632,15449,
-1278,5632,15462,
-1302,5667,15487,
-1283,5674,15508,
-1300,5627,15479,
-1299,5589,15549,
-1291,5557,15530,
-1239,5557,15576,
-1241,5482,15449,
-1257,5458,15399,
-1256,5439,15331,
-1277,5478,15321,
-1270,5443,15309,
-1191,5478,15301,
-1270,5485,15281,
-1295,5480,15390,
-1238,5491,15377,
-1274,5495,15442,
-1272,5536,15432,
-1285,5618,15469,
-1293,5620,15446,
-1308,5645,15458,
-1291,5602,15484,
-1248,5668,15490,
-1271,5678,15434,
-1289,5763,15472,
-1285,5663,15463,
-1228,5668,15508,
-1246,5697,15494,
-1246,5725,15446,
-1266,5672,15481,
-1250,5641,15430,
-1267,5690,15441,
-1270,5673,15458,
-1308,5663,15352,
-1246,5604,15324,
-1297,5631,15362,
-1287,5565,15388,
-1302,5603,15359,
-1346,5599,15334,
-1351,5586,15365,
-1323,5571,15292,
-1324,5534,15315,
-1315,5580,15271,
-1292,5520,15314,
-1345,5546,15340,
-1265,5506,15362,
-1288,5542,15327,
-1264,5596,15334,
-1296,5585,15306,
-1273,5557,15324,
-1295,5580,15313,
-1262,5561,15291,
-1271,5522,15290,
-1229,5516,15306,
-1249,5539,15325,
-1232,5556,15305,
-1242,5601,15257,
-1248,5622,15249,
-1247,5607,15312,
-1233,5558,15346,
-1176,5583,15266,
-1246,5561,15304,
-1207,5626,15356,
-1259,5575,15385,
-1195,5639,15436,
-1279,5674,15424,
-1283,5633,15436,
-1300,5645,15392,
-1272,5591,15433,
-1306,5597,15424,
-1318,5607,15441,
-1311,5609,15481,
-1338,5544,15577,
-1290,5602,15676,
-1293,5610,15600,
-1308,5589,15597,
-1309,5593,15552,
-1287,5570,15565,
-1297,5595,15528,
-1332,5613,15565,
-1333,5619,15590,
-1316,5605,15580,
-1279,5542,15569,
-1286,5557,15555,
-1311,5508,15568,
-1310,5523,15542,
-1277,5595,15529,
-1286,5568,15518,
-1260,5580,15477,
-1239,5613,15430,
-1279,5609,15402,
-1285,5515,15392,
-1261,5502,15382,
-1281,5526,15454,
-1271,5581,15494,
-1253,5565,15450,
-1281,5512,15450,
-1280,5548,15392,
-1266,5575,15433,
-1249,5562,15438,
-1239,5582,15392,
-1257,5561,15395,
-1234,5577,15353,
-1276,5530,15346,
-1258,5535,15300,
-1269,5576,15313,
-1307,5625,15241,
-1295,5607,15180,
-1277,5539,15147,
-1255,5520,15081,
-1297,5511,15072,
-1253,5486,15173,
-1240,5529,15145,
-1286,5541,15214,
-1291,5554,15218,
-1272,5553,15264,
-1259,5566,15253,
-1264,5601,15297,
-1325,5657,15242,
-1341,5665,15288,
-1269,5672,15232,
-1295,5707,15297,
-1314,5728,15301,
-1331,5721,15360,
-1346,5688,15403,
-1328,5689,15534,
-1331,5674,15530,
-1356,5649,15621,
-1306,5679,15719,
-1313,5725,15743,
-1314,5722,15692,
-1312,5761,15556,
-1298,5680,15446,
-1290,5625,15289,
-1271,5572,15266,
-1301,5626,15317,
-1286,5623,15291,
-1296,5614,15403,
-1340,5711,15437,
-1246,5612,15466,
-1265,5279,15616,
-1010,5724,15488,
-1450,5657,15381,
-1332,5371,15243,
-1140,5697,15247,
-1256,5964,15433,
-1107,5629,15291,
-1202,5577,15275,
-1266,5627,15399,
-1074,5724,15420,
-1207,5612,15297,
-1123,5670,15368,
-1055,5620,15448,
-1063,5631,15521,
-1223,5582,15535,
-1309,5516,15569,
-1185,5511,15450,
-1244,5699,15475,
-1203,5593,15309,
-1191,5706,15495,
-1282,5829,15148,
-1476,5313,15336,
-1098,5524,15535,
-1251,5557,15450,
-1236,5515,15509,
-1301,5504,15480,
-1238,5508,15552,
-1270,5443,15524,
-1282,5433,15629,
-1247,5549,15665,
-1250,5612,15700,
-1296,5439,15621,
-1303,5474,15559,
-1376,5466,15539,
-1292,5661,15601,
-1182,5648,15615,
-1238,5562,15677,
-1408,5481,15608,
-1360,5616,15568,
-1202,5744,15710,
-1258,5895,15682,
-1282,5367,15490,
-1276,5540,15640,
-1465,5749,15510,
-1173,5694,15486,
-1131,6003,15379,
-1363,5716,15369,
-1224,5652,15332,
-1266,5751,15267,
-1272,5780,15146,
-1335,5541,15093,
-1281,5569,15200,
-1305,5698,15086,
-1195,5843,14974,
-1061,5672,15053,
-1351,5430,15234,
-1232,5541,14986,
-1254,5589,15102,
-1251,5595,15046,
-1279,5630,15066,
-1224,5579,15098,
-1227,5598,15121,
-1207,5550,15071,
-1199,5615,15110,
-1248,5598,15157,
-1325,5590,15174,
-1293,5550,15179,
-1277,5652,15287,
-1246,5674,15297,
-1290,5631,15354,
-1283,5635,15415,
-1296,5674,15477,
-1266,5701,15516,
-1350,5681,15498,
-1322,5657,15535,
-1293,5694,15585,
-1319,5725,15624,
-1333,5724,15622,
-1336,5727,15658,
-1294,5730,15725,
-1357,5751,15754,
-1304,5707,15740,
-1288,5678,15676,
-1291,5757,15625,
-1250,5737,15496,
-1288,5632,15412,
-1290,5635,15354,
-1323,5560,15241,
-1346,5616,15250,
-1310,5632,15165,
-1326,5734,15174,
-1269,5696,15175,
-1277,5659,15136,
-1266,5679,15074,
-1274,5608,15060,
-1277,5619,15079,
-1255,5602,15047,
-1272,5663,15028,
-1246,5661,15026,
-1221,5686,15058,
-1211,5662,15063,
-1224,5656,15120,
-1214,5644,15056,
-1244,5669,15107,
-1210,5713,15114,
-1185,5689,15250,
-1235,5781,15222,
-1200,5510,15230,
-1247,5779,15359,
-1269,5632,15363,
-1299,5664,15353,
-1228,5733,15415,
-1250,5724,15535,
-1290,5459,15662,
-1329,5275,15576,
-1312,5454,15546,
-1255,5521,15572,
-1207,5485,15686,
-1278,5383,15574,
-1281,5350,15610,
-1244,5420,15673,
-1269,5489,15725,
-1302,5401,15764,
-1381,5354,15895,
-1283,5508,15920,
-1284,5593,15905,
-1315,5596,15954,
-1303,5586,15882,
-1305,5642,15892,
-1303,5600,15819,
-1290,5585,15785,
-1281,5567,15715,
-1288,5600,15703,
-1236,5592,15689,
-1253,5614,15630,
-1238,5648,15632,
-1252,5620,15664,
-1246,5589,15562,
-1252,5618,15483,
-1224,5627,15374,
-1271,5591,15351,
-1267,5561,15350,
-1253,5572,15368,
-1320,5611,15381,
-1324,5597,15325,
-1352,5580,15343,
-1355,5555,15386,
-1393,5557,15378,
-1391,5615,15368,
-1305,5609,15446,
-1316,5649,15466,
-1382,5613,15358,
-1372,5614,15431,
-1304,5583,15449,
-1365,5592,15446,
-1388,5596,15426,
-1306,5600,15482,
-1321,5551,15422,
-1291,5540,15449,
-1298,5578,15423,
-1327,5566,15345,
-1277,5541,15238,
-1475,5934,15003,
-1025,5348,15157,
-1349,5504,15538,
-1507,4968,14898,
-1150,5563,14911,
-1194,5838,15123,
-1081,5398,15083,
-1205,5431,15086,
-1376,5572,15041,
-1127,5655,14826,
-1197,5684,14898,
-1200,5601,14921,
-1208,5565,14979,
-1272,5640,14937,
-1236,5744,14917,
-1230,5756,15115,
-1221,5625,15206,
-1267,5583,15252,
-1289,5594,15275,
-1291,5669,15362,
-1280,5665,15360,
-1248,5705,15460,
-1288,5738,15521,
-1287,5751,15495,
-1286,5711,15486,
-1350,5761,15487,
-1322,5772,15518,
-1321,5672,15552,
-1313,5689,15542,
-1325,5675,15573,
-1360,5697,15628,
-1314,5670,15620,
-1295,5679,15582,
-1328,5673,15552,
-1333,5719,15532,
-1378,5597,15522,
-1369,5636,15452,
-1344,5585,15436,
-1303,5637,15448,
-1326,5607,15366,
-1342,5549,15299,
-1268,5594,15246,
-1273,5554,15237,
-1274,5598,15173,
-1232,5559,15121,
-1224,5520,15122,
-1233,5584,15180,
-1228,5605,15205,
-1212,5526,15173,
-1192,5566,15125,
-1204,5548,15117,
-1176,5541,15067,
-1154,5578,15128,
-1164,5647,15116,
-1212,5609,15140,
-1169,5591,15272,
-1172,5664,15330,
-1151,5701,15365,
-1197,5739,15378,
-1208,5629,15349,
-1216,5604,15428,
-1219,5617,15471,
-1159,5619,15570,
-1155,5578,15658,
-1270,5538,15697,
-1232,5601,15796,
-1296,5593,15802,
-1242,5551,15863,
-1283,5571,15928,
-1306,5482,15933,
-1334,5535,16003,
-1303,5463,16030,
-1334,5475,16044,
-1319,5451,16054,
-1308,5459,15957,
-1330,5428,15906,
-1315,5436,15940,
-1306,5439,15841,
-1363,5410,15754,
-1331,5339,15784,
-1330,5479,15683,
-1337,5461,15608,
-1370,5537,15569,
-1316,5561,15545,
-1302,5556,15525,
-1328,5576,15527,
-1304,5586,15491,
-1343,5639,15494,
-1303,5671,15511,
-1347,5654,15472,
-1293,5717,15363,
-1308,5700,15330,
-1229,5650,15327,
-1218,5676,15278,
-1232,5685,15247,
-1241,5719,15256,
-1252,5742,15266,
-1253,5704,15229,
-1237,5745,15225,
-1223,5686,15183,
-1218,5608,15180,
-1212,5572,15160,
-1205,5579,15123,
-1231,5572,15201,
-1247,5465,15141,
-1262,5515,15138,
-1246,5558,15141,
-1268,5527,15109,
-1266,5494,15055,
-1227,5466,15041,
-1229,5454,15084,
-1235,5443,15134,
-1226,5509,15111,
-1229,5522,15108,
-1241,5486,15128,
-1213,5464,15175,
-1242,5489,15165,
-1303,5538,15237,
-1299,5493,15225,
-1247,5522,15273,
-1268,5550,15335,
-1251,5609,15329,
-1262,5581,15383,
-1293,5608,15367,
-1265,5699,15390,
-1286,5704,15412,
-1325,5748,15426,
-1290,5775,15429,
-1281,5789,15412,
-1295,5843,15370,
-1308,5824,15365,
-1327,5834,15349,
-1292,5778,15341,
-1331,5826,15359,
-1323,5851,15322,
-1333,5826,15341,
-1370,5844,15333,
-1337,5800,15374,
-1340,5739,15386,
-1369,5786,15380,
-1313,5736,15390,
-1327,5723,15353,
-1331,5696,15365,
-1354,5667,15317,
-1332,5647,15335,
-1340,5666,15294,
-1314,5639,15315,
-1322,5634,15248,
-1297,5648,15230,
-1261,5608,15235,
-1239,5583,15195,
-1250,5575,15172,
-1250,5559,15209,
-1222,5566,15192,
-1248,5585,15241,
-1193,5625,15142,
-1187,5600,15175,
-1255,5562,15233,
-1230,5509,15197,
-1197,5516,15241,
-1238,5479,15238,
-1241,5463,15141,
-1197,5571,15316,
-1191,5498,15423,
-1173,5536,15473,
-1158,5522,15453,
-1184,5564,15490,
-1173,5531,15495,
-1229,5523,15525,
-1157,5468,15627,
-1194,5466,15679,
-1239,5546,15673,
-1179,5456,15752,
-1268,5459,15850,
-1276,5464,15911,
-1228,5400,16001,
-1279,5461,16070,
-1268,5443,16094,
-1239,5494,16123,
-1308,5505,16071,
-1282,5532,16045,
-1281,5495,16012,
-1245,5513,16033,
-1276,5505,15972,
-1293,5555,15909,
-1288,5465,15887,
-1231,5478,15811,
-1295,5530,15805,
-1314,5560,15686,
-1298,5547,15632,
-1279,5578,15620,
-1348,5593,15588,
-1378,5571,15575,
-1253,5607,15495,
-1338,5613,15496,
-1351,5628,15353,
-1346,5568,15356,
-1318,5541,15295,
-1361,5541,15315,
-1301,5628,15253,
-1300,5618,15233,
-1357,5622,15181,
-1329,5691,15226,
-1319,5731,15192,
-1283,5673,15133,
-1363,5650,15120,
-1322,5694,15068,
-1322,5801,15181,
-1372,5721,15162,
-1307,5808,15137,
-1329,5830,15211,
-1322,5784,15085,
-1317,5830,15200,
-1255,5808,15181,
-1260,5807,15180,
-1207,5748,15204,
-1266,5779,15176,
-1214,5778,15169,
-1254,5740,15145,
-1211,5711,15151,
-1202,5679,15154,
-1170,5650,15188,
-1216,5671,15234,
-1219,5627,15256,
-1227,5596,15248,
-1253,5610,15227,
-1215,5559,15297,
-1228,5528,15297,
-1201,5519,15375,
-1206,5522,15358,
-1247,5582,15369,
-1232,5555,15344,
-1215,5550,15354,
-1244,5562,15387,
-1238,5617,15436,
-1269,5562,15481,
-1215,5483,15675,
-1330,5787,15571,
-1238,5785,15581,
-1270,5729,15537,
-1293,5600,15388,
-1238,5751,15307,
-1222,5775,15321,
-1290,5813,15336,
-1225,5749,15332,
-1246,5716,15372,
-1210,5822,15338,
-1252,5827,15273,
-1238,5799,15202,
-1232,5787,15147,
-1239,5812,15129,
-1238,5791,15091,
-1222,5795,15084,
-1257,5773,14980,
-1231,5760,14916,
-1238,5765,14962,
-1227,5777,14957,
-1271,5756,14951,
-1253,5765,14929,
-1242,5749,14876,
-1218,5772,14887,
-1200,5748,14864,
-1198,5754,14910,
-1242,5784,14973,
-1250,5787,14952,
-1208,5740,14990,
-1207,5736,15048,
-1257,5741,15043,
-1189,5778,15113,
-1206,5774,15148,
-1220,5772,15162,
-1242,5642,15227,
-1191,5638,15252,
-1225,5716,15218,
-1240,5643,15271,
-1192,5558,15387,
-1216,5633,15472,
-1242,5626,15457,
-1227,5664,15535,
-1192,5555,15624,
-1350,5523,15648,
-1116,5433,15754,
-1205,5470,15684,
-1258,5496,15761,
-1190,5521,15788,
-1231,5471,15952,
-1354,5362,16040,
-1260,5484,16054,
-1300,5438,16093,
-1297,5494,16140,
-1306,5523,16162,
-1299,5471,16200,
-1346,5490,16248,
-1285,5538,16154,
-1322,5579,16094,
-1326,5527,16087,
-1313,5515,16042,
-1311,5518,16098,
-1305,5580,16076,
-1335,5566,15966,
-1293,5622,15890,
-1349,5538,15869,
-1297,5504,15672,
-1309,5550,15661,
-1256,5531,15578,
-1280,5594,15577,
-1213,5639,15498,
-1277,5645,15457,
-1248,5658,15395,
-1272,5691,15284,
-1212,5710,15225,
-1197,5635,15104,
-1208,5684,15090,
-1319,5611,15039,
-1268,5687,15041,
-1245,5770,14986,
-1251,5788,14999,
-1383,5738,15113,
-1302,5701,15135,
-1250,5738,15180,
-1355,5812,15276,
-1225,5635,15200,
-1274,5603,15310,
-1381,5627,15190,
-1133,5644,15014,
-1174,5723,14976,
-1118,5677,14782,
-1051,5513,14726,
-933,5525,14600,
-956,5544,14599,
-911,5535,14546,
-760,5527,14469,
-857,5656,14529,
-833,5569,14539,
-810,5530,14586,
-764,5495,14588,
-761,5528,14509,
-770,5613,14402,
-820,5616,14359,
-829,5617,14509,
-847,5679,14561,
-970,5705,14603,
-940,5648,14632,
-1063,5615,14724,
-1082,5616,14683,
-1134,5687,14966,
-1112,5671,15270,
-1375,5577,15490,
-1284,5363,15843,
-1464,5685,16229,
-1390,5761,16322,
-1526,5666,16562,
-1682,5782,16590,
-1738,5804,16577,
-1694,5786,16734,
-1830,5829,16844,
-1871,5621,16716,
-1900,5561,16855,
-1878,5692,16751,
-1979,5641,16782,
-1876,5661,16732,
-1909,5711,16701,
-1896,5737,16704,
-1777,5708,16562,
-1911,5760,16589,
-1820,5797,16570,
-1711,5827,16466,
-1702,5849,16445,
-1646,5854,16236,
-1609,5840,16188,
-1597,5880,15971,
-1481,5876,15868,
-1497,5938,15737,
-1374,5868,15547,
-1427,5889,15386,
-1264,5833,15358,
-1148,5917,15279,
-1203,5880,14995,
-1220,5562,14924,
-769,5711,14883,
-1033,6207,14934,
-1034,5727,14518,
-951,5878,14650,
-984,6037,14701,
-1001,5813,14728,
-947,5864,14697,
-882,5927,14628,
-938,5850,14776,
-824,5960,14621,
-1298,6437,13171,
-1085,6899,11930,
-378,7353,14736,
-2657,7542,13053,
-162,5504,13732,
-423,5258,14761,
-1144,5883,13873,
-1684,7764,14690,
-1154,3662,14388,
-2144,5864,12296,
1163,8041,13995,
-3772,6156,15579,
-1332,6349,12857,
-1436,6152,12165,
589,3688,14157,
-1374,3292,15676,
-1564,5292,13257,
-1794,5300,14989,
-1931,5518,14795,
-1947,5291,15216,
-948,5524,14692,
-1539,5762,15177,
-2107,5698,15558,
-1126,5725,14275,
-1795,6332,15031,
-1008,6362,15539,
-2286,5663,15124,
-1262,4800,15623,
-2173,6100,15843,
-2257,5588,16308,
-2767,6208,15997,
-2331,2489,14329,
2215,9017,12900,
8969,-18710,9146,
-3912,2828,19132,
-409,5379,16436,
-1440,5320,17271,
-2763,3841,14998,
-2262,5644,15946,
-1558,4680,16610,
-1041,6655,16897,
-2163,5303,14991,
-929,6971,16098,
-1631,6373,18004,
-1479,6330,15949,
-1694,5026,15944,
-2650,7340,16504,
-2505,7646,16170,
-1904,5999,14420,
-1955,6982,14919,
-1683,7858,15251,
-2100,7679,15293,
-1851,7542,14970,
-2278,7197,14929,
-1990,7650,14958,
-3269,10851,16033,
-1661,9586,13409,
-817,6852,16552,
-2107,9271,14993,
-2282,7771,14283,
-2194,7993,13775,
-2186,7848,14512,
-2270,7619,14790,
-2308,7052,14598,
-2135,9044,14741,
-2374,8456,14226,
-2296,8386,14433,
-2189,8525,14432,
-2258,8718,14425,
-2358,8677,14313,
-2361,8806,14410,
-2211,8988,14587,
-2040,8768,14407,
-2691,7963,14445,
-1846,8494,14264,
-2617,8072,13997,
-222,9042,13618,
-2347,7649,13987,
-1375,8768,14278,
-1445,8832,13749,
-727,8894,13899,
-1898,8119,13713,
-936,8958,14144,
-1163,8750,13081,
1208,7886,14666,
-368,9948,15751,
-3632,7622,13195,
-1459,6933,13803,
-1847,7824,13652,
-2377,8078,13544,
-318,8276,13733,
-601,7618,13689,
-1299,7375,13546,
-1060,7444,14435,
-1469,6945,13679,
-1693,6710,13744,
-951,6348,14991,
-1811,7193,13943,
-3868,5305,14689,
-1189,7063,14426,
-1096,6860,14368,
-1204,6815,14257,
-1209,6990,14261,
-1210,6977,14234,
-1180,6855,14337,
-1369,7103,14519,
-1417,7479,14593,
-1574,7652,14818,
-1544,7450,14762,
-1723,8066,14914,
-1812,8036,14775,
-1730,8135,14887,
-1727,7997,14781,
-1694,8367,14789,
-1900,8629,14578,
-1678,8344,14494,
-1414,8261,14447,
-1577,8511,14551,
-1828,8582,14589,
-1919,8601,14243,
-1959,8570,14480,
-2056,8348,14005,
-1772,8762,14388,
-2187,8572,14247,
-3157,7032,13652,
-2523,7601,14331,
-1728,7108,14506,
-1843,8496,13797,
-1273,8481,14480,
-1260,8303,14327,
-1444,7859,14010,
-1620,7823,14209,
-2206,7631,13881,
-2249,7461,13502,
-2016,7434,14388,
-1877,8242,12964,
-1730,8565,13464,
-1883,8614,13379,
-1885,8556,13461,
-1780,8491,13628,
-1806,8553,13864,
-1724,8526,13974,
-1756,8490,14298,
-1740,8227,14349,
-1615,8165,14514,
-1659,8060,14271,
-1596,8130,14379,
-1668,7793,14129,
-1865,7523,14464,
-1700,7613,14288,
-1870,7385,14529,
-1535,7609,14966,
-1410,7507,14822,
-1534,7503,14640,
-1591,7345,14417,
-1616,7404,14405,
-1632,7222,14562,
-1721,7266,14624,
-1728,7228,14758,
-1742,7237,14840,
-1757,7212,14787,
-1781,7259,14732,
-1792,7406,14772,
-1762,7410,14771,
-1768,7302,14728,
-1745,7320,14686,
-1782,7334,14664,
-1819,7378,14619,
-1744,7308,14645,
-1786,7294,14586,
-1785,7311,14592,
-1702,7342,14579,
-1663,7355,14578,
-1700,7313,14463,
-1669,7258,14551,
-1662,7181,14433,
-1670,7192,14418,
-1653,7241,14574,
-1635,7219,14688,
-1646,7152,14694,
-1662,7153,14623,
-1648,7079,14648,
-1662,7058,14615,
-1665,7058,14595,
-1649,7084,14614,
-1610,7171,14710,
-1637,7143,14698,
-1600,7100,14699,
-1689,7148,14700,
-1657,7135,14739,
-1634,7151,14781,
-1728,7097,14734,
-1722,7154,14671,
-1738,7176,14689,
-1654,7134,14899,
-1702,7113,14862,
-1783,7161,14787,
-1804,7081,14677,
-1748,7162,14699,
-1721,7188,14645,
-1695,7254,14726,
-1663,7173,14720,
-1647,7241,14718,
-1669,7227,14667,
-1703,7190,14511,
-1764,7228,14528,
-1745,7230,14734,
-1681,7163,14746,
-1661,7330,14777,
-1727,7350,14834,
-1825,7293,14813,
-1733,7159,14758,
-1639,7194,14755,
-1618,7130,14706,
-1589,7178,14684,
-1548,7074,14632,
-1675,7013,14620,
-1722,6974,14586,
-1834,6948,14573,
-1962,7046,14468,
-1893,7215,14584,
-1803,7395,14581,
-1839,7274,14580,
-1974,7545,14962,
-1828,7478,14763,
-1787,7381,14607,
-1745,7337,14668,
-1661,7405,14635,
-1730,7500,14649,
-1968,7062,14366,
-2374,7703,14166,
-2140,6819,14026,
-2293,7399,13350,
-2648,5518,13502,
-2175,7693,15541,
-3134,5032,11522,
-2058,9287,13638,
-2123,9751,14263,
-2756,8373,13150,
-2844,6414,13624,
-2489,7207,14380,
-2429,7970,13136,
-3076,8905,13321,
-2338,9928,15084,
-2442,7985,14109,
-2428,7091,14072,
-1970,8324,14645,
-1311,8245,14618,
-1862,7976,15035,
-1486,6418,15224,
-2506,6476,16167,
-2484,5876,16479,
-2914,4768,16241,
-1592,4479,17179,
-2984,5619,13978,
-1321,3586,16964,
-2668,2889,17883,
-1533,2936,16583,
-1270,1614,15975,
-893,2331,17064,
-1441,889,16748,
-1686,1390,17089,
-1715,1057,16608,
-1963,1518,17036,
-1380,2244,16910,
-1694,2467,17053,
-1733,2416,16840,
-2328,3404,16711,
-2790,3865,17363,
-2495,5037,17087,
-2465,4569,16008,
-3068,3811,15407,
-2367,4481,14952,
-2337,4856,14700,
-2254,5449,14099,
-1969,5403,14190,
-2084,5034,14347,
-2183,5021,14203,
-2245,5054,14675,
-2205,5181,14936,
-2257,4874,15303,
-2309,4897,15352,
-2366,4804,15444,
-2408,4709,15490,
-2265,5141,15769,
-2167,5006,15791,
-2308,4853,15901,
-2416,4723,15613,
-2309,4442,15609,
-2342,4381,15499,
-2300,4589,15774,
-2282,3863,15036,
-2464,5135,15821,
-2311,4982,15571,
-2394,4608,15424,
-2320,4725,15218,
-2207,5054,15336,
-2206,5182,15192,
-2159,5664,16405,
-2555,4984,14814,
-2611,5781,14769,
-2301,6057,15383,
-2849,5193,15109,
-2950,5409,14970,
-2635,5959,15400,
-2732,5894,15356,
-2653,5856,15306,
-2780,5852,15346,
-2843,5912,15204,
-2801,5996,15584,
-2688,5920,15473,
-2761,5941,15340,
-2677,5782,15257,
-2622,6003,15647,
-2512,5862,15535,
-2732,5368,15057,
-2685,5678,15346,
-2610,5764,15357,
-2530,5680,15391,
-2570,5614,15301,
-2530,5745,15176,
-2408,5692,15357,
-2600,5445,15304,
-2508,5353,15358,
-2576,5769,14906,
-2573,5557,15308,
-2671,5849,15038,
-2669,5912,15132,
-2883,6474,15371,
-2826,6230,15297,
-2750,6161,15272,
-2744,6106,15288,
-2743,6074,15160,
-2860,5996,15051,
-2758,5984,15151,
-2731,6000,15093,
-2692,6016,15106,
-2605,6017,15032,
-2631,6084,15022,
-2664,6029,15034,
-2597,6001,14999,
-2571,5852,15026,
-2702,5923,15037,
-2648,5899,15060,
-2712,5894,15050,
-2697,5885,14996,
-2713,6025,15127,
-2685,6132,15167,
-2637,6041,15180,
-2599,5771,15095,
-2550,5781,14978,
-2727,5813,15024,
-2624,5842,15111,
-2723,5712,15083,
-2655,5794,15041,
-2786,5878,15147,
-2777,5927,15043,
-2727,5874,15094,
-2727,5852,15261,
-2729,5931,15309,
-2750,5947,15420,
-2819,5888,15456,
-2799,5886,15562,
-2821,5948,15410,
-2934,5793,15539,
-2877,6051,15338,
-2886,6157,15181,
-2815,6175,15316,
-2827,6101,15358,
-2890,6110,15296,
-2788,6257,15205,
-2774,6255,15212,
-2836,6207,15021,
-2786,6238,15011,
-2827,6301,15005,
-2822,6269,14946,
-2761,6250,15013,
-2747,6240,15052,
-2822,6295,15065,
-2766,6457,15069,
-2715,6409,15215,
-2771,6340,15122,
-2802,6374,14810,
-2793,6368,14924,
-2761,6396,14942,
-2787,6498,14862,
-2774,6391,15001,
-2797,6453,14761,
-2676,6343,14766,
-2732,6398,14666,
-2730,6401,14883,
-2668,6650,14762,
-2643,6546,14897,
-2637,6440,14815,
-2705,6505,14631,
-2561,6441,14775,
-2607,6489,14765,
-2636,6601,14734,
-2604,6545,14534,
-2633,6480,14606,
-2619,6554,14567,
-2553,6510,14606,
-2615,6293,14612,
-2655,6214,14573,
-2666,6449,14658,
-2624,6379,14688,
-2707,6284,14782,
-2601,6414,14873,
-2613,6403,14873,
-2644,6421,14843,
-2666,6451,14887,
-2667,6375,14993,
-2618,6427,15012,
-2646,6476,15086,
-2674,6463,15163,
-2674,6456,15142,
-2643,6423,15113,
-2630,6398,15040,
-2684,6374,14985,
-2654,6368,15104,
-2598,6388,15177,
-2645,6376,15149,
-2624,6330,15078,
-2547,6324,15051,
-2659,6379,15048,
-2546,6290,15084,
-2651,6316,15013,
-2718,6356,15178,
-2555,6295,15103,
-2598,6272,15171,
-2659,6206,15086,
-2624,6273,15076,
-2542,6276,15022,
-2606,6284,15058,
-2778,6253,15037,
-2749,6297,14994,
-2716,6394,15063,
-2636,6322,15083,
-2645,6394,15021,
-2677,6313,15010,
-2661,6350,15045,
-2605,6293,15148,
-2684,6162,15029,
-2663,6183,15048,
-2575,6149,15112,
-2587,6094,15146,
-2599,6075,15003,
-2581,5981,14939,
-2591,5942,15012,
-2601,6012,15026,
-2614,5940,15004,
-2562,5904,15206,
-2708,5944,15059,
-2626,6055,15081,
-2586,5947,14963,
-2618,5919,14957,
-2588,6004,15094,
-2576,5932,15044,
-2598,6039,15142,
-2659,6068,15157,
-2651,6058,15135,
-2615,6159,15145,
-2592,6130,15118,
-2587,6105,15114,
-2604,6079,15060,
-2548,6114,15022,
-2589,6054,15016,
-2612,6067,14983,
-2592,6195,15057,
-2558,6152,15117,
-2630,6091,15116,
-2540,6265,14897,
-2532,6147,14895,
-2641,6084,15223,
-2635,6102,15125,
-2617,6152,14918,
-2630,6235,15002,
-2683,6210,15108,
-2787,6276,15100,
-2781,6217,15014,
-2718,6374,14970,
-2772,6476,15480,
-2398,6760,16400,
-3044,6068,14325,
-2823,6106,15018,
-2819,6413,14933,
-2840,6413,14882,
-2912,6430,14799,
-2716,6870,15135,
-2916,6113,14695,
-2725,6564,14770,
-2675,6535,14792,
-2751,6607,15078,
-2763,6674,15133,
-2664,6777,15189,
-2798,6649,14762,
-2695,6856,14518,
-2713,6838,14537,
-2796,6755,14618,
-2844,6720,14719,
-2791,6751,14779,
-2789,6827,14784,
-2844,6822,14698,
-2814,6867,14616,
-2885,6789,14585,
-2827,6775,14490,
-2785,6662,14539,
-2875,6622,14472,
-2897,6631,14404,
-2912,6707,14403,
-2896,6827,14501,
-3049,6745,14410,
-3071,6707,14369,
-3024,6857,14503,
-3043,7106,14706,
-3147,6952,14488,
-3031,6819,14695,
-3275,7056,14820,
-3242,7077,14773,
-3225,7138,14942,
-3278,7272,14991,
-3257,7320,14928,
-3238,7283,14975,
-3133,7214,15027,
-3184,7310,15100,
-3189,7240,14938,
-3173,7168,15049,
-3159,7225,14997,
-3122,7465,15108,
-3210,7295,14991,
-3159,7285,14953,
-2986,7190,14905,
-3061,7217,14928,
-3036,7497,15052,
-3168,6673,14234,
-2965,7594,14607,
-3098,6738,14413,
-3046,7008,14472,
-2972,7179,14437,
-3125,6889,14594,
-2607,7648,14554,
-2850,6982,13717,
-2871,6950,14086,
-2793,7052,14167,
-2802,7180,14117,
-2853,7029,14082,
-2822,7040,14163,
-2793,7023,14152,
-2758,7133,14223,
-2787,7166,14239,
-2746,7093,14322,
-2784,7069,14431,
-2813,7035,14478,
-2840,7118,14476,
-2822,7197,14368,
-2837,7098,14464,
-2794,7201,14671,
-2738,7177,14678,
-2772,7206,14775,
-2771,7237,14733,
-2708,7322,14872,
-2733,7259,14720,
-2613,7269,14758,
-2667,7164,14661,
-2650,7123,14471,
-2667,7209,14705,
-2533,7116,14603,
-2604,7101,14703,
-2663,6959,14600,
-2587,7012,14626,
-2618,6974,14704,
-2581,6914,14636,
-2516,6964,14641,
-2589,6813,14680,
-2654,6799,14649,
-2561,6742,14633,
-2594,6789,14678,
-2638,6746,14670,
-2562,6834,14784,
-2629,6858,14775,
-2636,6936,14744,
-2680,6957,14783,
-2652,7002,14791,
-2679,6980,14747,
-2743,7023,14717,
-2781,7120,14699,
-2753,7136,14712,
-2823,7248,14696,
-2847,7306,14753,
-2860,7374,14765,
-2825,7346,14667,
-2764,7317,14610,
-2836,7207,14496,
-2802,7172,14450,
-2781,7282,14404,
