-1272,5799,13483,
-1092,5941,14065,
-1240,6058,14088,
-938,6068,14122,
-1102,5800,14014,
-905,6116,14092,
-866,6338,14284,
-1105,6433,14211,
-839,7081,14307,
-870,7040,14812,
-856,6793,14592,
-611,7025,15207,
-751,7011,15337,
-666,6723,14901,
-512,6633,15284,
-638,6638,15614,
-746,6780,15437,
-628,6626,15528,
-807,6420,15317,
-744,5987,15064,
-521,5725,14904,
-633,5795,15207,
-575,5586,15135,
-556,5157,15323,
-555,5176,15243,
-696,5298,15537,
-649,5208,15393,
-675,5144,15587,
-751,5174,15667,
-1016,5271,15892,
-822,5083,15550,
-856,5175,16178,
-732,5029,16249,
-798,4912,16110,
-1056,4953,16329,
-390,4634,16271,
-649,5242,15836,
-1946,5051,18124,
-720,4516,15727,
-482,4331,15411,
-182,4629,14216,
-1061,4593,14781,
-620,4179,15551,
-506,4412,15796,
-586,4294,15643,
-578,4037,15414,
-704,4358,15778,
-480,4374,15734,
-519,4337,15557,
-356,4178,15832,
-512,4160,15537,
-524,3904,15668,
-485,3863,15652,
-652,3930,15726,
-604,4213,15710,
-515,4077,15854,
-488,3909,15780,
-494,3962,15798,
-471,3928,15665,
-526,3796,15638,
-452,3709,15739,
-494,3792,15575,
-547,3831,15549,
-560,3861,15838,
-533,3960,15921,
-576,3904,16070,
-523,3807,16016,
-512,3804,16006,
-557,3921,15965,
-601,4031,16003,
-619,4111,16295,
-530,4177,16272,
-618,4173,16327,
-630,4290,16568,
-566,4227,16399,
-596,4278,16540,
-532,4431,16636,
-497,4356,16452,
-630,4363,16349,
-587,4406,16204,
-466,4459,16049,
-489,4280,16194,
-591,4253,16008,
-584,4232,16062,
-555,4182,15843,
-426,4078,15734,
-480,4052,15648,
-466,4041,15687,
-459,4199,15695,
-391,4153,15620,
-476,3987,15551,
-459,3989,15669,
-435,4032,15600,
-486,3980,15715,
-526,3699,15735,
-437,3816,15688,
-490,3851,15530,
-478,3672,15587,
-371,3661,15555,
-444,3674,15627,
-512,3806,15695,
-474,3734,15553,
-441,3832,15721,
-455,3903,15764,
-427,3854,15791,
-464,3847,15700,
-421,3929,15708,
-420,3839,15707,
-489,3801,15697,
-445,3792,15796,
-501,3861,15776,
-504,3863,15879,
-583,3739,15881,
-443,3567,15849,
-477,4211,15939,
-576,3529,15727,
-486,3892,16103,
-582,3759,15984,
-552,3708,16070,
-687,3854,15803,
-545,3888,15775,
-522,3932,15733,
-548,3468,15668,
-551,3446,15689,
-545,3534,15458,
-449,3840,15894,
-663,3777,15870,
-537,3723,16156,
-633,3819,16045,
-602,3381,15911,
-622,3524,15968,
-630,3608,16025,
-514,3750,16123,
-600,4170,15872,
-734,4429,15999,
-804,4619,16149,
-714,4862,16133,
-832,4851,16053,
-754,4847,16179,
-598,4720,16164,
-707,4724,16252,
-645,4717,15999,
-596,4623,16228,
-581,4420,16277,
-684,4408,16337,
-760,4588,16362,
-826,4743,16367,
-877,4781,16514,
-957,4705,16672,
-1076,4842,16360,
-1047,4409,16533,
-955,4222,16642,
-882,4011,16912,
-753,4000,17192,
-1000,3733,17400,
-954,3293,18187,
-1226,3301,18504,
-1189,3574,18987,
-1204,3835,19012,
-1257,3829,18880,
-1179,3880,18827,
-943,4032,18698,
-900,3993,18444,
-878,2992,18321,
27972,32764,32764,
-15036,-4144,3928,
-32557,-21799,-15705,
4839,-4317,-2050,
2611,14844,15962,
-7326,16124,19074,
-740,5707,25453,
-2530,3621,23014,
-1941,5354,18039,
-1682,9174,21386,
-2333,9442,21739,
-4184,13190,23347,
-4503,4812,17157,
-1300,3237,20405,
29,6565,22694,
-2313,4827,20891,
289,3942,20440,
-1574,4737,20347,
-1093,4932,22464,
-993,5260,21213,
-2073,4841,20380,
-1418,4359,19912,
-1477,3723,18693,
-1130,3692,17934,
-1085,3317,16806,
-1176,3250,15502,
-1025,3042,14647,
-1042,2697,14415,
-1040,2474,13667,
-1173,2729,13495,
-1192,2535,13587,
-998,2509,13563,
-941,2992,14031,
-1036,2960,13546,
-1220,3142,13977,
-899,3703,13658,
-975,4049,13931,
-818,4094,13923,
-1023,4205,14085,
-948,4490,14186,
-857,4465,14325,
-1038,4881,14450,
-938,4750,14613,
-867,4926,14948,
-1003,5099,14901,
-1022,4906,15382,
-816,4941,15529,
-1053,4978,15754,
-1056,5023,16063,
-1129,5191,16128,
-1030,4442,15494,
-1156,4411,15382,
-908,4082,15398,
-1036,3978,15414,
-932,3815,15420,
-967,3723,15515,
-970,3643,15575,
-943,3652,15823,
-1051,3626,15840,
-1031,3507,15877,
-1134,3481,16122,
-1089,3649,16228,
-1131,3611,16306,
-939,3465,16383,
-957,3572,16632,
-918,3571,16714,
-995,3503,16627,
-754,3585,16664,
-804,3619,16584,
-776,3638,16338,
-825,3598,16353,
-808,3581,16288,
-902,3508,16209,
-778,3499,15985,
-599,3411,16029,
-616,3274,16100,
-617,3334,16023,
-569,3392,15945,
-585,3461,15820,
-592,3452,15734,
-485,3321,15713,
-552,3362,15615,
-531,3387,15644,
-513,3538,15761,
-527,3551,15700,
-496,3570,15663,
-501,3491,15607,
-464,3420,15554,
-503,3560,15469,
-489,3638,15568,
-500,3669,15496,
-538,3705,15551,
-632,3695,15647,
-575,3652,15724,
-602,3657,15759,
-624,3743,15685,
-625,3735,15763,
-702,3753,15662,
-673,3816,15812,
-729,3754,15904,
-743,3835,15885,
-702,3858,15904,
-762,3729,15959,
-800,3557,15889,
-795,3518,15911,
-769,3550,15827,
-715,3627,16014,
-765,3609,16081,
-783,3670,16134,
-766,3735,16196,
-794,3730,16016,
-796,3724,16042,
-890,3650,16030,
-658,3640,15905,
-810,3653,16026,
-763,3687,15951,
-748,3665,15902,
-744,3733,15969,
-734,3826,16037,
-802,3832,16015,
-799,3771,16026,
-710,3799,16090,
-792,3843,16125,
-753,3835,16222,
-853,3864,16254,
-834,3840,16166,
-844,4113,16406,
-860,3687,15965,
-854,3859,16330,
-739,3887,16188,
-832,3653,15962,
-764,3715,16049,
-787,3708,16039,
-818,3581,16137,
-807,3595,15957,
-799,3677,15985,
-936,3650,15823,
-854,3534,15763,
-897,3671,15668,
-895,3750,15848,
-812,3708,15858,
-889,3714,15795,
-861,3875,15836,
-808,3822,16106,
-787,3903,15979,
-830,3943,15893,
-772,3935,16148,
-832,3926,16137,
-792,3996,16097,
-783,3999,16053,
-839,3953,16116,
-740,3835,16189,
-749,3872,16242,
-839,3918,16130,
-722,3918,16197,
-716,3938,16247,
-815,3901,16089,
-874,3838,15929,
-828,3869,15890,
-778,3916,15741,
-772,3850,15795,
-1034,4043,16206,
-1018,4076,16492,
-1004,4183,16429,
-1029,4138,16365,
-941,4084,16336,
-961,4321,16311,
-904,4241,16329,
-942,4001,16421,
-1034,4060,16549,
-924,4079,16732,
-865,4102,16922,
-905,4020,17008,
-929,4054,17093,
-1002,3969,17313,
-910,4022,17587,
-980,3924,17742,
-1059,3889,17694,
-1022,3799,17825,
-975,3890,17963,
-1063,3595,17873,
-1033,4044,17590,
-1022,3917,17386,
-1024,3738,17616,
-12570,-6337,-11575,
32764,-32764,32764,
-7753,32764,29211,
-22105,-8406,-7050,
3933,-9605,8023,
-6437,11198,20725,
117,12612,14009,
1056,7764,27040,
982,3335,19114,
-2093,18012,10820,
-857,8023,22075,
-3353,8071,31077,
-3280,5630,18991,
-2963,7756,16735,
-361,4923,19160,
428,5369,16618,
-875,4757,20923,
-801,4475,21386,
-1048,5435,22888,
-908,6127,23575,
-1834,5300,22181,
-1889,5373,21148,
-1510,4771,19556,
-1216,4851,18166,
-670,4522,16972,
-1169,3843,16066,
-967,3347,14937,
-659,3237,14138,
-751,3153,13945,
-709,2610,13682,
-696,2166,13217,
-656,2250,13026,
-537,2786,13082,
-836,3166,13024,
-848,3488,13152,
-833,3868,13460,
-1047,4359,13607,
-772,4515,13632,
-936,4835,13637,
-682,5102,13564,
-831,5156,13867,
-649,5157,13820,
-751,5341,13988,
-714,5442,14101,
-758,5486,14341,
-752,5758,14511,
-811,5930,14745,
-858,5971,15015,
-850,5901,15231,
-954,6130,15634,
-867,6167,15713,
-955,6134,15994,
-985,6272,16002,
-915,6122,15960,
-1138,5962,16024,
-1080,5526,15651,
-987,5634,15914,
-1346,5359,15865,
-1080,5246,15170,
-1094,4837,15396,
-1008,4629,15588,
-1057,4512,15559,
-985,4340,15824,
-1239,4556,15901,
-1214,4298,16071,
-1155,4434,16034,
-1197,4362,16182,
-1087,4687,16341,
-1206,4301,15970,
-1133,4430,16383,
-1120,4627,16343,
-1108,4501,16414,
-1094,4679,16528,
-1096,4679,16471,
-976,4667,16471,
-950,4700,16476,
-669,4461,15879,
-631,4412,15912,
-569,4488,15865,
-606,4346,15803,
-592,4330,15691,
-512,4452,15632,
-454,4450,15437,
-529,4478,15453,
-424,4253,15267,
-637,4152,15100,
-551,4072,15086,
-387,4015,15223,
-563,4054,15250,
-584,4021,15181,
-563,4131,15225,
-411,4095,14953,
-540,3758,15297,
-595,3947,15306,
-609,3895,15410,
-656,3899,15449,
-724,3914,15563,
-657,4017,15641,
-730,4032,15650,
-697,3987,15537,
-695,3970,15587,
-664,4016,15728,
-733,4069,15695,
-762,4001,15729,
-792,4116,15938,
-814,4168,16026,
-794,4232,16166,
-791,4159,16227,
-828,4176,16207,
-821,4122,16127,
-867,4119,16180,
-848,4169,16056,
-906,4202,15893,
-890,4216,15842,
-892,4183,15788,
-878,4119,15701,
-884,4102,15608,
-880,4025,15608,
-823,4000,15706,
-779,4019,15750,
-789,4005,15786,
-738,4056,15832,
-744,4117,15772,
-724,4076,15981,
-771,3914,16040,
-722,3794,16117,
-726,3893,16059,
-755,3927,16053,
-830,3871,16043,
-800,3754,16130,
-825,3962,16266,
-806,3966,16225,
-843,4031,16202,
-848,3999,16248,
-812,3923,16130,
-831,3967,16014,
-810,3991,15977,
-808,3914,15940,
-798,3860,15971,
-791,3817,15890,
-764,3811,15883,
-777,3848,15821,
-784,3799,15880,
-765,3771,15787,
-831,3787,15701,
-844,3769,15658,
-816,3742,15769,
-843,3768,15758,
-810,3826,15796,
-850,3875,15817,
-901,3911,15783,
-827,3889,15821,
-835,3927,15817,
-834,3894,15743,
-854,4012,15813,
-860,3970,15830,
-884,4005,15879,
-831,4035,15869,
-840,4002,15806,
-911,3878,15790,
-969,4011,15659,
-806,3898,15825,
-908,3967,16035,
-942,3993,16158,
-938,4016,16299,
-904,4115,16427,
-948,4061,16429,
-1040,4053,16539,
-1027,4003,16538,
-1020,3911,16543,
-1001,3966,16589,
-1024,3806,16638,
-1043,3654,16738,
-960,3636,16815,
-958,3853,16928,
-925,3868,16978,
-969,3625,17081,
-966,3555,17143,
-1034,3674,17393,
-1104,3702,17327,
-1121,3952,17235,
-851,3947,17281,
-9083,32764,3423,
32764,1887,32764,
-21036,-10823,161,
2055,-767,24973,
2436,5924,12342,
1989,420,14169,
1545,1502,18030,
488,1662,27131,
-100,2064,26300,
-2661,5887,32764,
-673,3796,28297,
-5130,2954,22030,
-1064,3550,11996,
-2583,1146,17945,
-315,1437,17223,
-464,1247,22008,
-1596,181,23020,
-640,594,23310,
-2033,1152,24519,
-1676,1487,24500,
-2114,1334,23916,
-1611,684,20327,
-1504,954,19768,
-1473,612,17261,
-1067,584,16095,
-1446,329,15091,
-821,577,14624,
-911,186,14222,
-803,-77,13798,
-804,-205,13425,
-636,42,12836,
-791,233,12733,
-822,702,12783,
-998,1197,12768,
-580,1305,13076,
-849,2007,13229,
-1142,2455,13657,
-664,2887,13870,
-953,2928,14154,
-1163,3218,14360,
-1138,3383,14266,
-1046,3511,14468,
-992,3543,14485,
-988,3681,14865,
-1008,4067,15323,
-1110,4275,15673,
-1124,4439,15705,
-1037,4574,15839,
-1174,4563,16095,
-1133,4760,16093,
-1128,4807,16374,
-1200,4831,16281,
-1246,4770,16219,
-1239,4622,16266,
-1292,4525,16107,
-1259,4356,16097,
-1299,4098,15990,
-1318,3908,15967,
-1353,3697,15915,
-1385,3559,15891,
-1456,3433,15875,
-1469,3187,16016,
-1506,3112,16196,
-1603,3229,16317,
-1429,2713,16260,
-1553,2919,16594,
-1514,3146,16626,
-1402,3133,17076,
-1603,2899,16643,
-1470,3237,16821,
-1323,3434,16867,
-1351,3427,16993,
-1435,3605,16734,
-1281,3585,16711,
-1247,3571,16608,
-1055,3399,16503,
-1301,3659,16083,
-979,3601,16112,
-984,3503,16010,
-797,3409,15959,
-972,3610,15870,
-856,3523,15750,
-865,3505,15785,
-731,3409,15760,
-671,3376,15603,
-654,3313,15397,
-754,3474,15408,
-935,3333,15188,
-667,3500,15300,
-629,3462,15449,
-593,3458,15334,
-648,3463,15294,
-659,3439,15319,
-429,3269,15170,
-508,3636,15298,
-595,3505,15536,
-611,3533,15778,
-721,3583,15761,
-767,3712,15738,
-745,3831,15855,
-821,3885,15873,
-927,3880,15935,
-930,3944,15991,
-998,3868,16090,
-979,3760,16203,
-1008,3627,16151,
-1008,3736,16128,
-1061,3715,16151,
-1065,3697,16186,
-1071,3767,16143,
-1091,3706,16166,
-1088,3614,16108,
-1107,3623,16068,
-1048,3677,16022,
-1091,3630,16052,
-1092,3620,16084,
-1044,3709,16096,
-1029,3711,16029,
-1042,3637,15930,
-996,3665,15763,
-955,3683,15831,
-807,3661,15831,
-893,3590,15731,
-873,3603,15744,
-814,3633,15724,
-790,3692,15891,
-757,3729,16010,
-736,3767,16131,
-760,3777,16148,
-714,3742,16143,
-685,3676,16202,
-697,3680,16158,
-696,3687,16136,
-685,3645,16110,
-734,3634,15954,
-769,3622,15881,
-756,3561,15765,
-795,3549,15752,
-783,3429,15683,
-770,3435,15743,
-774,3347,15835,
-797,3392,15873,
-861,3509,15823,
-871,3578,15862,
-926,3547,15787,
-911,3454,15795,
-883,3432,15910,
-856,3473,15931,
-865,3549,15930,
-873,3526,15983,
-933,3491,16058,
-881,3546,15935,
-896,3556,15991,
-847,3581,15904,
-857,3588,15944,
-863,3611,15913,
-858,3626,15990,
-890,3669,16023,
-881,3731,15958,
-838,3737,15876,
-893,3784,15817,
-1034,3962,15996,
-1017,3951,15967,
-1022,3896,16027,
-1005,3801,16082,
-1030,3781,16082,
-1034,3819,16190,
-1012,3804,16179,
-996,3777,16216,
-962,3788,16219,
-963,3597,16263,
-965,3647,16325,
-976,3634,16399,
-996,3661,16451,
-995,3586,16417,
-987,3540,16493,
-991,3599,16618,
-989,3588,16781,
-1040,3603,16894,
-943,3756,16972,
-939,3843,17223,
-969,3940,17139,
-936,3779,17268,
-1072,3414,17338,
-1060,3441,17448,
-960,3103,17912,
-1155,2863,18522,
-1047,2997,18617,
-1216,3549,17964,
-847,3487,17886,
-961,3928,17705,
-956,3731,17582,
-877,3332,17407,
-21584,-29529,-32764,
32764,-30219,32764,
-5921,32764,32764,
-18283,-13815,-19959,
9632,-6685,4776,
-2767,8627,16860,
-2956,12285,16371,
-3281,9978,28047,
-3196,2694,20753,
-4857,5318,25091,
-3538,8664,21922,
-2772,2427,28096,
-950,9625,17271,
-4440,7912,17569,
-276,4507,18697,
-1816,5888,20257,
-718,5918,20466,
-1696,5698,21809,
-1198,6037,21704,
-2294,7024,23137,
-1837,6185,22518,
-2021,6407,20522,
-1754,6227,19099,
-1860,5509,17785,
-1733,4760,16326,
-1445,4358,15360,
-1563,4088,14293,
-1350,3469,13827,
-1406,3251,13518,
-1029,3083,13269,
-1127,2838,13439,
-1264,2770,13038,
-1383,2762,12796,
-1113,3434,13140,
-1205,3977,13222,
-1380,4343,13145,
-1213,4737,13587,
-1237,5075,13892,
-1186,5304,14080,
-1107,5363,13996,
-1043,5545,14016,
-940,5528,14033,
-940,6061,14259,
-874,6126,14390,
-855,6212,14742,
-762,6220,14952,
-770,6408,14953,
-636,6312,15235,
-755,6323,15491,
-708,6446,15735,
-617,6345,15534,
-666,6252,15517,
-712,6146,15476,
-745,6011,15455,
-691,5752,15265,
-674,5571,15272,
-766,5306,15101,
-757,5089,15200,
-864,4774,15139,
-790,4634,15410,
-773,4518,15264,
-972,4465,15303,
-952,4318,15358,
-1009,4323,15428,
-989,4160,15801,
-962,4130,15885,
-1033,4423,16097,
-1095,4300,16318,
-1120,4394,16365,
-1172,4466,16373,
-1124,4538,16533,
-1071,4596,16500,
-1037,4630,16591,
-1044,4801,16591,
-1032,4897,16550,
-999,4930,16407,
-1053,5034,16435,
-934,4935,16456,
-884,4660,16035,
-957,4913,15971,
-808,5083,15971,
-790,4576,15470,
-815,4673,15488,
-754,4666,15509,
-694,4602,15509,
-796,4573,15405,
-728,4611,15342,
-796,4658,15302,
-714,4652,15177,
-767,4550,15045,
-692,4574,15051,
-767,4482,14927,
-727,4500,14942,
-730,4511,14900,
-738,4488,15029,
-723,4490,15168,
-735,4512,15264,
-731,4439,15410,
-786,4543,15656,
-747,4508,15760,
-779,4624,15728,
-874,4640,15726,
-891,4693,15743,
-934,4622,15739,
-901,4578,15864,
-913,4574,15913,
-984,4651,16103,
-975,4570,16201,
-987,4545,16192,
-923,4572,16161,
-979,4501,16219,
-984,4406,16298,
-1030,4541,16296,
-984,4515,16265,
-1045,4472,16216,
-1006,4473,16119,
-989,4461,16108,
-1089,4450,15744,
-991,4275,16110,
-948,4397,16070,
-989,4487,15829,
-839,4499,15690,
-941,4442,15539,
-880,4420,15592,
-883,4302,15536,
-874,4362,15627,
-865,4415,15613,
-851,4438,15669,
-809,4439,15645,
-801,4444,15580,
-809,4559,15631,
-848,4564,15602,
-863,4632,15643,
-813,4661,15570,
-860,4638,15531,
-854,4687,15575,
-861,4619,15561,
-849,4564,15656,
-830,4497,15718,
-836,4466,15660,
-875,4459,15590,
-802,4471,15560,
-843,4399,15616,
-901,4338,15644,
-899,4294,15738,
-847,4323,15747,
-899,4278,15696,
-912,4234,15690,
-883,4296,15700,
-914,4201,15682,
-885,4217,15649,
-844,4239,15736,
-918,4284,15787,
-965,4333,15787,
-892,4334,15770,
-864,4321,15820,
-934,4311,15891,
-883,4375,15884,
-908,4461,15782,
-942,4475,15759,
-914,4508,15717,
-955,4500,15658,
-907,4501,15798,
-1037,4511,15870,
-1015,4606,15767,
-837,4607,15949,
-982,4490,15960,
-977,4530,15931,
-963,4542,15922,
-938,4625,15904,
-1003,4524,15839,
-969,4449,15910,
-925,4520,15954,
-961,4472,15935,
-968,4495,15951,
-975,4525,15876,
-1026,4528,15795,
-1011,4525,15753,
-1045,4477,15745,
-1055,4476,15721,
-1021,4430,15824,
-1000,4537,15872,
-1001,4486,15942,
-1052,4614,16040,
-1126,4548,16154,
-1144,4563,16431,
-1247,4432,16585,
-1244,4731,17088,
-1321,4834,17344,
-1320,4875,17584,
-1404,5088,17808,
-1472,4948,17683,
-1316,5259,17890,
-1362,5365,17886,
-1380,5291,17498,
-1244,5222,17290,
-1161,5171,17192,
13017,32764,-17364,
32764,-28262,32764,
-21328,-15592,32764,
-11728,-14031,-32054,
6194,15581,14588,
-9868,8355,16135,
6986,32764,23697,
-14330,11017,30829,
-20314,-760,-4103,
-12657,5665,-10557,
-7735,10966,12667,
4519,2731,22885,
-3842,13258,2895,
5577,7373,19907,
-5477,12731,29011,
-3130,9392,17779,
-1912,9044,20856,
-3092,10944,21019,
-2704,10215,21004,
-2307,8428,19980,
-2539,9265,19266,
-1584,8612,18910,
-1794,8309,18139,
-1493,7609,17455,
-1560,6330,16325,
-1410,5302,15387,
-1654,4840,14331,
-1412,3821,13170,
-1012,4082,12856,
-1444,3273,11240,
-1605,3192,11906,
-1070,3897,13296,
-1177,3589,11910,
-788,4136,13444,
-1131,4564,12879,
-1112,4440,13110,
-1123,5207,13822,
-1379,5163,13687,
-1280,5587,12964,
-653,6017,13313,
-745,6258,13653,
-1480,5919,13333,
-961,6248,13370,
-845,6362,14072,
-865,6849,14164,
-953,6185,14306,
-1247,6557,14677,
-1151,7028,14789,
-1438,6996,15189,
-1357,7038,15692,
-1318,7159,15571,
-1509,7314,15571,
-1800,7269,15480,
-1859,7131,15433,
-1686,6903,15183,
-1782,6786,15058,
-1670,6608,14992,
-1707,6305,14922,
-1736,6052,15058,
-1719,5863,14748,
-1701,5648,15114,
-1758,5620,15134,
-1838,5449,15526,
-1965,5496,15650,
-1868,5465,15667,
-1929,5162,15763,
-1864,5305,16032,
-1967,5196,16267,
-1790,5180,16402,
-1724,5102,16132,
-1727,5325,16350,
-1613,5284,16486,
-1614,5126,16336,
-1577,5069,16342,
-1442,5083,16310,
-1347,5069,16369,
-1410,5012,16067,
-1253,5030,16202,
-1187,5097,16159,
-1147,5042,15959,
-1060,5056,15908,
-1061,5028,15783,
-940,5067,15846,
-877,4863,15646,
-885,4887,15645,
-649,4877,15603,
-658,4768,15454,
-879,4688,15093,
-716,4612,15264,
-632,4652,15401,
-660,4793,15431,
-628,4614,15113,
-651,4364,15141,
-577,4667,15235,
-617,4720,15198,
-596,4419,15021,
-694,4373,15226,
-738,4400,15105,
-786,4417,15064,
-700,4573,15165,
-763,4482,15189,
-833,4461,15134,
-713,4653,15053,
-769,4800,15024,
-687,4600,15083,
-678,4731,15522,
-852,4769,15233,
-926,4665,15365,
-872,4334,15570,
-824,3969,16013,
-1101,4223,15632,
-956,3944,15799,
-1013,3974,16054,
-1174,4086,16211,
-1110,3735,16153,
-1063,3793,16336,
-953,3652,16174,
-1060,3866,16257,
-1133,3683,16227,
-1191,3633,16210,
-1115,3577,16106,
-1071,3784,16156,
-1031,3760,16229,
-1143,3580,16230,
-1228,3742,16278,
-1150,3870,16589,
-1071,3888,16554,
-1158,4053,16302,
-1005,3965,16487,
-1218,4217,16959,
-953,4030,15420,
-1093,4337,15821,
-1147,4122,16024,
-3538,347,10278,
-1068,8918,10968,
3980,6195,24957,
-3307,2953,16072,
-1811,2659,14541,
-838,4372,15068,
-1559,3909,14806,
-558,4545,15981,
-811,3528,15605,
-959,3744,15851,
-944,4442,15655,
-1086,4470,16825,
-950,4059,16628,
-995,4190,17010,
-905,4281,16975,
-987,4247,16821,
-971,4253,16600,
-1085,4490,16370,
-1105,4612,16195,
-988,4569,15995,
-942,4474,15850,
-919,4359,15667,
-918,4287,15589,
-917,4112,15520,
-860,4027,15392,
-732,3925,15106,
-949,4141,15608,
-840,3965,14898,
-810,4422,14929,
-739,4348,14967,
-806,4677,14870,
-816,4363,14912,
-775,4495,15089,
-841,4619,14984,
-805,4639,15209,
-853,4614,15273,
-817,4421,15445,
-818,4516,15607,
-903,4425,15761,
-814,4392,15815,
-862,4430,15820,
-893,4300,15725,
-803,4192,15873,
-831,4209,15910,
-942,4093,16000,
-920,4108,16345,
-964,4277,16689,
-978,4416,16802,
-1027,4563,16889,
-1015,4596,17184,
-1266,4640,17192,
-1138,4148,17412,
-1081,3989,17448,
-1155,4031,17512,
-1211,4068,17510,
-1174,4121,17484,
-1120,4001,17543,
-1116,4101,17615,
-1151,4028,17542,
-1111,3959,17549,
-1104,4216,17416,
-966,3935,17253,
-1018,4410,17320,
-1025,4070,17031,
-16326,-32764,-7245,
32764,-11443,32764,
-821,32764,32764,
-15954,-10190,-10506,
5770,477,4523,
-1653,9359,20510,
-2580,6277,16271,
-829,1768,22516,
370,2360,21018,
-2837,3932,24194,
-4395,4748,27485,
1545,-2833,22516,
-5717,4746,16057,
-2130,189,17024,
-1146,1599,19074,
-754,2864,19885,
-1123,1462,22263,
-2034,2117,23135,
-1976,2009,23860,
-2284,3036,23780,
-2555,2717,22334,
-2178,2219,21793,
-2160,2114,19848,
-2140,2033,18253,
-2093,1859,17003,
-1863,1706,15280,
-1805,1842,15120,
-1244,1781,13983,
-1492,1611,13504,
-955,1031,14010,
-1297,1018,13460,
-1292,1239,13736,
-1298,1553,13738,
-1394,2344,13714,
-1012,2745,14029,
-1454,3303,13978,
-1448,3476,14086,
-1167,3659,14133,
-1247,3708,14124,
-1227,4078,14329,
-1052,4131,14246,
-1052,4323,14396,
-1047,4205,14423,
-902,4372,14738,
-924,4472,14857,
-832,4554,15076,
-825,4656,15200,
-791,4810,15324,
-710,4854,15431,
-729,4879,15647,
-679,4925,15806,
-730,5115,15866,
-732,5011,15805,
-824,4813,15755,
-796,4603,15821,
-874,4468,15928,
-869,4326,15841,
-944,4138,15703,
-945,3859,15492,
-905,4009,15601,
-982,3572,15449,
-1012,3555,15698,
-1000,3502,15997,
-1128,3297,15983,
-1210,3398,16093,
-1170,3387,16436,
-1302,3366,16501,
-1286,3576,16697,
-1451,3708,16862,
-1341,3794,17091,
-1427,3886,16974,
-1427,3996,17088,
-1371,3840,16977,
-1385,3762,16833,
-1284,3835,16710,
-1255,3908,16596,
-1256,3921,16483,
-1180,3903,16343,
-1089,4012,16232,
-1099,3993,16079,
-1047,4070,15933,
-971,4009,15745,
-943,4023,15703,
-923,4112,15457,
-993,4258,15386,
-837,3857,15358,
-826,4121,15389,
-733,4177,15185,
-827,4157,14994,
-829,4028,14693,
-780,4025,14761,
-695,4022,14699,
-744,3990,14686,
-769,3904,14690,
-818,4054,14943,
-765,4033,15077,
-752,4041,15134,
-820,4119,15122,
-799,4204,15178,
-811,4182,15367,
-853,4156,15498,
-848,4132,15679,
-874,4240,15753,
-914,4340,15943,
-1058,4311,16040,
-1032,4328,16025,
-1094,4071,15924,
-1060,4041,15990,
-1078,3981,15942,
-946,4018,15941,
-1015,3827,15962,
-1034,4021,15895,
-1262,4010,15999,
-1156,3798,15997,
-1060,3850,15758,
-1183,3867,15832,
-1094,4133,15826,
-1098,3833,15866,
-1191,3979,15710,
-1148,4015,15751,
-1158,4205,15655,
-1084,4048,15827,
-1161,3833,15821,
-1127,3921,15946,
-1033,3998,15874,
-12,4396,15481,
-1044,3724,15880,
-992,4259,16355,
-910,4002,16026,
-960,4139,16206,
-959,4031,16031,
-980,4352,16275,
-951,4392,16231,
-978,4467,16298,
-1075,4344,16209,
-1066,4384,16287,
-1002,4336,16358,
-1100,4262,16391,
-1034,4610,16563,
-1050,4092,16117,
-1215,4376,16404,
-1086,4251,16295,
-1190,4169,16295,
-1155,4150,16149,
-1212,4200,16217,
-1141,4091,16125,
-1168,3976,15977,
-1181,3963,15866,
-1147,4042,15885,
-1106,4047,16022,
-1196,3989,15963,
-1139,3977,15868,
-1123,4048,15918,
-1109,4068,15982,
-1142,3996,15894,
-1159,4137,15845,
-1173,4259,15784,
-1192,4247,15815,
-1145,4347,15892,
-1185,4366,15902,
-1192,4423,15944,
-1205,4494,15865,
-1153,4724,15575,
-1127,4381,15533,
-1078,4611,15509,
-1111,4375,15402,
-1032,4424,15479,
-1070,4350,15408,
-1071,4270,15440,
-1097,4276,15413,
-1030,4218,15460,
-1050,4212,15694,
-1094,4273,15721,
-1101,4253,15722,
-1053,4146,15811,
-1043,4117,15903,
-1057,4153,15960,
-1068,4228,16052,
-1043,4236,16251,
-1086,4264,16330,
-1080,4357,16408,
-1094,4467,16517,
-1125,4494,16556,
-1146,4504,16720,
-1093,4569,16794,
-1177,4463,16870,
-1276,4433,16961,
-1278,3932,17052,
-1340,4498,17592,
-1312,4172,17455,
-1424,4117,17458,
-1306,4514,17662,
-1286,4303,17694,
-1258,4331,17693,
-1161,4298,17912,
-1210,4105,17983,
-1131,4155,17691,
-1121,4178,17455,
-1135,3976,17271,
-856,4095,17118,
-874,3641,17120,
32764,28868,-32764,
12716,26217,32764,
-19242,-22483,11973,
-871,740,21534,
3380,6473,11402,
-2489,7141,9615,
1267,3719,19000,
-969,2954,23383,
759,2508,18976,
-1681,6399,26724,
-672,9497,26153,
-5232,5250,20705,
-1593,3178,15951,
-1568,1693,16189,
-758,3781,18325,
200,3779,20619,
-1179,3103,21476,
-1141,3637,21741,
-1738,4088,22281,
-1821,5436,21740,
-1823,4812,20466,
-1643,4247,19133,
-1519,3717,17323,
-1054,3349,17514,
-1120,2959,14936,
-1154,2599,14552,
-843,2611,13475,
-959,2418,13466,
-702,2067,13064,
-872,2075,13143,
-1016,1842,12810,
-992,2214,13199,
-1078,2558,13127,
-1006,3004,13515,
-1062,3346,13654,
-1143,3924,13956,
-1148,3606,14158,
-1025,4183,14635,
-1148,4327,14765,
-1046,4209,14631,
-943,4560,14905,
-962,4476,15074,
-853,4569,15609,
-875,4790,15424,
-883,4882,16343,
-904,5017,16322,
-1025,5121,16479,
-984,5182,16817,
-960,5164,16924,
-973,5138,16951,
-978,5045,16804,
-1063,5028,16765,
-1007,4791,16609,
-1012,4647,16551,
-1045,4492,16447,
-1049,4405,16332,
-1119,4279,16149,
-1179,4173,16060,
-1103,4035,16064,
-1112,3930,15959,
-1102,3766,16017,
-1191,3844,16023,
-1171,3740,16263,
-1222,3690,16028,
-1253,3842,16288,
-1211,3943,16376,
-1342,3839,16365,
-1373,4064,16522,
-1437,4176,16437,
-1234,4490,16471,
-1281,4471,16207,
-1223,4347,16169,
-1192,4232,16193,
-1079,4106,16202,
-1048,4151,16179,
-1035,4251,16090,
-1068,3964,15815,
-945,4446,15902,
-895,4265,15766,
-1008,4179,15272,
-812,4526,15359,
-802,4362,15104,
-837,4259,14886,
-697,4189,14895,
-720,4142,14985,
-664,4207,15066,
-665,4219,14979,
-704,4158,14864,
-692,4134,14837,
-671,4084,14754,
-608,4180,14695,
-639,4218,14638,
-607,4070,14627,
-619,4081,14780,
-597,4099,14926,
-624,4181,15078,
-669,4054,15045,
-729,4394,15457,
-766,4324,15584,
-775,4386,15488,
-837,4396,15537,
-853,4368,15688,
-994,4253,15792,
-1004,4212,15968,
-961,4229,16017,
-919,4470,16174,
-1054,3917,15957,
-1217,4046,16597,
-965,4242,16249,
-973,3831,16508,
-1122,4029,16404,
-1138,4175,16498,
-1094,4102,16531,
-1135,4331,16477,
-1020,4497,16414,
-1212,4343,16366,
-1160,4241,16343,
-1195,4237,16215,
-1145,4275,16082,
-1125,4201,16018,
-1138,4127,15899,
-1095,4119,15840,
-1090,4223,15824,
-1099,4305,15817,
-1078,4267,15779,
-1060,4322,15717,
-1084,4298,15650,
-1061,4329,15702,
-1070,4394,15710,
-1024,4404,15658,
-1074,4360,15551,
-1022,4294,15551,
-1016,4290,15452,
-880,4472,15674,
-961,4292,15630,
-971,4203,15675,
-942,4103,15746,
-1010,4096,15824,
-934,4082,15932,
-928,3971,16010,
-1117,3847,15980,
-801,4203,16424,
-813,3449,15870,
-772,3744,16190,
-792,4211,16232,
-901,3639,16017,
-875,3903,16400,
-929,3824,16315,
-843,3825,16444,
-908,3672,16267,
-866,3638,16358,
-811,3820,16417,
-865,3821,16456,
-945,3821,16391,
-952,3892,16454,
-973,3976,16594,
-984,3956,16523,
-1013,3987,16449,
-939,3988,16409,
-954,4019,16278,
-958,4024,16097,
-867,4282,15586,
-951,4329,15447,
-1004,4390,15530,
-942,4022,15472,
-846,4585,15704,
-1058,4314,15360,
-986,4427,15492,
-1054,4502,15518,
-971,4466,15499,
-983,4327,15549,
-1005,4322,15622,
-919,4369,15917,
-921,4352,16069,
-764,4295,16162,
-1045,4588,16270,
-1161,4345,16308,
-1077,4220,16387,
-1073,4018,16650,
-1191,4489,16553,
-1091,4086,16893,
-1331,4532,17042,
-1131,4453,16921,
-1032,4250,17059,
-1157,4627,17182,
-1136,4300,17160,
-1022,4012,17666,
-1167,4094,17858,
-1278,4191,17950,
-1279,4083,18040,
-1254,4123,18080,
-1214,4243,18192,
-1120,4397,18071,
-1160,4569,17879,
-1052,4253,17697,
-975,4519,17432,
-977,4690,17079,
-831,4700,16640,
-691,4676,16266,
-32764,-32764,-32764,
32764,-32764,32764,
-6128,32764,32764,
-19857,-14659,-12367,
12014,-2523,3926,
2996,9113,28131,
-3880,7600,13373,
-1254,3325,27429,
3253,2668,21180,
-1860,3384,22141,
-4734,4966,18676,
-1411,2502,16651,
-948,1256,18417,
-265,6843,17665,
-1626,2771,16827,
47,4408,19044,
-307,3649,20380,
-551,3527,21125,
-752,4407,22690,
-1499,4322,21473,
-1400,4115,20411,
-1326,4850,19759,
-1265,4078,17525,
-833,3867,16762,
-688,3315,15211,
-579,2992,14781,
-548,2643,14053,
-614,2088,13456,
-481,2434,13758,
-468,2118,13196,
-325,1984,13089,
-556,2571,12746,
-542,3185,13736,
-622,3383,12831,
-474,3815,13502,
-471,4154,13226,
-461,4411,13558,
-591,4700,13577,
-562,4648,13569,
-376,4680,13506,
-411,4841,13795,
-399,4929,13778,
-341,5063,13894,
-416,5081,14294,
-391,5217,14794,
-459,5368,15399,
-465,5398,15547,
-509,5346,15769,
-559,5497,16216,
-557,5391,16274,
-581,5381,16382,
-592,5258,16183,
-600,4925,16460,
-733,4823,16548,
-668,4746,16694,
-786,4606,16811,
-762,4389,16792,
-928,4480,16852,
-821,4253,16913,
-1062,4188,16987,
-1019,4074,17024,
-1066,4214,17031,
-1041,3965,17003,
-1121,3861,17051,
-1224,4065,17074,
-1182,4103,17122,
-1339,4119,17061,
-1270,4200,17205,
-1183,4198,17159,
-1280,4187,17117,
-1244,4225,17022,
-1247,4380,17029,
-1186,4535,16877,
-1140,4778,16475,
-1073,4619,16073,
-963,4836,16256,
-1027,4718,16038,
-840,4672,15711,
-835,4944,15749,
-709,4716,15635,
-711,4510,15363,
-637,4736,15313,
-557,4657,15172,
-526,4763,15359,
-411,4731,15234,
-538,4684,15242,
-531,4633,14991,
-483,4691,15068,
-482,4451,14901,
-322,4376,14387,
-327,4531,14461,
-388,4406,14369,
-359,4288,14515,
-317,4358,14593,
-393,4316,14540,
-393,4372,14572,
-334,4300,14886,
-431,4236,14856,
-413,4281,15106,
-490,4194,15198,
-478,4289,15604,
-471,4224,15676,
-499,4244,15754,
-528,4150,15630,
-491,4365,15821,
-392,4062,15813,
-616,4225,15864,
-433,4085,15919,
-550,4233,15960,
-599,3882,15785,
-443,3917,15735,
-539,4084,16167,
-743,4184,16088,
-923,4144,15999,
-817,4110,15981,
-974,4319,16067,
-851,4182,15945,
-779,4350,15944,
-762,4445,15747,
-832,4360,15871,
-848,5066,15938,
-944,4796,16153,
-715,4658,15818,
-300,4071,14777,
-1112,5250,16952,
-1860,6441,18390,
-881,4721,15843,
-701,5229,16486,
-815,4604,16172,
-769,5510,16232,
-731,4925,16266,
-650,5211,16222,
-829,5165,15904,
-914,5213,16162,
-725,5447,15675,
-782,5194,15621,
-791,4976,15598,
-851,5221,15463,
-643,5083,15463,
-731,4964,15578,
-744,4880,15251,
-699,4638,15098,
-635,4675,14966,
-609,4594,15068,
-602,4590,15155,
-571,4577,15191,
-555,4716,15233,
-606,4707,15201,
-585,4738,15235,
-605,4630,15327,
-598,4567,15371,
-480,4255,15366,
-430,5015,15795,
-699,4352,15312,
-478,4128,15688,
-610,4727,15790,
-566,4228,15841,
-518,4272,15844,
-465,4474,16021,
-510,4208,16041,
-491,4251,16199,
-532,4244,16295,
-493,4317,16377,
-510,4310,16431,
-535,4167,16388,
-496,4445,16470,
-495,4160,16599,
-546,4213,16211,
-449,4239,16147,
-603,4458,15890,
-626,4390,15882,
-650,4304,15668,
-612,4390,15635,
-640,4406,15666,
-707,4387,15813,
-700,4355,15876,
-742,4433,15939,
-751,4454,16016,
-810,4535,16113,
-762,4622,16183,
-765,4597,16287,
-744,4694,16288,
-795,4741,16226,
-693,4679,16194,
-714,4607,16146,
-735,4713,16060,
-845,4860,15983,
-608,4672,16064,
-711,4494,16073,
-691,4809,16052,
-687,4692,16214,
-824,4426,16033,
-521,4500,16120,
-766,4545,16121,
-554,4380,15927,
-718,4723,15880,
-582,4571,15878,
-476,4517,15837,
-601,4481,15561,
-584,4137,15453,
-516,4376,15723,
-394,4353,15764,
-445,4100,15775,
-376,4463,15825,
-434,4465,15614,
-434,4271,15519,
-376,4294,15678,
-381,4476,15510,
-404,4519,15460,
-378,4566,15418,
-488,4510,15352,
-469,4481,15368,
-424,4504,15415,
-394,4561,15260,
-400,4584,15146,
-388,4387,15065,
-382,4334,15102,
-1056,3982,15234,
-325,5081,14894,
-981,4878,15655,
-337,3729,16575,
-247,5055,16161,
-470,4506,16477,
306,4414,15740,
-66,3389,18673,
-690,4161,15576,
-569,4659,16036,
84,4517,15976,
-578,5191,15907,
-469,4656,15653,
-648,4675,15039,
-472,4792,15608,
-268,4509,16123,
-392,4934,15997,
-397,4531,15894,
-495,4780,15685,
-325,4165,15459,
-533,4510,15511,
-509,4757,15536,
-303,4546,15566,
-430,4488,15730,
-325,4389,15821,
-186,4173,15620,
-540,4533,15624,
-154,4352,15562,
-341,4305,15752,
-226,4184,15620,
-519,4059,16019,
-450,3512,16281,
333,3264,15810,
-180,4218,15993,
150,3837,13782,
64,3964,16372,
513,4076,16222,
111,4268,16027,
-91,4405,15966,
-161,4382,15511,
-186,3622,16371,
-361,4480,14574,
-533,4674,15576,
27,4495,16616,
-259,4540,15609,
-435,4788,15591,
-295,4977,16191,
-256,4777,15941,
-639,4827,15998,
-505,4888,16083,
-574,4876,16002,
-478,4616,16232,
-709,4255,16430,
-773,5612,16650,
-555,4920,16194,
-739,4580,16357,
-708,4576,16494,
-605,4992,16382,
-753,5096,16393,
-791,5082,16422,
-821,4775,16500,
-797,4878,16347,
-355,5299,16425,
-793,4526,15931,
-1338,4397,15895,
-489,5204,15951,
-1163,4609,15778,
-997,4624,16245,
-958,4693,16014,
-683,4850,16216,
-797,5249,16144,
-273,4556,15950,
-1032,5258,16314,
-813,5114,15537,
-460,5233,16068,
-607,5144,15650,
-266,5256,15792,
-591,5166,14956,
-435,5046,15638,
-845,4980,15320,
-451,5220,15053,
-1191,5154,15583,
189,5767,14945,
-659,6000,15135,
1086,6721,15383,
-1017,5345,14872,
-767,5278,15227,
-726,5608,15190,
-728,5672,15094,
-828,5297,14904,
-494,5246,15118,
-538,5599,14821,
-344,5416,14711,
-387,5278,14614,
-373,4953,14503,
-524,5277,14600,
-737,5162,14675,
-898,5506,14579,
-717,5862,14950,
-905,5479,15315,
-863,5475,15534,
-840,5498,15480,
-682,5805,15480,
-789,5808,15452,
-785,5706,15628,
-813,5755,15651,
-2046,5541,15908,
-947,6337,15552,
-369,6302,15758,
-562,6294,15525,
57,6459,15759,
-647,6167,15324,
-570,6321,15192,
-513,6050,15310,
-538,6305,15504,
-530,6156,15500,
156,6184,15665,
-217,5848,15600,
-641,5574,15367,
-508,5309,15394,
-260,5411,14997,
-285,5298,15054,
-329,5155,15171,
-264,5378,15406,
-309,5399,15341,
-345,5745,15312,
-364,5574,15259,
-495,5578,15123,
-544,5626,15127,
-512,5694,15175,
-458,5558,15181,
-420,5543,15146,
-562,5592,15132,
-495,5143,15259,
-556,5701,15219,
-663,5886,15486,
-478,5713,15107,
-297,5817,15241,
-27,5641,15359,
-153,5784,15298,
-420,5583,15317,
-149,6108,15415,
-122,5622,15768,
-45,5354,15584,
-183,5363,15178,
-207,5461,15274,
-290,5336,15124,
-343,5570,15109,
-540,5276,14988,
-604,5424,14886,
-635,5379,14883,
-606,5823,14962,
-540,6073,15151,
-678,6236,15144,
-483,6257,15371,
-434,6222,15530,
-506,5997,15606,
-437,5757,15674,
-512,5877,15530,
8164,16367,19019,
-496,4309,16491,
-441,4761,15954,
-784,6696,15103,
-368,6342,15420,
-349,6084,15330,
-507,6197,15337,
-270,6245,15699,
-92,6430,15744,
-146,6349,15759,
-267,6123,15722,
-377,4822,15233,
-529,5208,15365,
-480,5242,15379,
-497,5509,15556,
-511,5250,15656,
-452,5176,15792,
-550,5240,15998,
-470,5107,16049,
-433,5211,16124,
-351,5113,16378,
-430,4725,16440,
-372,5140,16369,
-355,4783,16196,
-420,4660,16271,
-375,4903,16279,
-343,4504,16274,
-299,4468,16215,
-320,4670,16082,
-203,4427,15913,
-246,4428,15899,
-333,4333,15877,
-303,4302,15805,
-327,4441,15776,
-417,4507,15692,
-321,4575,15668,
-341,4665,15547,
-306,4919,15385,
-424,4650,15318,
-459,4580,15369,
-423,4475,15368,
-393,4478,15401,
-375,4495,15379,
-430,4472,15431,
-453,4479,15461,
-453,4580,15532,
-410,4600,15591,
-423,4519,15654,
-416,4474,15581,
-450,4521,15447,
-380,4546,15368,
-402,4480,15371,
-454,4362,15374,
-406,4388,15452,
-383,4427,15525,
-403,4478,15521,
-380,4537,15473,
-356,4578,15544,
-264,4581,15546,
-299,4747,15545,
-319,4672,15630,
-243,4701,15604,
-324,4624,15521,
-433,4721,15459,
-416,4709,15578,
-499,4781,15584,
-587,5090,15623,
-532,4628,15824,
-630,4631,15712,
-686,4979,15748,
-601,4888,15986,
-751,4851,15794,
-792,4898,15889,
-605,5100,15880,
-601,4827,15855,
-615,4850,15908,
-629,4889,15970,
-641,5078,16042,
-467,5259,16183,
-373,5177,16280,
-194,5033,16374,
-360,4793,16304,
-453,4698,16120,
-335,4998,16124,
-300,4979,16284,
-722,5660,15624,
-477,5011,15959,
-675,5074,15776,
-713,5061,15455,
-610,5159,15603,
-675,5315,15435,
-758,5112,15329,
-870,5081,15354,
-762,5219,15494,
-776,5318,15614,
-806,5155,15618,
-815,4980,15648,
-791,5044,15636,
-765,4910,15671,
-662,4910,15713,
-694,4715,15652,
-627,4683,15589,
-528,3927,15598,
-524,4092,15496,
-362,4064,15748,
-536,4114,15649,
-648,4191,15856,
-585,4202,15774,
-473,4439,15911,
-329,4444,16021,
-382,4802,16085,
-377,4607,16084,
-483,4460,16190,
4139,10141,17410,
369,3577,17224,
