127091,1717936,15724,18725,
126249,1146741,15724,18725,
363819,639146,15724,18725,
852405,256442,15724,18725,
836046,37781,15724,18725,
371944,-11769,-58,20821,
518650,80243,-58,20821,
271757,261102,-58,20821,
539413,463726,-58,20821,
987989,623579,-58,20821,
1566605,700366,-58,20821,
2598822,696324,-58,20821,
3051627,661476,-58,20821,
2052489,679498,-58,20821,
1219907,832554,-58,20821,
1431490,1153159,-58,20821,
2008472,1589219,-58,20821,
1651709,2015282,-58,20821,
1437515,2293971,-58,20821,
1236009,2347244,-58,20821,
932766,2188311,-58,20821,
504994,1900067,-58,20821,
213182,1583435,-58,20821,
190152,1309390,-58,20821,
183593,1097445,-58,20821,
122678,925403,-58,20821,
575435,758521,-58,20821,
688777,578590,-58,20821,
211862,397822,-58,20821,
171353,251919,-58,20821,
318476,176624,-58,20821,
457034,182872,-58,20821,
1133093,249156,-58,20821,
1920492,337754,-58,20821,
2464906,423832,-58,20821,
1793321,517184,-58,20821,
1241790,658459,-58,20821,
1269259,886242,-58,20821,
1328469,1195779,-58,20821,
2803985,1524533,-58,20821,
3361550,1783890,-58,20821,
4378377,1919886,-58,20821,
2325496,1958886,-58,20821,
1143572,1997412,-58,20821,
774686,2131497,-58,20821,
301347,2371967,-58,20821,
227906,2614080,-58,20821,
185177,2691044,-58,20821,
555741,2474187,-58,20821,
1114277,1952515,-58,20821,
1460405,1247860,-58,20821,
1020594,564947,-58,20821,
2333534,106194,-58,20821,
1092474,-7850,-58,20821,
1678347,221946,-58,20821,
869734,685093,-58,20821,
1538294,1211115,-58,20821,
1055060,1633457,-58,20821,
1202291,1844941,-58,20821,
1283529,1825795,-58,20821,
931654,1635605,-58,20821,
488481,1376342,-58,20821,
1246089,1144951,-58,20821,
2551678,997967,-58,20821,
2867256,947032,-58,20821,
1744493,984305,-58,20821,
1054649,1107998,-58,20821,
839246,1316529,-58,20821,
547169,1577685,-58,20821,
517985,1812503,-58,20821,
406244,1920099,-58,20821,
640613,1828868,-58,20821,
355508,1537555,-58,20821,
768696,1120221,-58,20821,
1668149,695000,-58,20821,
1412486,378056,-58,20821,
604115,246759,-58,20821,
421862,319982,-58,20821,
528153,551968,-58,20821,
847878,843376,-58,20821,
1406942,1077323,-58,20821,
1826222,1171667,-58,20821,
2403537,1119897,-58,20821,
2666577,995608,-58,20821,
1218045,916410,-58,20821,
990170,983191,-58,20821,
2130284,1222618,-58,20821,
3231203,1567567,-58,20821,
2393950,1897444,-58,20821,
1781896,2115115,-58,20821,
1407002,2198949,-58,20821,
1061178,2190848,-58,20821,
895398,2142638,-58,20821,
1014481,2073051,-58,20821,
772301,1964569,-58,20821,
425585,1790927,-58,20821,
268460,1546506,-58,20821,
1023281,1255737,-58,20821,
984089,962732,-58,20821,
785195,715720,-58,20821,
807960,554844,-58,20821,
655766,501121,-58,20821,
1225565,547188,-58,20821,
2292619,658904,-58,20821,
3753081,794967,-58,20821,
3193931,938077,4690,11901,
3041082,1114918,4690,11901,
1296361,1380018,4690,11901,
467496,1763121,4690,11901,
2970329,2216315,4690,11901,
3073265,2612236,4690,11901,
2929662,2813417,4690,11901,
3084341,2767508,4690,11901,
3736854,2549770,4690,11901,
3013041,2319995,4690,11901,
1940829,2231887,4690,11901,
1486651,2353218,4690,11901,
1376305,2632363,4690,11901,
665498,2922485,4690,11901,
537194,3051876,4690,11901,
881797,2904642,4690,11901,
1909866,2471664,4690,11901,
1824469,1854383,4690,11901,
1200773,1227079,4690,11901,
908682,770946,4690,11901,
831382,600051,4690,11901,
1010276,712211,4690,11901,
1362009,995229,4690,11901,
1521317,1288259,4690,11901,
1881305,1462710,4690,11901,
2230022,1477516,4690,11901,
2099750,1384005,4690,11901,
1494350,1285779,4690,11901,
1767554,1278469,4690,11901,
3118427,1400412,4690,11901,
3168878,1621537,4690,11901,
2385950,1876124,4690,11901,
2140018,2110028,4690,11901,
1589130,2301287,4690,11901,
971565,2444116,4690,11901,
596075,2522432,4690,11901,
708763,2501249,4690,11901,
706038,2342835,4690,11901,
527556,2035416,4690,11901,
350617,1613635,4690,11901,
1745625,1154821,4690,11901,
1007261,753439,4690,11901,
760090,490386,4690,11901,
906702,408636,4690,11901,
911720,498240,4690,11901,
2402537,698442,4690,11901,
2611474,925794,4690,11901,
3135069,1119552,4690,11901,
3141381,1275726,4690,11901,
3902433,1444146,4690,11901,
1817336,1689877,4690,11901,
1090564,2043104,4690,11901,
1391761,2462869,4690,11901,
2143097,2835614,4690,11901,
2820813,3022556,4690,11901,
2558450,2940332,4690,11901,
2047841,2622266,4690,11901,
1683581,2210142,4690,11901,
865179,1876467,4690,11901,
733643,1728905,4690,11901,
547673,1757529,4690,11901,
864081,1852211,4690,11901,
274017,1872916,4690,11901,
336322,1727409,4690,11901,
1308178,1412830,4690,11901,
1457702,1007509,4690,11901,
1012101,630887,4690,11901,
698266,395102,4690,11901,
874630,361543,4690,11901,
1319044,515391,4690,11901,
1621830,774367,4690,11901,
3053371,1033214,4690,11901,
3901272,1221479,4690,11901,
3492045,1342698,4690,11901,
1167165,1470308,4690,11901,
635462,1692929,4690,11901,
1271574,2034379,4690,11901,
2186312,2408414,4690,11901,
2829734,2657937,4690,11901,
3171054,2660566,4690,11901,
2697657,2420712,4690,11901,
1917165,2076946,4690,11901,
6932020,1822344,4690,11901,
244947,1802154,4690,11901,
710093,2053367,4690,11901,
707700,2492570,4690,11901,
220034,2935179,4690,11901,
554586,3156859,4690,11901,
2214629,2995535,4690,11901,
1883824,2441934,4690,11901,
1420977,1660100,4690,11901,
1496547,919747,4690,11901,
2164315,471799,4690,11901,
2575349,436312,4690,11901,
