-7800,2756,20273,
-7689,2652,13898,
-9620,-674,12531,
-8278,6701,13736,
-9829,1850,13929,
-9622,510,11863,
-9018,-1719,10936,
-6799,-4849,10455,
-11573,3600,16959,
-4594,805,10543,
-7753,3276,14468,
-10599,3313,18465,
-7849,8420,16243,
-10887,8028,14247,
-8906,10477,14747,
-6159,3611,11968,
-8844,14035,10186,
-7919,6647,6993,
-7043,9196,9369,
-4344,5326,8141,
-5559,7654,8180,
-7768,8344,8812,
-6486,10270,4832,
-4955,9672,11997,
-6513,8147,8564,
-8182,11013,9461,
-8265,5989,8838,
-7272,9206,8408,
-4224,7612,17481,
-2081,11630,1058,
-4609,7912,18286,
-2939,9357,8871,
-1573,4789,18781,
-2952,8298,19244,
-3579,6511,16282,
-2790,4921,20733,
-1884,6132,10471,
-1407,5087,15453,
-2126,4125,14541,
-2076,5496,14566,
-2515,3116,19845,
-3324,233,17269,
-3275,363,18650,
-2530,4469,11151,
-2114,1916,9318,
-3109,-3543,13609,
-4003,-1563,7667,
-2465,866,20574,
-1178,3556,9866,
-404,6646,12830,
-142,4266,12231,
-241,2747,7502,
-1199,3397,16624,
636,4390,12283,
-1288,951,6913,
2763,687,13623,
2541,1334,16586,
3301,3621,15635,
2943,2479,15721,
2157,-360,19640,
2335,30,20049,
2361,1059,19948,
2276,265,18842,
1876,578,15971,
1455,-279,16470,
1905,1217,15710,
1764,573,16125,
1137,-483,17382,
771,633,14365,
1008,233,14288,
899,1049,14826,
518,-305,15000,
209,1043,14905,
117,-310,14246,
130,-511,15260,
168,145,15224,
287,-108,15402,
39,196,15529,
-219,343,16387,
-1344,-1775,20049,
-545,49,16945,
-344,-3128,19338,
-611,-512,17338,
168,502,16022,
72,1746,16391,
2237,874,18090,
913,-1949,15280,
492,-3720,13196,
-434,-3484,17964,
-1106,-4693,15784,
4589,3043,25245,
-36,-2798,25016,
1549,-1425,19756,
483,-2170,23864,
-2188,-4827,14713,
-9171,-2130,6624,
2759,-6154,24479,
3424,1047,22082,
3700,6943,23246,
-1973,-2946,19958,
478,-2097,20786,
-1664,-9116,19680,
4864,5912,13360,
929,6334,12030,
1916,740,29245,
1060,483,21440,
773,1237,20009,
568,-492,24552,
2161,5675,19724,
715,3827,20389,
1481,3242,16847,
4248,8229,8988,
3736,4783,2537,
-652,5276,15236,
738,8462,14831,
-229,4903,15084,
2591,6175,12913,
-4556,3599,12960,
-1233,3165,11176,
838,5453,17004,
-383,6213,15720,
241,4722,15071,
1669,4550,14818,
-2443,5792,14512,
438,3148,15169,
901,5603,14455,
-2086,5055,13683,
838,4668,15586,
-809,3715,17799,
50,2641,15553,
-765,2899,16329,
495,3690,12328,
-582,3117,15849,
372,3001,15411,
-199,3351,15889,
-166,3195,15890,
-363,2234,15431,
-133,3010,15141,
-651,3870,15518,
-306,3645,15460,
-953,3126,16857,
-1084,2894,15995,
-1616,4902,15569,
-1568,4991,15503,
-1383,4941,15492,
-1414,4582,15747,
-1322,4456,15814,
-1385,4585,16123,
-1348,4170,15955,
-1442,4022,15871,
-1441,3952,15873,
-1473,3449,15805,
-1376,2926,16215,
-1225,3182,16154,
-1278,3303,15552,
-1440,3650,15732,
-1493,3794,15844,
-1420,4192,16395,
-1504,4327,16501,
-1432,4356,16638,
-1578,4307,16403,
-1493,4220,16305,
-1332,4267,16302,
-1544,4106,16128,
-1437,3640,16035,
-1360,3462,16052,
-1386,3487,16061,
-1423,3635,16154,
-1369,3711,16114,
-681,5665,14970,
-1051,4910,14946,
-1182,4569,14945,
-1293,4545,15097,
-1282,4624,15483,
-1288,4708,15852,
-1290,4741,15886,
-1275,4861,16011,
-1291,4793,15873,
-1296,4687,15838,
-1350,4626,15931,
-1314,4435,15942,
-1393,4584,15609,
-1267,4511,15762,
-1261,4570,15585,
-1230,4672,15762,
-1202,4419,15576,
-1254,4198,15658,
-1124,4435,15854,
-1162,4476,16024,
-1230,4197,16094,
-1327,4233,16084,
-1326,4185,16007,
-1233,4177,16145,
-1067,5492,16166,
-1940,2604,15777,
-1732,-133,16105,
144,4579,15501,
810,5598,15277,
856,5665,15362,
-4903,3588,14787,
892,5840,12365,
-35,5862,15800,
-943,4496,15262,
948,6244,14980,
837,6245,15716,
1239,6087,15519,
259,5547,15345,
592,5824,15637,
1118,6009,15173,
1186,6139,15003,
1112,6232,14986,
1108,6107,14959,
635,5555,15120,
410,5281,15260,
2727,6683,15226,
849,5153,15368,
1159,5349,15342,
565,4979,15431,
1428,5342,15453,
872,4951,15560,
850,4612,15189,
689,4849,15439,
36,7046,16898,
273,4844,15415,
486,4984,15532,
19,4402,15751,
-47,4627,15792,
-70,4545,15589,
-146,4548,15367,
-96,4525,15184,
-25,4620,15157,
0,4725,15128,
-92,4707,15187,
-174,4714,15500,
81,4824,15636,
136,4924,15417,
-240,4940,15057,
-109,5262,14852,
2056,6228,14399,
-334,5109,15147,
-291,4997,15311,
-165,5423,15208,
-187,5307,15135,
-103,5406,14918,
-324,5302,14655,
-493,5331,14621,
-378,5551,14989,
-911,6446,15597,
-867,6512,15502,
-788,6607,15479,
-729,6615,15306,
-753,6590,15150,
-713,6352,14948,
-682,6082,15090,
-716,5748,15150,
-1764,6468,15364,
-1066,6565,15661,
-697,5022,15139,
-861,3927,15760,
-79,4350,15665,
-39,4530,15612,
-19,4551,15593,
-46,4536,15576,
-1212,4592,15526,
-142,4424,15573,
-94,4203,15830,
-73,4124,15740,
-73,4128,15612,
2,4153,15512,
789,4777,15547,
-421,3798,15455,
10,3912,15815,
-5,3832,15802,
43,3900,15689,
114,3943,15694,
221,3989,15838,
239,3885,15656,
309,3895,15780,
240,3727,15589,
271,3835,15553,
225,3653,15587,
254,3863,15594,
155,3620,15792,
278,3656,15865,
294,4164,15572,
272,4074,15444,
104,4036,15309,
302,4180,15344,
313,4078,14930,
-58,4440,14001,
-226,3668,15184,
1394,2775,5696,
1755,5627,14841,
-1137,4068,17249,
-2229,3005,4993,
2467,3837,12315,
2513,4693,16528,
-5217,4223,13719,
246,4698,14547,
983,4602,13359,
976,4497,16815,
1373,4180,15998,
1374,4527,14556,
978,4143,15415,
1214,4254,15245,
2400,3586,15334,
1491,3974,15483,
1322,4241,14600,
1670,4247,15602,
1239,4411,14213,
1776,4424,14403,
3131,4843,17987,
2097,5725,15076,
3270,8378,14824,
3826,8268,13754,
3140,8127,14392,
2699,6737,14901,
3107,2513,13779,
1380,7915,16012,
-446,1697,17325,
259,4023,15080,
173,3384,12350,
-666,3533,14224,
-1484,3713,14467,
-1656,2266,15163,
-1832,1427,15486,
-2246,1118,15644,
-1733,-466,15501,
-1718,-562,15820,
-1171,-925,15730,
-1067,-1145,15813,
-1738,-326,15375,
-1697,460,16356,
-1324,725,17671,
-1319,1339,17986,
-1534,1379,17351,
-1576,1155,17471,
-1826,1153,17266,
-1950,1130,17121,
-1929,1497,17139,
-1964,1708,17350,
-1265,3276,16890,
-1291,3748,16714,
-1026,4098,16346,
-1200,3960,15796,
-2450,5430,13890,
760,2938,18520,
-2007,5889,15323,
-1415,3651,18169,
24,4768,17060,
-973,6839,14273,
-1539,6554,14767,
-1146,5234,15545,
-1546,5093,15129,
-651,4355,15737,
-1468,5165,14413,
-377,4554,15565,
-1375,4153,15220,
-1228,3777,14516,
-1119,3657,14468,
-1032,3571,14807,
-952,3384,14773,
-1017,3540,14509,
-1115,3666,14363,
-985,3958,13948,
-762,3941,13765,
-1031,3462,13920,
-908,3019,14298,
-990,2948,14410,
-2347,1377,15952,
-2203,1477,16268,
-2247,1453,16480,
-2254,1462,16576,
-2368,1790,16201,
-2344,1857,16107,
-2183,2030,16127,
-2182,2092,16127,
-2328,2022,16135,
-2194,1914,16122,
-2192,1820,16139,
-2198,1636,16081,
-1937,1620,16159,
-2033,1800,16007,
-1824,1900,15718,
-1752,1767,15875,
-1578,1835,16134,
-1508,1872,16131,
-1427,1962,16053,
-1251,2127,15816,
-1102,2264,15698,
-1025,2238,15608,
-911,2427,15354,
-845,2306,15183,
-997,2253,15040,
-815,2203,15171,
-837,2219,15185,
-1120,2340,15427,
-1051,2252,15795,
-1126,2684,16131,
-1230,2757,16332,
-923,3086,16743,
-1576,3276,17017,
-1565,3379,17210,
-1670,3460,17383,
-1906,3257,17437,
-1788,3296,17462,
-1837,3287,17292,
-1731,3158,17247,
-1800,3160,17069,
-1902,2900,17101,
-2059,2759,17133,
-2171,2524,17117,
-2131,2413,17205,
-1090,3122,16353,
-1302,3523,15989,
-1063,3379,15923,
-1249,3631,15715,
-1097,3610,15399,
-1063,3570,15071,
-1073,3652,14730,
-1197,3493,14194,
-1284,3509,14009,
-1173,3440,13874,
-1258,3429,13681,
-1448,3548,13514,
-1707,3566,13593,
-1628,3542,13885,
-1624,3891,14301,
-1590,3940,14650,
-1886,4070,14638,
-1998,3900,14716,
-1728,4199,14977,
-1512,4476,14860,
-1668,4442,14694,
-1842,4290,14701,
-1410,4180,15066,
-1023,4625,14922,
-1320,4522,14461,
-1128,4281,14465,
-1023,4064,14508,
-718,3978,14356,
-533,3846,14174,
-529,3760,14137,
-574,3790,14403,
-924,3818,14673,
-1078,3586,14999,
-745,4036,15653,
-692,4651,15864,
-568,4692,16004,
-730,4926,16457,
-558,4932,16633,
189,5117,16793,
219,6029,16667,
-277,5424,15755,
-34,4940,16614,
122,5184,16518,
28,5140,15987,
-190,4341,15712,
-58,4410,16388,
-563,4380,16200,
-976,3441,16223,
-1616,3320,16661,
-2180,3002,17111,
-2553,2733,17876,
-2521,2317,18134,
-2077,2448,18357,
-1597,2657,18066,
-1652,2436,17376,
-1681,2047,17245,
-2082,1301,17093,
-2197,130,17654,
-2158,-150,17653,
-3029,-2579,16815,
-2425,-1567,15930,
-1798,-1080,16718,
-2359,-846,16504,
-2742,-1146,16592,
-3003,-1480,17054,
-2805,-1743,17605,
-2639,-1396,17304,
-2458,-916,17037,
-2339,-359,16944,
-2307,199,17197,
-2231,604,17023,
-2192,1076,17033,
-2433,1217,16831,
-2004,1345,17292,
-1412,1870,16960,
-1108,1975,16318,
-1082,1678,16157,
-1340,1531,16257,
-1439,1216,16323,
-1462,865,16589,
-1296,705,16555,
-1194,489,16367,
-878,331,16107,
-723,255,15853,
-794,140,15527,
-754,-198,15960,
-872,-400,16028,
-1001,-650,16231,
-1372,-547,16497,
-1319,-836,16830,
-1133,-712,17104,
-1062,-336,17031,
-1132,-328,16900,
-943,-479,17441,
-956,24,17376,
-860,-94,17582,
-664,-212,18086,
-518,-43,17718,
22,206,17729,
249,10,17817,
500,201,17412,
-15,61,17025,
-477,-445,17612,
-258,-373,17967,
610,-136,17566,
1381,586,16811,
1263,473,15936,
1525,285,16009,
1371,576,15821,
1322,434,15896,
1688,626,15922,
1324,785,15231,
986,538,15208,
1691,321,16343,
2154,541,16236,
2588,1369,15495,
3020,1590,15437,
2259,1473,15607,
1868,907,15875,
1816,419,16762,
1628,331,17181,
2042,1142,17318,
2435,1509,15987,
1284,3439,15844,
929,2542,16021,
1678,2485,15897,
1594,2926,15609,
1748,2731,15589,
1850,2296,15905,
1832,1856,16069,
1772,1198,16212,
1630,813,16740,
673,1470,15783,
-16,2126,15425,
-469,1119,16781,
1724,387,17749,
25,1889,13283,
1095,3539,15780,
1672,2397,17192,
1093,2310,16289,
1606,1657,15907,
1182,954,16248,
1146,1926,15391,
1868,2482,14655,
2912,7685,13858,
770,3207,15268,
-18,3536,15399,
-376,3522,15702,
-117,3794,16134,
-190,4024,15773,
-324,3436,15723,
-52,3247,15837,
-208,3374,15882,
66,3123,15788,
123,2781,15531,
-180,2780,15188,
-349,2430,15312,
-203,1986,15725,
-288,1976,15665,
1,2450,15554,
315,2707,15363,
410,2704,15248,
962,5191,15662,
506,3051,16083,
477,3426,15737,
22,3953,15531,
478,3409,15731,
971,3566,15608,
1032,3775,15024,
1151,5508,15218,
695,2961,15063,
-39,3186,14858,
-98,2855,15167,
144,3412,15622,
172,4050,15626,
-286,4252,15546,
-306,4175,15893,
-861,4473,16410,
-854,4632,16515,
-1040,4873,16472,
-730,4757,16343,
-537,5094,16444,
-520,5036,16168,
-452,4837,16019,
-270,5016,15940,
-450,4835,15905,
512,5073,16762,
-284,3991,16197,
-957,4251,15624,
-1260,4406,15937,
-1013,4863,15684,
-1008,5037,15653,
-995,5017,15540,
-1040,4801,15686,
-978,4656,16049,
1746,7847,16517,
-617,2103,18516,
-2254,4565,15392,
-1093,3813,15950,
-494,2913,16406,
-657,3266,16180,
-214,3347,15800,
-304,3343,15779,
413,3095,15909,
540,3053,15331,
714,3046,14843,
279,3120,14433,
-127,3037,14997,
166,2926,15614,
-477,3403,16647,
-349,2169,14705,
-403,1916,13981,
-37,2727,15334,
-90,3000,14871,
-314,3651,15279,
-272,3670,15514,
108,2468,15744,
-217,2530,15471,
-570,3020,16178,
328,3159,15576,
-108,3395,15175,
-779,3501,15459,
-854,3582,16037,
-694,3587,16388,
-728,3205,15975,
-670,4687,15881,
-853,4786,15610,
-930,4592,15958,
-1118,4713,16219,
-1160,4246,15813,
-1459,4139,16043,
-1396,3736,16208,
-1669,3876,16295,
-1458,3729,16097,
-1838,3638,15987,
-1786,3760,16132,
-1574,3636,16128,
-1688,3821,16328,
-1481,3657,16183,
-1421,3573,16367,
-1226,3416,16290,
-1275,3467,16060,
-938,3758,15819,
-1523,3675,16216,
1197,3160,16104,
80,4066,16547,
-147,3488,15923,
-529,3108,16431,
332,3460,16714,
-1593,2965,16414,
-729,3605,15996,
-776,2648,16803,
-983,2717,17006,
-758,2866,16656,
-723,2682,16757,
-694,2838,16612,
-1182,2723,16765,
-984,2384,15491,
-1590,2076,15823,
-1247,1477,15189,
-1159,2221,15347,
-733,2344,14789,
-1106,2911,14911,
-255,2416,14574,
-1102,3202,15018,
-1613,3425,15038,
-1391,4084,15660,
-1673,4233,15819,
-1320,4563,16607,
-1616,5205,16869,
-1360,4289,17749,
-881,5373,17120,
-985,4533,16678,
-1011,4121,16669,
-681,3894,16319,
-541,3111,16127,
-586,3163,16060,
-600,2820,16002,
-635,2594,15833,
-513,2261,16085,
-648,2912,16492,
-1128,2180,16250,
-654,1673,16872,
808,1257,14938,
-500,966,19700,
1752,2842,16504,
1722,1698,15987,
1279,3351,17090,
59,2483,16181,
104,2627,16999,
168,2539,16895,
-528,2943,16853,
-67,2785,17155,
64,2793,16892,
-359,2774,16253,
-524,2153,16032,
-644,2765,15856,
-493,2504,15416,
-291,3105,15304,
880,3204,15033,
237,3051,14748,
142,2947,14778,
-112,2644,14650,
-330,2820,15107,
-75,3128,14880,
-513,3006,15340,
-396,2846,15816,
-1215,2994,16335,
-414,3305,16461,
-864,3521,16930,
-902,3380,17305,
-1134,3298,17805,
-909,3042,17548,
-495,2859,17240,
-709,2572,17074,
-363,2468,17283,
-308,2319,16650,
-197,2427,16425,
-93,2482,16182,
-108,2486,16081,
-107,2514,16002,
-74,2626,15956,
-122,2644,16024,
-19,2942,16252,
-31,3181,16191,
-31,3257,16355,
-19,3303,16462,
-406,3057,16502,
-121,3283,16410,
-22,3309,16484,
-87,3064,16422,
-237,2948,16358,
-159,2934,16262,
780,3304,16424,
-49,2670,15947,
-498,2484,15600,
-154,2306,15631,
243,2755,15566,
2430,18289,19853,
47,3536,16950,
-1529,-253,17156,
-1779,6835,16944,
-138,4104,16018,
-437,3768,16953,
75,633,17153,
-766,3328,16729,
347,5601,15593,
-451,3429,16221,
350,3666,15990,
-122,3311,15704,
792,3850,15249,
-114,3509,14494,
-286,3568,15372,
-1429,-2472,17435,
225,3855,14716,
10,4071,14652,
-123,3848,14835,
-9,4040,14699,
-167,3926,14845,
-244,3638,15451,
-379,2926,15722,
-785,3434,16247,
-535,3613,16231,
-629,3428,16371,
-466,3531,16489,
-393,3659,16308,
-491,3566,16048,
-605,3396,16069,
-521,3327,15986,
-841,3091,15480,
-578,4208,15300,
-440,2975,15591,
-866,2756,15871,
-912,2859,15908,
-1071,2847,16090,
-1038,3124,16282,
-729,3402,16345,
2986,7362,16401,
939,4620,17119,
-1136,3396,16348,
-25,3552,15518,
-453,3352,15545,
-709,2833,15294,
-651,1642,15518,
-1134,2291,15529,
-689,2738,15494,
-1037,2943,15991,
-1098,3127,15692,
-1301,3063,16027,
-7894,5114,15141,
-1077,1616,16703,
-1568,2720,17056,
-1315,3101,17044,
-1284,1288,17221,
-1028,3133,16873,
-1096,3510,16582,
-850,3227,16063,
-1022,3192,15862,
-1456,3280,15630,
-1291,3736,15844,
-1571,3652,15819,
-1518,3899,15908,
-1503,4206,15917,
-1536,4120,16174,
-1454,4037,16198,
-1181,4495,16068,
-1169,4317,16142,
-1042,4196,16186,
-894,4236,16097,
-884,4007,15830,
-875,3774,15880,
-1245,7187,15026,
-935,3373,16104,
-958,2864,16060,
-1086,2901,16062,
-1111,3479,15814,
-1013,3044,16002,
-992,3015,16189,
-1109,3467,16308,
-1160,3732,16330,
-1150,3668,16539,
-1953,3942,16566,
-67,4617,16649,
-1248,4557,16097,
-2581,3889,16037,
3900,3897,17715,
-1319,3528,15763,
-2269,3738,15610,
-1208,4139,16153,
-1161,3602,16022,
-1286,3551,16166,
-1212,3608,16345,
-1086,3698,16411,
-836,4299,15690,
-345,2812,15087,
-66,2926,15372,
43,2817,15720,
-48,2744,15526,
-418,3785,14646,
-510,3042,15011,
-407,3941,15816,
-407,4469,15762,
-410,4957,15847,
-543,5230,15746,
-572,5051,15816,
-545,4874,15752,
-504,4984,15941,
-361,4871,16240,
-458,4698,16098,
-395,4232,16103,
-444,3942,16157,
-454,3710,16137,
-525,3503,16086,
-547,3288,16057,
-536,3398,16034,
-494,3486,16177,
-505,3126,15913,
-523,2996,15859,
-606,2854,15877,
-674,3013,15884,
-698,3115,15759,
-709,3345,15765,
-685,3857,15716,
-868,4401,15564,
-696,4167,15960,
-766,4656,15953,
-706,4517,16342,
-494,5012,16257,
15,5334,16309,
-649,4468,16070,
-1257,5938,15004,
-769,4510,16295,
-832,4123,16021,
-1021,3720,15694,
-1056,4050,15710,
-971,3783,15680,
-7858,611,17209,
-2069,4010,15503,
-640,3343,14978,
-961,3283,15452,
-1062,3562,15756,
-815,3234,15484,
-803,3223,15287,
-927,3713,15456,
-916,3532,15383,
-751,3354,15377,
-926,2734,15960,
-1491,3337,16421,
-1540,3192,16175,
-1462,3335,16190,
-1351,3511,16206,
-1371,3493,16105,
-1456,3640,16403,
-1427,3653,16424,
-1302,3840,16393,
-3094,4524,16813,
-618,4461,15526,
-1168,3714,16355,
-1286,3526,16777,
-1291,3812,16193,
-982,4210,16001,
-1109,4343,15852,
-1056,4433,16008,
-1322,4444,16225,
-1019,4262,16548,
-978,4313,16809,
-1238,4139,16500,
-1452,3987,16579,
-1118,4094,17437,
-512,3932,17666,
-1337,3102,16186,
-1560,2876,15256,
-1165,2860,15940,
-1593,3084,16393,
-1752,2360,16556,
-1450,2378,16254,
-1540,2277,16150,
-1501,2096,15973,
-1523,2845,15879,
-1874,2654,15074,
-1893,2358,14798,
-1511,2103,15098,
-1786,1775,15200,
-1555,1671,15375,
-1489,1747,15425,
-1412,1697,15598,
-1571,1312,15525,
-1270,1774,15456,
-2081,1586,15182,
-1528,832,15274,
-460,923,16122,
3909,-221,15648,
-1964,2080,12518,
-1239,2501,14297,
-3690,4238,16082,
-1897,1784,15257,
-203,1459,15959,
-2863,3071,15123,
-2640,3224,15095,
-1816,2709,15061,
-2323,3194,15771,
-2341,2897,15886,
-2374,2537,15088,
-2384,2855,14656,
-2681,2978,14517,
-2345,1999,14413,
-2144,1348,14324,
-2173,943,14222,
-2366,418,14408,
-2114,806,15137,
-2185,554,15198,
-1691,-378,15108,
-1931,-291,14855,
-1633,325,15518,
-1879,122,14869,
-1508,1181,15719,
-2129,1637,16143,
-2365,1969,16389,
-2017,1492,16856,
-2157,2084,16673,
-2422,2344,16923,
-2554,2581,16929,
-2650,3286,18342,
-2541,2593,15521,
-2585,2085,17138,
-2384,1709,16541,
-2041,1537,16580,
-1891,1562,16029,
-1530,1280,16280,
-1752,1454,15678,
-1554,416,15852,
-1230,285,15689,
-1215,584,15611,
-1133,118,15616,
-1279,-425,15486,
-987,557,14877,
-946,0,14793,
-675,270,14207,
-1485,894,13518,
-1247,-73,12802,
-819,-1876,13793,
-663,-1032,12611,
-503,-453,12996,
785,2522,13277,
1129,1123,10571,
605,1895,12596,
94,891,8755,
243,-803,12348,
-272,1368,11533,
525,1618,14819,
2928,1802,15730,
2241,936,13112,
3006,-4013,17059,
-598,3643,15625,
-848,-856,16480,
2621,8591,16645,
2557,1092,14376,
722,358,15542,
1383,2529,16918,
1392,492,15922,
1139,1306,13682,
1194,528,16215,
1034,292,16590,
2939,174,14929,
2478,-3517,12843,
354,-202,17928,
912,1720,18484,
1449,-1087,17046,
1044,-947,16777,
844,280,17240,
1980,3990,22702,
1978,-2060,16225,
2106,-1438,21079,
4450,3756,22251,
-635,278,17986,
-322,-2863,19130,
633,4180,21665,
72,-1932,12755,
-1013,2721,17652,
-4100,-9212,16650,
-5479,5460,15836,
4151,24489,2183,
-3405,-4408,16896,
-926,19,18377,
-2921,-4447,21979,
-1011,6354,15151,
-2221,4973,15475,
-976,5339,15712,
-1631,5683,14268,
-1570,6436,14967,
-944,3726,17062,
-2177,1884,17635,
-2210,3185,24730,
-4193,816,15116,
-1834,3798,15199,
-4399,4035,14543,
-2254,3695,12878,
-2654,6855,12631,
-3130,6330,16452,
-3182,4818,10935,
-3518,5332,13976,
-3472,4045,13541,
-3029,3706,12554,
-2853,2712,11651,
-3080,3703,14262,
-2727,3964,14240,
-2584,5880,14724,
-3083,6218,14715,
-3101,6049,14391,
-2811,6758,14268,
-2648,6140,15481,
-2501,7249,13157,
-1288,4774,12739,
-3098,4300,13597,
-2883,5088,14034,
-2183,6181,12652,
-2246,4204,14683,
-1595,5749,14224,
-1320,5562,16011,
-1993,5914,18144,
-1363,6010,14864,
-1385,6954,14835,
-1389,7739,14956,
-943,7593,14577,
-438,6905,14624,
-679,6256,15391,
-305,5679,16559,
-325,6524,15942,
913,6946,16447,
696,5062,17550,
1305,3153,15557,
-1314,1065,10778,
-798,6504,12509,
171,9723,-9891,
1257,2925,22632,
-892,32764,-31773,
7091,18648,-11208,
3402,-6088,25826,
-3400,-15643,32764,
198,1351,22332,
-664,4613,19137,
2735,15547,9858,
-1921,-5061,20834,
418,1150,4331,
5190,25435,14962,
3095,6613,16716,
-669,-5374,32764,
1443,589,4603,
2567,2997,26764,
2591,5520,12771,
153,376,26382,
869,-162,20582,
626,-2430,23378,
1453,759,17343,
2079,-4948,22427,
11,-5076,17184,
2374,-1887,20454,
-280,-7190,13869,
2785,3432,17403,
-719,-2380,14597,
1168,-1246,16740,
1790,1313,16841,
2260,9423,6950,
1486,-6298,19388,
3335,6854,18967,
2643,1865,20105,
1850,2089,18357,
2627,8575,18256,
1699,3269,19745,
1945,3278,19629,
1272,3173,18753,
1265,3003,17427,
1339,3040,17467,
1571,3265,17795,
1353,2603,16712,
1160,2282,16927,
1247,2061,16794,
784,181,16311,
1212,-26,16340,
1336,124,15147,
2674,8492,18452,
-1683,-6228,32764,
2670,4477,11056,
175,-7148,16804,
-568,3953,18150,
1619,-1807,13190,
669,-2172,16700,
834,4744,17940,
1380,3885,17189,
779,1894,17358,
689,676,18406,
787,1278,17670,
1479,-779,17706,
1413,1333,16100,
-99,1368,17288,
89,986,17187,
-182,723,17366,
1262,2990,16663,
1836,2201,18184,
1471,1982,16746,
600,1882,15248,
-962,-1613,14405,
-481,940,13857,
163,623,13679,
1683,1731,13179,
1634,2364,14527,
1147,1756,14847,
730,2953,14407,
433,3379,13077,
884,1146,17405,
2781,5812,15817,
-825,2559,10356,
-197,2623,13307,
-89,954,16916,
-158,1959,12257,
-785,2179,16859,
76,-373,21753,
-63,1532,17011,
-1444,1823,16271,
882,3449,16988,
370,1782,16215,
226,2368,13595,
9,3463,15996,
242,2638,17032,
-728,1233,14526,
-66,1789,17603,
132,1581,15360,
-380,3572,11710,
-920,516,17000,
-780,-40,15292,
-229,1268,14988,
-386,1251,15674,
-504,1055,15004,
-3222,-957,13160,
1012,61,10834,
-1171,1730,14357,
547,1514,17041,
-360,1556,15399,
1179,3539,16188,
1193,5208,17507,
-209,4907,17204,
-1078,4344,16544,
-454,4259,17356,
-1225,2510,17920,
-872,4092,16827,
250,3441,17393,
160,4087,17613,
141,3529,17882,
-22,2870,17500,
3921,-4420,14330,
936,-441,17135,
-501,1245,17506,
-239,841,17632,
-692,1567,17668,
-936,1668,17957,
-1245,1269,17095,
-1585,2001,17996,
-1555,1717,16929,
-1726,1254,17134,
-1633,1020,16230,
-942,528,15985,
-1527,1294,15571,
-1733,904,15386,
-1366,803,14644,
-2346,137,14204,
-2319,3057,11929,
-2263,132,17351,
1071,1344,16829,
-2010,1242,16600,
-3319,-1841,18320,
-3387,-1464,15891,
-1167,615,16508,
-5164,979,19094,
-5370,-84,17927,
-2580,2907,20991,
-4262,1095,18211,
-2817,1217,17418,
-5349,652,17986,
-3088,801,17158,
-4452,-1137,17103,
-3653,795,17439,
-2464,-481,17753,
-2530,-1162,18019,
32,-954,17695,
67,-1384,17291,
-726,-738,17839,
-788,-1077,17758,
-2710,-1031,17007,
-2136,519,17626,
-2499,160,16707,
-3443,861,15826,
-2178,938,17329,
-2085,438,17324,
-1951,64,17884,
-2327,792,16674,
-2376,-229,16656,
-4080,416,11158,
-3539,-951,23546,
-286,-2334,8735,
-74,-1167,12715,
-4429,-722,16111,
-4930,241,14992,
-2329,-419,16003,
-3017,-642,15826,
-1430,-1349,15686,
-2122,-1189,15169,
-4195,836,16079,
-3576,1023,16729,
-2995,1121,16122,
-3007,304,15887,
-2157,309,14303,
-1832,-566,14944,
-1849,-513,16392,
-1739,-1101,17451,
-3018,-932,17333,
-3187,-758,17267,
-3374,-114,15754,
-3614,1141,15143,
-3883,2356,13577,
-590,12849,19882,
-2537,-2597,22258,
-1122,-1031,14894,
-3741,1041,11238,
-2824,2635,14585,
-3443,1973,17173,
-3117,1238,19424,
-2988,1254,17730,
-2735,1262,16910,
-4524,-496,17031,
-2922,1917,20021,
-3120,395,19148,
-2848,835,19282,
-3222,1064,18740,
-3665,968,21614,
-2753,57,20437,
-8085,-7396,23931,
120,-3242,9767,
-19909,2208,19782,
5420,439,31619,
99,3095,16970,
-18896,-5774,22676,
616,5514,5155,
-5243,-15381,16700,
-1528,2247,14971,
-3227,-979,11448,
-4369,-972,14945,
-5475,896,14786,
-5108,-543,15515,
-5494,-930,16815,
-4980,738,16674,
-5612,942,17236,
-5831,1467,17775,
-4619,2725,14387,
-4615,2806,16246,
-5747,-890,16395,
-6199,776,16036,
-6192,927,15677,
-4156,-395,12843,
-6045,385,16034,
-7175,1653,15718,
-5576,506,14784,
-4757,-424,12102,
-4827,1156,15382,
-6872,4116,19610,
-3682,1351,11863,
-5026,2842,15341,
-6015,923,14179,
-5911,1442,13638,
-3049,2841,12573,
-7016,768,17418,
-5117,-1056,12625,
-3909,199,14011,
-3100,-2868,14179,
-6995,590,16275,
-6710,2723,15934,
-5888,2316,15511,
-6158,1172,14243,
-6266,1483,14284,
-5733,2026,14495,
-6137,1225,13971,
-5948,874,13987,
-6784,-653,16361,
-7670,-194,12349,
-6639,182,13241,
-6431,-188,11527,
-6896,-1419,14052,
-6289,-5537,10846,
-5266,-942,13279,
-3230,-496,15162,
-5771,-8867,6034,
-6086,-10531,8700,
-4129,-5393,13858,
-2358,226,17175,
-4726,263,17938,
-9536,-4743,18533,
-5298,-2906,18946,
-1558,5877,21552,
-6242,-6773,6645,
-9910,-11898,10903,
-6310,-1801,17445,
1307,15432,31460,
-6925,-5678,8621,
-6316,-3195,17335,
-1508,3011,22281,
-3293,5088,10689,
-9525,-4298,18919,
-7968,-2068,23222,
-5446,-3784,8973,
-11861,-16737,9933,
-7064,-10650,9486,
-4975,-1911,11106,
-5084,1282,21322,
-6683,-7094,14555,
-4482,-2202,17372,
-1878,8059,32764,
-3994,5502,27420,
-1195,8208,28535,
-2637,1139,7287,
-8385,-13097,-6633,
-10442,-16248,6339,
-6458,-6475,13396,
-2016,10304,18474,
-2904,9746,16470,
-2912,1261,11850,
-5266,-690,10420,
-5209,-17,14697,
-4118,419,14914,
-6301,-395,11962,
-5332,-1554,14340,
-5652,-3340,17183,
-4762,-3127,23314,
-4660,-1912,16703,
-4148,-1243,11266,
-4289,-561,8380,
-3599,931,24822,
-5666,6703,24407,
-2172,-1930,13181,
-5068,-1341,18748,
-4335,-1791,13289,
-3563,556,10943,
-4484,3612,15362,
-5627,-921,16109,
-5304,-345,18569,
-5955,-448,16597,
-5871,-1603,15452,
-4548,-151,17199,
-3777,-91,16925,
-3478,744,19091,
-3240,2127,17838,
-3324,4507,14850,
-3697,3391,15018,
-4843,2085,17357,
-6696,-207,15764,
-5576,6739,22417,
-3077,4840,10209,
-6843,5077,21673,
-5783,2854,22528,
-6493,-670,10671,
-6684,220,12967,
-5932,2580,17792,
-6218,2031,10767,
-6265,-664,17615,
-6968,-185,12121,
-6472,599,14684,
-6199,2713,17674,
-6043,3097,15670,
-5936,2315,14449,
-6643,-1934,13401,
-6917,-1532,13110,
-6637,-143,13089,
-6133,91,14028,
-5743,6392,14140,
-6670,-832,14559,
-6415,1235,10796,
-5824,2453,10220,
-6115,-838,15678,
-6774,2497,11886,
-6322,2944,12642,
-6480,2324,13534,
-5973,2427,12940,
-6280,1470,13417,
-6251,852,14065,
-5898,1212,13544,
-6068,414,13383,
-6395,169,12932,
-6656,-1053,13217,
-6158,-1042,13797,
-6620,-4693,15336,
-7096,-4089,17059,
-6568,-937,14552,
-6801,-1997,15654,
-6902,-1977,15026,
-6989,902,14243,
-6372,468,14246,
-6272,360,14926,
-7038,1173,14291,
-5833,864,13932,
-5036,1341,9329,
-5909,-1114,15705,
-5735,298,16465,
-5822,-998,13536,
-6285,0,15205,
-6104,-1209,15177,
-6360,-549,14642,
-6268,-480,14809,
-5682,-2054,14989,
-5647,-1471,15871,
-5449,-1203,13273,
-5190,-1112,15583,
-4535,478,16585,
-5040,229,15143,
-4573,-408,15041,
-4382,1283,15373,
-4797,1664,14922,
-4820,486,15128,
-5440,1758,17912,
-3656,2725,14798,
-4775,23,15074,
-4950,-345,18037,
-4982,-276,17158,
-5117,37,15462,
-4302,-176,17276,
-4441,-585,16973,
-4576,-680,16865,
-4234,281,17020,
-4344,573,18121,
-4516,-616,9195,
-4531,1322,14989,
-3446,-60,18892,
-3415,1084,16399,
-3816,-1147,16209,
-3331,-2134,16769,
-3740,-1155,17136,
-4004,-722,18659,
-3906,316,17182,
-3989,-257,17824,
-4247,-724,11121,
-4839,-722,19693,
-3954,-1331,17737,
-7501,4489,27609,
-7121,6247,22935,
-427,-426,16710,
-7087,-6223,12252,
-1901,-70,16219,
-665,-6455,11265,
-5357,2696,19428,
-2913,4660,1738,
-5419,-5641,11890,
-6120,3252,9291,
-2216,-11657,8766,
-4464,-5157,28472,
-2998,-2562,19795,
-784,-7424,-4083,
-7354,-5464,21799,
-2831,2470,2642,
-1570,-7372,4410,
-2667,-14602,27223,
-5471,-11407,1618,
-2466,-10378,17068,
-3420,-5614,9903,
-5476,-7193,15237,
-3802,-7761,14891,
-3904,-7410,16367,
-3579,-7198,13924,
-3527,-7291,14660,
-3540,-7535,14779,
-3171,-7753,14499,
-3174,-7866,14908,
-3072,-7277,14815,
-3106,-6837,14205,
-2987,-6433,14688,
-3284,-6073,14300,
-3073,-6032,14317,
-3649,-5587,12409,
-3178,-6544,14127,
-3522,-6581,13960,
-4094,-6589,16670,
-3305,-9489,12514,
-2315,-6531,13822,
-4386,-7739,14129,
-4399,-8655,13092,
-4628,-8792,14960,
-4021,-7858,14513,
-4148,-7412,13936,
-3835,-7247,14242,
-4095,-8389,13381,
-3707,-8108,13828,
-4134,-6916,13695,
-4139,-7175,13464,
-4036,-8015,13536,
-3851,-8097,13410,
-3776,-7859,14605,
-106,-5780,-2284,
-4346,-1796,9053,
-6298,-6155,25058,
-3284,-6324,7540,
-7713,-6180,16712,
-7,-9565,32764,
-4712,-4339,20237,
-3055,-5205,10463,
-3943,-7270,11822,
-4916,-6233,7088,
-2182,-4275,6486,
-6332,-9649,13133,
-3707,-16918,11808,
-9409,-1075,15201,
-5339,-10644,2444,
-195,-4915,18559,
-10509,-4578,12956,
-335,-10602,17519,
14,-6460,11856,
3121,-7863,16633,
3103,-6969,15688,
4221,-6225,16696,
3896,-10555,21184,
329,-7990,18920,
454,-9481,16937,
-410,-8207,15195,
408,-8395,15621,
632,-6827,13712,
-102,-7940,15226,
444,-7023,14371,
197,-6785,14177,
867,-6690,13930,
1107,-6396,14345,
965,-5501,14542,
1253,-6388,15161,
1491,-6913,15622,
1600,-7508,15423,
1126,-7590,14633,
1375,-7121,14330,
415,-7071,14691,
761,-7796,16169,
1065,-8192,16358,
925,-8405,16362,
1115,-8083,17319,
4196,-4141,10086,
-280,-5202,15248,
679,-5419,16298,
665,-5198,13271,
1105,-7413,14574,
1866,-7607,14404,
2057,-6574,14624,
2293,-6476,14914,
1887,-6335,15401,
2332,-5942,15189,
2118,-6955,15062,
1923,-6651,15458,
1807,-6848,15600,
1847,-6669,15636,
1905,-6871,15332,
2273,-6764,15433,
1949,-7222,15377,
2497,-7497,15231,
1883,-7052,15260,
2191,-7307,14942,
1990,-7193,15084,
2040,-6853,15099,
1743,-6995,14784,
1661,-6867,14562,
1780,-6855,14435,
1599,-6968,14542,
1785,-7263,14385,
1722,-6410,14647,
1757,-6528,14650,
1892,-6957,14497,
2180,-6997,14244,
2406,-7431,14282,
2476,-7618,14080,
2394,-7348,13865,
2277,-6949,14047,
1958,-6852,14314,
1781,-6743,13877,
1591,-6960,14086,
1844,-7231,14339,
1776,-7387,13999,
2003,-7808,14409,
1856,-7884,14637,
1564,-8029,14541,
1310,-7999,14333,
1593,-7947,14213,
2333,-8740,15268,
2734,-7705,13622,
2237,-8273,13508,
1816,-6874,13726,
2447,-6318,13269,
2664,-6227,13851,
2713,-5547,14041,
2255,-5971,14425,
2782,-5510,14772,
2595,-6079,15159,
2384,-5795,14956,
2586,-6285,14848,
2641,-6516,15005,
2617,-6810,14945,
2625,-7563,15588,
2427,-7383,14651,
2557,-7127,14871,
2331,-6896,14714,
2401,-7050,15322,
2251,-7020,15276,
2121,-7003,15471,
2052,-7008,15500,
1958,-7058,15265,
2017,-7112,14764,
1793,-7681,14968,
1589,-7755,14587,
1517,-7772,14577,
1568,-7278,14279,
1997,-7036,14615,
2187,-6552,14503,
2403,-6511,14744,
2386,-6127,15137,
2371,-6815,14681,
2159,-7416,14061,
2458,-6530,14474,
2576,-6712,14223,
2160,-6291,14609,
398,-5605,17529,
3182,-6577,11656,
2086,-7789,12839,
1825,-7856,14803,
1694,-7994,13412,
983,-1808,5352,
3206,-3248,29674,
-3220,-2570,12057,
2926,-14418,12800,
8222,-5460,7772,
573,-6598,11697,
495,-9684,18589,
2888,-8228,15186,
2965,-5918,16240,
3778,-4702,17300,
2941,-5752,16776,
1599,-5657,15847,
2512,-5261,13932,
2473,-5967,15228,
3173,-6357,15049,
2922,-6903,15503,
1909,-6510,14777,
2930,-6619,14563,
2366,-6666,14614,
1887,-6614,14416,
2214,-6519,14294,
2754,-6314,14783,
2325,-6585,15094,
2156,-6571,14899,
2249,-6702,15048,
2310,-7014,15023,
2267,-6808,14969,
2115,-6840,15155,
2496,-6362,15262,
2479,-6218,15639,
2716,-6620,16134,
3104,-7103,16223,
2477,-7163,16225,
2674,-6659,16001,
2848,-6803,17089,
2033,-5628,16411,
2326,-6829,16290,
2363,-5497,13580,
3596,-5678,15748,
706,-6874,15050,
1850,-7942,17762,
1358,-7401,15507,
520,-4947,6181,
3269,662,24131,
1965,-9556,13723,
1944,-4564,10213,
2535,-6653,11454,
1590,-6840,13931,
1319,-5436,15773,
1194,-5479,16080,
1316,-6163,14992,
1382,-6661,14922,
1186,-6431,14424,
1147,-6499,14606,
1341,-5964,14727,
1224,-6103,14785,
1161,-5972,14467,
1061,-5666,14590,
1267,-5253,14872,
1491,-5760,15042,
1659,-5990,15069,
1118,-5362,14650,
1028,-5898,14924,
1266,-5858,15629,
1149,-5370,15471,
1190,-5858,15601,
1148,-5872,15582,
1307,-6059,15488,
1127,-5930,15690,
1104,-5866,15254,
1483,-5734,14786,
1429,-6166,15107,
1128,-7217,13102,
1301,-5259,15660,
1213,-5305,14986,
2933,-6589,16072,
-91,-5219,10191,
285,780,9696,
1158,-1256,19698,
534,-4303,16951,
730,-4163,13728,
4588,-8059,15870,
-3048,278,13127,
-616,1488,15900,
220,586,21093,
1146,-5153,17361,
1213,-2433,15932,
669,-3500,14523,
132,-1763,13891,
-909,-2700,15370,
-1407,-1397,12707,
-18,-3875,18024,
2969,-2363,20403,
1631,-9177,17068,
1424,-4707,14295,
1042,-3194,14076,
1186,-2592,16766,
548,-2000,16545,
303,-1326,15946,
113,-349,16106,
515,-490,16932,
254,-239,17205,
123,100,17047,
152,318,17237,
363,149,17321,
1055,-1404,17580,
1160,-1847,17701,
1509,-2080,16730,
1473,-3178,16012,
1379,-2506,15380,
1092,-1776,15088,
1024,-1390,15882,
938,-2016,16847,
894,-2245,16169,
757,-2293,15547,
804,-2012,15757,
434,-1770,16232,
656,-1632,17089,
768,-1935,16190,
660,-1910,15426,
682,-2063,15409,
494,-1742,16182,
620,-1909,16394,
456,-1606,16060,
654,-1673,15835,
719,-1984,15635,
811,-2003,15731,
586,-2210,15681,
1130,-2831,16604,
158,-2708,15761,
160,-2431,15685,
301,-2254,16358,
200,-2036,16198,
152,-1960,16059,
284,-2219,15922,
187,-2220,15675,
138,-1848,15984,
51,-2056,16930,
32,-2405,16866,
78,-2250,16863,
-12,-1671,16321,
375,-1773,16454,
600,-1052,16511,
1234,-1015,16050,
1631,-597,15689,
2058,-154,15298,
2175,27,15037,
2352,423,14813,
2581,483,14723,
2453,108,14941,
2098,-147,14659,
2013,752,14077,
1877,-162,14577,
1921,551,14344,
1322,-317,14520,
719,-700,15909,
679,-1245,17459,
73,-2427,18172,
-171,-2193,18905,
93,-2932,19560,
-233,-2039,18569,
46,-1800,18657,
276,-1887,18010,
584,-1191,17460,
993,-1095,16711,
993,-864,16250,
1303,-305,16425,
1310,-370,16077,
1394,-26,15914,
1377,-148,15609,
1790,-518,15403,
1640,-489,15797,
1807,-755,15814,
1415,-72,15006,
1053,-1347,16793,
851,-1005,15615,
1022,-540,15925,
874,-1742,17430,
643,-678,16268,
933,-1031,16543,
1044,-1185,16453,
1050,-805,16065,
889,-1162,17097,
996,-686,17162,
1087,-804,16999,
1155,-833,16402,
1306,-671,15884,
1159,-498,16022,
1312,-592,16130,
1272,-561,16059,
1293,-745,16356,
1327,-854,16388,
1296,-803,15909,
1316,-776,16146,
1301,-922,16635,
1242,-831,16317,
1295,-1121,16418,
1146,-1273,16296,
1147,-1340,16282,
1166,-1314,16089,
1117,-1695,16126,
973,-1328,16010,
1340,-1453,16200,
1414,-1194,16535,
1534,-1704,16246,
1344,-1505,16799,
1696,-1741,16351,
1508,-1355,15746,
1640,-1768,15692,
1793,-2090,15689,
1567,-2486,16144,
1507,-1770,16502,
1479,-2273,16750,
1315,-2491,16391,
1424,-2529,16396,
1388,-2250,16813,
1189,-1789,17100,
1168,-1777,17021,
1384,-1930,16849,
1397,-1738,16599,
1470,-1621,16476,
1385,-1596,16585,
1437,-1602,16527,
1475,-1655,16341,
1462,-1856,16089,
1522,-1857,15956,
1516,-1729,15784,
1400,-1859,15941,
1378,-1856,16011,
1373,-1726,15859,
1412,-1618,15767,
1450,-1493,15766,
1422,-1388,15698,
1333,-1147,15579,
1370,-1078,15848,
1372,-1264,16343,
1357,-1252,16444,
1269,-1163,16458,
1276,-1243,16448,
1273,-1130,16413,
1222,-1174,16424,
1369,-211,15814,
981,-1279,16561,
1134,-1048,16821,
1167,-952,16387,
1101,-953,16166,
1087,-1134,16561,
1151,-750,16205,
945,-1040,15986,
1088,-982,16394,
1116,-958,16150,
1141,-1196,16024,
1151,-1244,16034,
1095,-1380,16300,
1199,-1105,15931,
1133,-1136,15774,
1108,-1673,16178,
943,-1547,16145,
1024,-1365,16044,
1038,-1334,16202,
838,-1520,15896,
806,-1782,16308,
758,-1759,16169,
923,-1848,15803,
1113,-1726,16054,
1263,-1575,16659,
1326,-1583,16201,
1317,-1169,15688,
1401,-1016,15992,
1424,-1114,16256,
1565,-1008,16027,
1624,-1000,15956,
1718,-982,15846,
1583,-1043,15804,
1499,-1169,16242,
1391,-1092,16459,
1286,-959,16567,
1243,-1112,16677,
1193,-1091,16611,
1113,-1018,16545,
1163,-946,16572,
1100,-1134,16628,
1232,-997,16238,
1161,-1057,16132,
1264,-1163,16092,
1283,-1264,15988,
1259,-1229,15872,
1253,-1230,16203,
1147,-1467,16166,
1196,-1843,15410,
1044,-1350,16339,
1087,-1636,16439,
912,-1525,16282,
1024,-1618,16223,
979,-1657,16125,
989,-1408,16236,
1003,-1297,16490,
1124,-1200,16597,
1118,-1264,16394,
1301,-1405,16172,
1200,-1180,16202,
1242,-1085,16268,
1287,-1155,15955,
1214,-1150,16124,
1292,-1276,16278,
1269,-1316,16134,
1270,-1345,16146,
1315,-1395,16212,
1344,-1565,16251,
1351,-1648,16351,
1389,-1770,16422,
1284,-1806,16188,
1307,-1723,16237,
1307,-1628,16383,
1273,-1504,16457,
1328,-1556,16376,
1341,-1402,16252,
1329,-1402,16246,
1362,-1553,16429,
1381,-1328,16310,
1383,-1368,16253,
1419,-1376,16346,
1459,-1352,16241,
1394,-1348,16228,
1453,-1370,16374,
1393,-1403,16282,
1432,-1377,16257,
1388,-1411,16307,
1428,-1401,16265,
1474,-1498,16363,
1436,-1387,16307,
1386,-1403,16161,
1307,-1439,16315,
1307,-1311,16371,
1322,-1448,16399,
1350,-1544,16346,
1344,-1535,16243,
1278,-1549,16326,
1255,-1609,16334,
1187,-1579,16267,
1218,-1682,16233,
1289,-1712,16146,
1234,-1702,16104,
1123,-1601,16073,
1228,-1613,16087,
1312,-1516,16001,
1353,-1437,15988,
1422,-1444,15909,
1444,-1333,15915,
1397,-1292,15965,
1322,-1217,16062,
1263,-1234,16060,
1225,-1334,16132,
1252,-1271,16149,
1247,-1124,16242,
1164,-1185,16212,
1170,-1216,16360,
1250,-1240,16166,
1263,-1241,16132,
1215,-1154,16367,
1348,-1117,16257,
1238,-1156,16403,
1084,-1589,16977,
1207,-1612,16452,
1320,-1748,16276,
1311,-1650,16295,
1193,-1858,16308,
1275,-1875,16419,
1251,-1866,16425,
1224,-1826,16235,
1217,-1909,16156,
1189,-1741,16300,
1058,-1375,16217,
1139,-1333,16128,
1222,-1200,16238,
1195,-1070,16179,
1230,-916,16158,
1348,-827,16185,
1293,-535,15555,
1530,-888,16191,
1411,-963,16367,
1653,-909,16173,
1543,-1536,16061,
1341,-1668,16305,
1438,-1316,16466,
1213,-1445,16366,
1396,-1832,15766,
1201,-1686,16308,
1327,-1905,16166,
1234,-1474,16246,
1230,-1650,16176,
1136,-1727,16130,
1361,-1476,16661,
1346,-514,16373,
1401,-310,15430,
1618,-2122,16866,
1559,-938,16852,
1686,-852,15673,
1783,-1315,15702,
1730,-1111,16240,
1656,-1143,16297,
1734,-1799,16760,
1508,-1699,16893,
1542,-1760,16365,
1436,-1547,16605,
1557,-2175,16434,
1575,-2012,16552,
1707,-2222,16669,
1567,-2658,16562,
1780,-1907,16218,
1678,-2149,16074,
1653,-1958,16194,
1425,-1746,16014,
1442,-1645,15879,
1314,-1318,16448,
1318,-1137,16391,
1386,-1385,16493,
1330,-1233,16203,
1263,-927,15868,
1260,-1164,16400,
1289,-1028,16888,
1595,-347,16762,
1307,-1631,16994,
1180,-373,13772,
1262,-1162,16601,
1373,-938,15983,
1408,-1326,16006,
1547,-622,15532,
1001,-1639,15102,
1190,-1546,16759,
1191,-971,16130,
1310,-939,15589,
1348,-725,16157,
1396,-761,16315,
1449,-928,16074,
1511,-675,16589,
1315,-552,16306,
1559,-101,14939,
1466,-1408,17625,
1495,-1066,15812,
1392,-1055,15978,
1341,-1753,16367,
1501,-1674,16980,
1558,-1401,16178,
1599,-1162,16048,
1613,-1175,15966,
1537,-1189,16183,
1694,-970,16314,
1684,-1131,16223,
1755,-1171,16112,
1763,-1353,16221,
1828,-1257,16385,
1826,-1200,16159,
1782,-1340,16121,
1918,-1438,15894,
1901,-1618,16302,
1841,-1895,16140,
1698,-1549,16363,
1776,-1590,16363,
1696,-1336,16399,
1723,-1604,16345,
1692,-1642,16057,
1467,-1149,16271,
1426,-1428,16277,
1426,-1758,15896,
1361,-1284,16266,
1236,-1256,15840,
1414,-1938,16580,
1663,-421,15861,
1286,-712,15838,
884,-735,17086,
1421,-1112,15798,
1325,-1681,14581,
1742,-1606,15561,
1388,-1497,16036,
1303,-1634,16175,
1228,-1782,15787,
1417,-36,16017,
922,-3119,16445,
1288,-2309,15542,
1391,-2064,14847,
1084,-2117,16637,
1187,-1966,16746,
924,-1796,16518,
1038,-1729,16025,
1046,-2012,15975,
225,-2051,16497,
1135,-1317,14323,
1413,-2100,18803,
1068,-1467,18340,
759,-1720,14594,
1585,805,15185,
988,-2003,15492,
1241,-3171,17162,
1050,-954,16264,
831,-4707,18388,
1659,-3296,15135,
306,-2092,19952,
2015,-2341,12932,
192,-4393,14744,
1898,-258,16303,
539,-1024,11816,
940,-1181,11233,
1337,-2765,22627,
1384,-3894,10190,
716,-1704,19453,
1832,-2318,15665,
688,-5249,20145,
1367,-3103,20635,
2104,-3878,11827,
2839,-7060,21063,
1470,-3978,17516,
780,-4974,15109,
2257,79,-11707,
2998,-6717,21558,
1514,-9734,32730,
-1134,2083,23320,
1026,-854,32764,
2307,-1516,8522,
-562,-3075,16819,
807,-4686,8932,
717,-4711,17082,
914,14,12651,
1097,-1761,15503,
1354,-4710,17600,
1065,-3812,14454,
1213,-2974,15751,
429,-3329,17972,
972,-3079,16579,
760,-3424,16100,
893,-4050,17541,
967,-3343,15446,
1015,-3417,14876,
1042,-2791,16468,
1329,-3226,16284,
1012,-3194,15758,
1150,-2915,16744,
768,-3118,16237,
857,-3439,16144,
1006,-3036,15979,
978,-3121,15598,
1664,-5084,12105,
1071,-1286,15101,
565,-2310,16385,
299,-3355,17709,
735,-2811,17929,
790,-4094,18817,
1995,-292,14203,
1236,-1532,13389,
284,-4766,17442,
1397,-2515,15757,
1279,1080,7854,
1172,-5193,16063,
1097,-2063,12716,
1490,5795,15079,
1407,-4012,19657,
1524,-1984,15174,
1367,-3565,17192,
1718,-3545,17519,
1239,-3470,16301,
1014,-3373,16695,
983,-3275,14725,
1278,-2940,15354,
1627,-2612,15091,
994,-2962,16888,
1377,-2580,16036,
1233,-2552,16133,
1226,-2254,16461,
1218,-2094,15124,
1204,-1467,14690,
1280,-1729,15615,
1290,-1859,14495,
1396,-825,13694,
1014,-1028,15854,
1401,-1409,16828,
851,-1852,16655,
1045,-2646,16567,
1383,-2144,16434,
1425,-1799,16763,
1340,-2748,15568,
1080,-1012,18754,
1393,-1948,17697,
1187,-677,18028,
1528,-1433,16572,
1915,-991,17781,
1595,-851,17412,
2135,-1035,13557,
2513,-1148,14722,
2505,265,16910,
3166,833,17354,
1134,857,18439,
1834,-650,15264,
2471,-778,12192,
2462,-1088,13313,
892,-1042,10697,
2688,1189,15145,
3078,-448,16058,
589,-1338,16365,
1041,-1369,16325,
2052,-2189,17094,
2528,-2090,18420,
2210,-580,17129,
1900,-304,16095,
2077,-30,15756,
1814,-689,16639,
1130,62,15606,
1934,1502,17430,
1750,977,17734,
1908,1165,16528,
1905,1328,16503,
2478,965,16702,
1925,1558,17227,
1813,1188,17190,
2671,1276,16762,
2075,1270,16095,
1780,1916,16534,
1917,2026,17055,
1900,2905,16077,
1465,2877,16428,
3073,1636,15147,
1932,1285,14960,
1818,2136,15446,
2120,2458,16486,
2172,2075,16305,
1992,2430,16319,
2684,3156,15488,
3014,2745,17451,
2510,2376,16466,
2649,2878,15920,
1922,2184,16550,
1728,2167,15659,
2561,1867,16032,
1535,1757,16021,
2127,2238,16037,
1863,1903,16266,
1744,4237,16761,
2250,4714,16817,
2211,3321,16148,
2522,2198,15317,
2064,2389,15432,
2255,2574,15290,
2616,2559,15542,
2151,3197,14625,
1812,3359,15280,
2151,3446,15537,
2844,2842,15281,
2064,2809,15140,
2609,3453,15407,
2405,2841,15656,
2317,2882,15602,
2233,3172,15519,
2246,3297,15741,
2238,3010,15583,
2169,2639,15726,
2419,3008,15746,
2208,3243,15631,
2141,3301,16336,
1893,1948,12244,
-941,-1821,17176,
1225,4036,13309,
1212,3503,17277,
1625,3880,15309,
2593,4186,15679,
2153,3689,15737,
2498,3206,16254,
1956,2678,16681,
2339,3583,16694,
1492,3451,16465,
1934,3370,16739,
2689,3340,16743,
1906,2855,17805,
1700,2254,17470,
1929,2533,16854,
2211,2714,16631,
1746,2502,16589,
2379,2531,16410,
2115,2387,15401,
2225,2717,14826,
2018,2312,14482,
1890,2319,15148,
2492,2001,15379,
2480,1940,15320,
3049,2354,15856,
3544,2961,15487,
1170,1388,18039,
817,457,13587,
1864,1563,15478,
2343,1189,16229,
2987,1040,16293,
2600,1235,16797,
4178,898,15488,
2417,765,16180,
2151,680,15855,
1686,473,15998,
2395,-41,15512,
1136,804,16121,
2574,1478,15985,
2342,1465,16210,
3375,1510,16612,
2635,1631,16360,
1414,536,15844,
2628,1802,15253,
3345,2658,16412,
3336,2076,16382,
3404,1960,16744,
3297,2059,16396,
3178,1563,16195,
2461,2027,16347,
2692,1816,16527,
2701,1811,16253,
1956,1571,16113,
2585,1306,16104,
2963,1712,16432,
3042,707,15255,
2712,-27,15753,
2147,840,16061,
3307,1066,15639,
3450,1838,16689,
2281,773,16824,
2536,575,16058,
1986,-346,15641,
162,-75,16672,
8834,10105,11364,
285,-1468,19237,
3011,-478,15163,
2070,-1414,15883,
2781,-157,16386,
2964,-287,16390,
3664,-63,16363,
3641,-355,16660,
3598,-631,16142,
2616,-595,16286,
3479,-491,16439,
3395,-485,16273,
3533,-330,16141,
4338,-284,16485,
3984,-400,16552,
3770,-124,16519,
3555,-389,16455,
3593,-601,16215,
3071,-890,16417,
3378,-597,16186,
3640,-1077,16247,
3112,-1353,15892,
3069,-1030,15974,
2441,-650,15702,
4030,-1324,15684,
3058,-670,16288,
2671,-722,15835,
3016,-533,15960,
2898,183,15961,
2776,-45,15870,
2820,-14,15907,
2763,-58,16094,
3014,26,16097,
3030,13,16237,
2877,-123,16242,
3047,-297,16299,
3383,-268,16467,
3286,-455,16320,
3069,-657,16219,
2920,-795,16022,
2910,-780,15976,
2740,-711,15931,
2919,-653,16062,
2804,-644,15945,
2804,-619,15822,
2776,-382,15932,
2762,-109,15895,
2773,-157,16014,
2811,153,16373,
2696,-181,16470,
2675,-408,16154,
2643,-281,16272,
2979,-84,16147,
2808,-199,15959,
2951,-474,16198,
3138,-562,16184,
2754,-657,15706,
2925,-638,15885,
3071,-309,16077,
3002,-139,15773,
2932,-337,15642,
2761,-221,15779,
2900,35,16050,
2700,848,15456,
2799,-103,15944,
2878,-456,16160,
3066,-867,15663,
2823,-591,15479,
2937,-463,16022,
2967,-528,15755,
3012,-474,15471,
3275,-433,16152,
3082,-289,16123,
3254,-101,16357,
2980,-434,16544,
3038,-419,16599,
2939,-296,16388,
2991,-330,16290,
2955,-268,16443,
3042,-366,16222,
2730,-114,15961,
2810,-103,15750,
3523,-26,16338,
2880,20,15930,
3217,-70,15759,
3383,-371,16248,
3210,-405,15993,
3034,-545,16384,
3624,-873,16287,
3323,-854,16291,
3256,-569,16511,
2996,-696,16373,
3018,-1301,16197,
3007,-1394,15686,
3285,-1458,15769,
3100,-1466,15801,
3148,-1605,15718,
3051,-1893,15694,
3081,-1325,15764,
3340,-1023,16200,
3502,-639,16367,
3419,-484,16474,
3339,-327,16467,
3290,-236,16710,
3362,-192,16603,
3200,-384,16230,
3440,-446,16137,
2925,-5,15804,
2916,-475,15792,
2753,-658,15644,
2789,-1009,15831,
3135,-1023,15564,
2736,-578,16110,
2879,-477,16123,
2645,-601,16255,
2469,-148,12966,
3237,-828,14408,
3090,391,17126,
2797,-493,16123,
3205,-132,15467,
1889,-1252,15361,
3450,-161,16255,
2905,-396,15803,
2747,-678,15518,
2861,-536,16209,
2591,-731,16733,
2367,-919,15644,
2585,-763,15803,
2364,-487,15801,
2638,-423,16482,
2880,-503,16763,
2993,-25,16211,
2884,442,16281,
2569,285,16283,
2705,112,16207,
2657,123,16271,
2704,173,16197,
2675,183,16124,
2719,213,16133,
2719,205,16188,
2739,321,16128,
2935,357,16078,
2868,215,16079,
2805,139,16042,
2830,13,16043,
2838,56,16049,
2914,-51,16137,
2890,-129,16149,
2781,-52,16176,
2809,95,16246,
2826,270,16298,
2797,227,16394,
2874,226,16399,
2839,190,16328,
2798,152,16176,
2754,194,16035,
2735,256,16017,
2792,203,15970,
2727,281,15906,
2751,286,15804,
2695,256,15769,
2708,272,15853,
2686,230,15928,
2690,135,15931,
2641,191,15946,
2651,173,15925,
2651,150,15932,
2670,123,16023,
2713,40,16146,
2684,-1,16255,
2771,81,16347,
2833,189,16327,
2788,120,16294,
2787,196,16254,
2823,211,16238,
2822,125,16237,
2784,171,16258,
2862,234,16259,
2858,286,16272,
2935,188,16173,
2809,98,16132,
2917,164,16048,
2788,207,16015,
2754,316,16066,
2812,217,15981,
2803,215,16039,
2830,252,15952,
2806,195,15999,
2762,85,16024,
2729,111,16017,
2758,198,16071,
2730,234,16072,
2677,232,16021,
2694,279,16019,
2731,322,16068,
2746,254,16135,
2703,267,16094,
2682,251,16105,
2713,314,16199,
2740,245,16222,
2642,194,16138,
2717,250,16116,
2650,267,16043,
2663,164,16034,
2719,178,16097,
2724,223,16091,
2662,304,16155,
2721,200,16105,
2698,262,16125,
2749,332,16183,
2719,412,16234,
2747,401,16216,
2719,411,16200,
2703,306,16127,
2619,421,16080,
2695,486,16107,
2721,475,16128,
2693,523,16126,
2701,406,16076,
2571,461,15996,
2726,438,15882,
2674,489,16039,
2700,486,16019,
2431,333,15733,
2711,520,16124,
2568,407,16068,
2736,389,16197,
2650,432,16193,
2667,547,16124,
2536,501,16024,
2581,539,15913,
2692,739,15983,
2712,597,15942,
2651,521,15980,
2652,724,16058,
2701,695,16035,
2756,761,16126,
2744,712,16263,
2733,673,16265,
2863,669,16317,
2851,496,16346,
2793,314,16171,
2769,232,16045,
2778,220,15932,
2740,287,15930,
2668,347,16028,
2720,534,16085,
2671,602,16223,
2656,730,16343,
2633,532,16312,
2679,333,16412,
2870,475,15953,
3094,469,15959,
