2659,-2423,12718,
3438,-1594,12189,
3665,-1198,11754,
3720,-334,12197,
3898,-563,11712,
4058,-443,12526,
4233,-603,12821,
4417,-516,12720,
4513,-600,13211,
4574,-643,13698,
4748,-288,14392,
5155,-100,14896,
5233,106,15159,
5341,15,15434,
5426,105,15026,
5563,55,14660,
5136,-515,15904,
5017,-918,15608,
5049,-921,15692,
5125,-910,14889,
5351,-608,14558,
5298,-875,14680,
5248,-585,13825,
5449,58,13699,
7268,2603,13390,
7134,2877,13317,
7330,2558,13384,
7466,2877,13398,
7387,2796,13695,
7491,3214,13131,
7566,3589,12532,
7502,3338,12164,
7646,3577,11917,
7464,3852,11342,
7350,3916,11177,
7339,3760,11844,
7185,4092,10980,
7392,4331,10454,
7255,4222,10845,
7246,4314,10898,
7339,4707,10866,
7613,4969,10959,
7585,5083,11322,
7982,5198,10895,
7925,5065,10872,
7854,4904,11469,
7526,4552,11626,
7522,4625,11138,
7240,4589,11683,
6911,4214,11618,
6738,4080,11352,
6603,3922,11291,
6435,4031,11207,
6376,4106,11003,
6405,4051,11168,
6452,4210,11029,
6566,4255,11210,
6736,3995,11518,
6853,4213,11575,
6957,4326,11766,
7069,4440,11821,
7423,4461,11887,
7396,4446,12311,
7221,4295,12671,
7259,4202,12797,
7166,4162,13223,
7162,4318,13225,
7157,4502,13128,
6940,4334,12909,
6581,3879,13293,
6453,3865,13404,
6385,3888,13425,
6258,3818,13518,
6233,3859,13486,
6298,3685,13942,
6445,3928,13541,
6428,3928,13508,
6447,3956,13641,
6647,3866,13776,
6834,3904,13970,
6877,4014,14115,
6920,4058,14154,
6844,4067,14354,
6747,4120,14126,
6697,4139,14280,
6517,4069,14061,
6422,3996,14209,
6413,3969,14276,
6344,3842,14090,
6294,3831,14144,
6264,3635,14296,
6235,3587,14231,
6205,3585,14106,
6185,3470,14090,
6145,3362,14133,
6259,3279,14134,
6254,3397,13983,
6400,3464,14216,
6561,3391,14450,
6606,3539,14713,
6756,3790,14918,
6926,3715,15290,
6831,3784,15253,
6821,3878,15044,
6797,3957,15163,
6611,4064,14730,
6464,3966,14580,
6258,3843,14213,
6045,3884,13960,
5946,3850,13665,
5826,3736,13563,
5779,3598,13825,
5683,3547,13805,
5841,3652,14026,
5803,3818,14277,
5897,3634,15002,
5966,3427,15144,
5960,3724,15173,
6115,3924,15349,
6058,3947,15334,
5933,3742,15301,
5912,3685,15448,
5856,3676,15546,
5600,3822,15291,
5652,3813,14882,
5527,3890,14668,
5302,3502,14854,
5161,3331,14285,
5277,3426,13987,
5295,3618,14375,
5441,3533,14708,
5436,3529,14800,
5585,3694,15059,
5436,3630,15306,
5382,3495,15337,
5713,3797,15484,
5907,4020,15852,
5935,4172,15769,
5847,4285,15397,
5761,4143,15692,
5798,4099,15204,
5419,3643,14491,
5062,3583,15227,
5353,3074,14215,
5572,3631,14523,
5076,3301,15023,
5094,3123,14443,
4898,2731,15076,
5119,3079,15180,
5224,3366,15324,
5291,3553,15226,
5442,3354,15551,
5414,3532,15448,
5494,3511,15531,
5627,3747,15299,
5745,3804,15479,
5853,4033,14858,
5774,4139,14905,
5672,3971,14911,
5476,3969,14729,
5449,3766,14987,
5324,3637,15036,
5313,3741,15267,
5261,3823,15278,
5250,3745,15287,
5224,3730,15344,
5155,3629,15421,
5174,3621,15555,
5225,3689,15600,
5143,3639,15592,
5138,3701,15315,
5243,3763,15271,
5316,3835,15299,
5402,3967,15190,
5344,4115,15145,
5323,4083,14930,
5260,3955,14599,
5306,4019,14457,
5321,4080,14465,
5357,4189,14543,
5349,4063,14657,
5329,4100,14696,
5378,4134,14597,
5353,4374,14458,
5330,4141,14765,
5318,4123,14742,
5315,4118,14816,
5352,4170,14712,
5469,4292,14431,
5188,4243,14527,
5152,4215,14569,
5087,4114,14511,
5107,4128,14605,
5177,4351,14723,
5285,4332,14653,
5247,4332,14558,
5288,4417,14554,
5372,4542,14638,
5387,4508,14634,
5349,4709,14512,
5400,4755,14555,
5458,4890,14493,
5403,4866,14475,
5338,4886,14455,
5307,4821,14374,
5262,4937,14318,
5214,4933,14457,
5106,4830,14526,
5139,4939,14211,
5116,4834,14090,
4891,4648,14337,
4903,4449,14144,
4689,4429,14324,
4725,4387,14168,
4834,4396,14103,
4612,4275,14239,
4537,4244,14264,
4509,4146,14395,
4393,4071,14555,
4427,4116,14638,
4484,4190,14909,
4443,4177,15160,
4571,4236,15269,
4565,4378,15321,
4556,4313,15565,
4678,4464,15651,
4671,4514,15506,
4671,4535,15570,
4672,4529,15549,
4738,4504,15619,
4759,4530,15525,
4823,4557,15413,
4818,4652,15324,
4949,4596,15522,
4928,4523,15337,
4820,4372,15357,
4898,4329,15352,
4710,4282,15464,
4763,4166,15655,
4716,4247,15595,
4675,4184,15395,
4685,4186,15541,
4630,4268,15631,
4629,4207,15756,
4647,4161,15709,
4614,4208,15635,
4612,4331,15646,
4719,4350,15648,
4716,4492,15573,
4724,4712,15383,
4813,4729,15200,
4870,4701,15259,
4719,4726,15069,
4733,4837,14867,
4740,4678,14879,
4636,4584,14994,
4599,4483,14967,
4650,4506,14890,
4587,4573,14881,
4642,4536,14915,
4706,4616,14938,
4687,4724,14875,
4670,4744,14925,
4681,4862,14824,
4707,4997,14830,
4630,4886,14842,
4557,4780,14874,
4529,4724,14773,
4455,4579,14859,
4382,4570,14774,
4391,4518,14796,
4321,4497,14847,
4347,4535,14828,
4421,4520,14852,
4449,4473,14770,
4410,4482,14708,
4376,4550,14738,
4484,4659,14760,
4493,4612,14583,
4489,4560,14609,
4570,4586,14767,
4526,4645,14689,
4605,4661,14599,
4594,4702,14535,
4563,4710,14645,
4548,4740,14676,
4621,4803,14494,
4646,5015,14564,
4655,4985,14678,
4560,4980,14461,
4560,4913,14339,
4564,5022,14223,
4492,4960,14472,
4435,4895,14345,
4408,4872,14163,
4300,4771,14311,
4351,4705,14351,
4306,4653,14300,
4399,4664,14508,
4447,4613,14529,
4386,4602,14343,
4426,4629,14629,
4548,4747,14538,
4530,4797,14801,
4528,4719,14613,
4600,4769,14593,
4658,4727,14796,
4631,4768,14532,
4552,4876,14391,
4556,4850,14530,
4511,4876,14546,
4512,4825,14700,
4398,4853,14608,
4462,4851,14663,
4456,4844,14574,
4449,4765,14648,
4361,4839,14431,
4500,4857,14578,
4426,4912,14502,
4400,4814,14493,
4382,4801,14382,
4483,4912,14473,
4525,4962,14585,
4537,4964,14644,
4637,5059,14568,
4630,5182,14729,
4782,4998,14808,
4668,5016,14876,
4565,4757,15020,
4477,4691,14833,
4546,4598,15047,
4484,4585,15067,
4548,4525,15147,
4396,4360,15274,
4391,4326,15398,
4504,4436,15559,
4500,4438,15522,
4492,4407,15394,
4513,4447,15297,
4549,4588,15238,
4568,4665,15179,
4649,4699,15109,
4701,4721,15095,
4766,4896,15009,
4692,4997,15186,
4771,5056,15114,
4847,5101,14965,
4809,5032,15066,
4739,4984,15053,
4762,5026,15024,
4594,4988,15013,
4524,4839,15172,
4477,4805,15304,
4358,4758,15338,
4400,4766,15433,
4410,4852,15510,
4389,4793,15501,
4427,4781,15447,
4420,4814,15411,
4406,4788,15266,
4369,4793,15133,
4420,4757,15236,
4365,4760,15237,
4313,4793,15015,
4287,4718,15092,
4211,4722,15095,
4118,4696,15039,
4059,4681,14869,
3993,4681,14785,
3964,4624,14946,
3916,4720,14831,
3971,4754,14794,
3917,4723,14725,
3946,4752,14737,
4084,4829,14755,
4062,4997,14728,
4087,5048,14727,
4123,4974,14809,
4100,4810,15010,
4083,4899,15179,
4107,4914,15143,
4138,4912,15183,
4082,4963,15012,
4033,4895,15015,
3948,4884,14876,
3943,4886,14790,
3982,4850,14840,
4022,4900,14884,
4012,4815,14805,
4065,4727,14816,
4041,4731,14808,
4069,4757,14846,
4178,4844,14873,
4239,4892,14860,
4287,4944,15063,
4381,4994,15188,
4437,5116,15183,
4609,5285,15309,
4616,5350,15368,
4640,5273,15396,
4666,5336,15233,
4589,5320,15290,
4653,5372,15169,
4626,5370,15174,
4585,5272,15224,
4435,5064,15282,
4343,4940,15371,
4278,4929,15398,
4221,4839,15500,
4130,4766,15494,
4115,4625,15425,
3988,4693,15396,
3943,4552,15237,
3849,4599,15215,
3917,4650,15371,
3858,4753,15229,
3939,4739,15128,
3907,4811,15023,
3927,4916,15270,
3842,5008,15103,
3792,4727,15044,
3847,4858,15055,
3837,5004,15204,
3868,5102,15124,
3830,5030,15012,
3743,5115,14884,
3725,5095,14926,
3762,5160,14881,
3697,5063,14895,
3573,5026,14766,
3585,4893,14811,
3466,4842,14682,
3498,4855,14711,
3511,4874,14716,
3467,4785,14757,
3422,4773,14703,
3394,4781,14829,
3394,4767,15040,
3425,4798,15096,
3446,4878,14942,
3134,4437,15453,
3498,5112,15468,
3907,6599,14529,
4341,4841,15079,
3802,5727,14979,
3280,5267,14340,
2919,4931,14218,
2741,4492,14433,
3072,4767,14261,
3219,5159,14866,
3094,4983,14911,
2641,6905,13893,
3367,6256,14330,
4785,6487,14562,
3772,5855,16054,
3026,4946,15086,
2548,4682,14621,
2260,4273,14213,
2636,4464,14686,
3034,5046,14373,
3613,6068,14166,
3790,5882,14257,
3433,5495,14576,
3161,5142,15135,
3354,5241,15060,
3348,5212,15508,
3209,4651,15863,
3161,5215,15557,
3283,5075,15403,
3341,5292,15496,
3480,5294,15490,
3708,7497,15080,
3729,4972,15514,
3275,5951,15755,
2466,4204,15081,
3614,4117,15285,
3481,5116,15499,
3644,5666,15818,
3776,5835,15311,
3334,5141,15555,
3525,5355,15337,
3539,5565,15508,
3516,5503,15452,
3559,5562,15164,
3742,5751,15092,
3582,5582,15084,
3415,5529,15081,
3316,5455,15038,
3250,5630,14847,
3534,5379,15047,
3511,5673,15005,
3439,5706,15303,
3291,5580,14913,
3167,5357,14872,
3036,5256,14882,
3067,5101,14810,
3067,5235,15141,
3118,5380,14898,
3564,5662,15466,
2747,6099,15931,
3038,5949,15755,
2833,5378,14544,
3114,5053,14113,
2586,5929,14655,
2678,5380,14392,
2305,5635,13835,
2748,5320,14561,
2715,5750,14019,
2798,5592,14370,
2624,5701,14171,
2846,5577,14202,
2616,5855,14155,
2523,5860,14186,
2617,5574,14718,
2771,5456,14830,
2607,5803,14189,
2820,5605,14877,
2592,5745,14991,
2951,5558,15795,
2915,5669,14859,
2591,5171,15884,
2652,5567,15813,
2882,5624,15634,
2835,5345,15544,
2892,4995,15569,
2703,5252,14839,
2791,4722,16072,
2779,5583,15228,
2992,5255,15859,
2890,5390,15927,
3103,5291,15883,
3045,5449,17144,
3159,5501,15079,
3255,5151,15326,
3197,5442,15506,
2886,5249,14813,
7852,-18020,7541,
2096,10068,20189,
2978,6896,16078,
3261,3852,11796,
1770,4929,13293,
2189,6717,14501,
2646,4594,15232,
2206,5213,14333,
2181,5446,16720,
2319,4994,14862,
2731,5071,15979,
2760,5278,14676,
2738,5247,15649,
2552,6077,17307,
2896,5546,15892,
2668,7569,13439,
2817,6795,15273,
3219,6960,15126,
2735,7195,15207,
3290,7581,15654,
2930,6870,17920,
3419,8058,16692,
3492,8261,17044,
3376,7505,16124,
3026,7619,16155,
2346,6613,14167,
2573,7504,13779,
3263,7304,13925,
3026,7206,14269,
2584,7306,11774,
2559,6879,13767,
2133,6467,13322,
1098,6494,16501,
4072,5831,11874,
2332,8012,17212,
1404,7321,16130,
2782,7479,13276,
2929,6615,13863,
1914,7859,14131,
2585,7210,14997,
2636,6486,12855,
1608,8062,14232,
2229,5752,14712,
-2178,-746,9712,
4672,5332,8802,
2455,10553,15690,
2093,6958,15460,
1783,6383,12790,
1889,7464,12273,
1849,7085,14698,
2123,6894,14780,
2179,7181,14872,
1753,6746,14241,
2131,6516,14966,
1968,6914,13672,
2209,7069,14550,
1859,6999,13779,
1738,6299,14220,
1725,6579,13607,
1894,7589,13658,
1971,7821,14403,
2209,7637,13970,
2080,7408,13653,
1738,6625,13733,
1354,6231,15879,
1358,5966,16028,
2110,6750,9795,
1642,4728,19732,
5705,4792,15979,
2271,6365,16969,
548,8409,16531,
1872,8340,15485,
1684,6898,16233,
1594,9514,12181,
1453,8386,15648,
1492,7620,15291,
1966,7957,15192,
1889,7522,15699,
4199,-287,4587,
3907,15429,15800,
583,10630,17597,
2010,7571,15281,
2870,10093,11496,
1874,8818,13828,
753,7533,16872,
1552,7083,15451,
1859,9340,15991,
1042,7263,15348,
1621,7896,15323,
1574,7795,15217,
767,6461,14998,
350,5388,14250,
1985,7119,14265,
161,6516,14452,
2137,8332,15627,
-2181,4801,10069,
-60,7091,12231,
1062,-3341,-27193,
3308,10785,29928,
3634,13650,27917,
1882,10652,19633,
1312,8197,16485,
1868,6375,15573,
1006,5708,14718,
1518,4476,14541,
663,6246,16653,
1240,5777,15891,
1785,5881,14393,
108,6323,16904,
3378,7041,16264,
1806,6063,16094,
2658,6280,16054,
2499,5347,16335,
88,5495,15048,
4112,5649,17403,
2064,5789,17713,
1353,5767,15246,
-372,5295,14889,
794,5590,14841,
1388,6243,15491,
1596,5209,15413,
1707,5163,14359,
1039,4482,14478,
591,4605,15151,
1276,5587,15436,
883,5126,15021,
1037,6097,15453,
258,5985,15113,
884,5967,15136,
907,5345,13901,
959,6101,14016,
898,6571,15208,
1213,6917,14972,
1626,7284,14668,
1401,7012,14378,
1503,7176,13497,
560,6257,14751,
847,6713,14954,
1044,7655,14239,
1328,7537,14973,
906,6823,14277,
916,7144,13845,
744,6199,14189,
596,6618,14315,
518,7192,14098,
131,7182,14619,
363,6400,13913,
322,7028,14507,
509,7566,14473,
250,7971,14258,
311,7438,13860,
424,7583,13732,
168,7836,14046,
296,7580,14135,
497,7987,14627,
459,7661,15038,
-60,7731,14419,
648,8022,14174,
-115,7195,14632,
172,9367,16087,
906,7494,14667,
49,6945,14301,
-127,7595,13924,
308,7983,14264,
-7,7787,14472,
149,7793,14766,
-197,8155,15735,
-216,7869,14561,
98,8363,13807,
-648,6657,14251,
4,6852,14611,
-312,7632,14362,
-402,7886,13985,
29,8628,13807,
133,8651,14065,
-767,8034,13471,
-375,8393,12594,
-78,8205,14505,
775,8319,14068,
-170,8346,15207,
-1544,6626,13786,
-122,7392,13649,
-47,9871,14390,
-1533,9150,13462,
73,8335,12957,
-210,8314,13868,
22,8310,13881,
-312,8310,13608,
15577,15000,1849,
-3373,7134,13106,
-177,8815,13853,
-411,8239,12922,
-410,8664,13686,
-713,8322,13624,
-723,8198,13921,
-655,8380,14023,
-609,8416,13900,
-538,8228,13970,
-840,8162,13989,
-709,8048,14298,
-601,8405,14278,
-627,8322,14158,
-513,8256,14535,
-322,8299,14420,
-627,8273,14913,
-532,8263,14415,
-607,8306,14151,
-343,8621,14099,
-265,8572,13733,
-459,8391,13727,
-429,8479,14092,
-1212,8194,15956,
-499,8638,13865,
-434,8785,13671,
-338,8574,13970,
-477,8524,13518,
-412,8372,14044,
-424,8330,14010,
-468,8347,13988,
-488,8396,13471,
178,8611,13743,
-622,8187,14054,
-625,8167,14189,
-561,8254,14031,
-313,8458,14403,
-678,8817,13647,
-252,8622,13973,
-417,8478,14465,
-351,8503,13823,
-508,8421,14039,
-456,8453,13896,
-565,8366,14005,
-461,8455,13887,
520,8659,13607,
-576,8085,13515,
-244,8287,14149,
-578,8378,13925,
-199,8114,13340,
-588,8727,13955,
-373,8656,13777,
-578,8654,13888,
-918,8238,14373,
-754,8544,14099,
329,7605,15265,
-781,8484,13759,
-1041,8525,10456,
-334,7815,12786,
-1324,7753,14425,
-1163,7874,13207,
-521,8150,13803,
-560,8491,14379,
-563,8385,13935,
-627,8528,13682,
-806,8300,13654,
1347,10405,12301,
432,8640,14596,
1274,9248,13742,
-363,8736,14183,
-546,8463,13338,
-202,8946,14174,
166,9679,13636,
-192,9126,13759,
-240,9012,14020,
-408,9119,13160,
409,9558,13391,
14,9186,13587,
318,9030,14155,
-97,8553,13834,
-65,8540,14132,
-340,8373,13851,
22,8520,14310,
-255,8424,13888,
-91,8480,14227,
-106,8456,14350,
-412,8414,13524,
134,8534,13875,
-94,8543,13617,
18,8795,13857,
-478,8496,13405,
-140,8617,13696,
-283,8584,13925,
-399,8495,13803,
-162,8722,14067,
-293,8526,13750,
-571,8256,14041,
-170,8277,14071,
-484,7979,14252,
-510,7992,14223,
-411,7990,14194,
-261,8124,14291,
-196,8091,14292,
-227,8051,14321,
-44,8277,14188,
-85,8339,14154,
-99,8353,14227,
-1746,7034,14520,
-56,8577,14612,
-109,8550,14233,
-56,8650,13878,
286,8887,14098,
-174,8541,14481,
-248,8423,14029,
-618,8127,14113,
-570,8268,14069,
-529,8122,14334,
-89,8339,14238,
-325,8364,14287,
-395,8212,14317,
-412,8082,14450,
-474,8000,14344,
-544,7847,14296,
-491,7794,14459,
-378,8052,14240,
-343,8196,13926,
-802,8103,14359,
-337,8256,14205,
-347,8320,14067,
-243,8432,14056,
-256,8316,14182,
-313,8227,14209,
-174,8289,14135,
-413,7998,14212,
-317,7674,14401,
-4203,7389,14927,
-199,7740,13746,
-1268,7175,15114,
-233,7779,14506,
-427,7461,14819,
-563,7321,14859,
-578,7449,14637,
-5374,2849,23104,
-621,7070,18339,
-756,7532,14787,
-424,7644,14887,
-488,7606,14372,
-590,7646,14780,
-483,7700,14543,
-505,7668,14593,
-466,7808,14554,
-344,7711,14518,
-436,7823,14426,
-350,8384,14061,
-123,8275,14124,
-108,8276,14055,
-100,8261,14053,
-25,8223,14032,
-28,8278,13907,
23,8363,13890,
34,8488,13815,
-39,8402,13753,
-100,8426,13690,
-89,8482,13735,
-120,8490,13622,
-155,8410,13671,
-122,8532,13568,
-167,8490,13533,
12,8629,13383,
-108,8619,13570,
-118,8579,13494,
-117,8645,13511,
-105,8574,13490,
-225,8394,13619,
-131,8392,14041,
-136,8361,13967,
-218,8357,14039,
-156,8292,14177,
-127,8321,14054,
-145,8268,14312,
-186,8224,14407,
-132,8228,14265,
-119,8204,14420,
-97,8293,14566,
2,8340,14452,
-99,8268,14536,
-86,8347,14538,
-57,8286,14546,
-191,8227,14493,
-164,8184,14570,
-154,8107,14473,
-126,8114,14514,
-117,8181,14379,
-64,8150,14408,
-29,8241,14401,
-69,8211,14367,
-79,8199,14368,
-75,8192,14329,
-74,8308,14349,
-65,8220,14299,
-116,8197,14367,
17,8394,14351,
1,8417,14388,
-131,8365,14372,
-120,8359,14378,
-179,8374,14308,
-109,8372,14382,
-84,8419,14352,
-110,8346,14310,
-100,8315,14298,
-98,8280,14279,
-150,8207,14269,
-145,8274,14226,
-88,8276,14243,
-81,8226,14307,
-62,8287,14278,
-98,8289,14198,
-107,8339,14153,
-130,8286,14111,
-121,8427,14025,
-119,8424,14055,
-31,8438,14065,
-43,8399,13955,
-57,8333,14047,
-38,8301,14098,
-52,8351,14049,
-53,8379,14046,
-46,8418,13880,
-76,8317,14014,
-76,8350,14013,
-37,8353,14063,
-51,8468,14007,
-26,8453,14015,
-26,8444,13973,
-24,8506,13949,
-37,8580,13950,
-46,8520,13998,
-38,8515,14067,
-69,8471,14085,
-42,8440,14041,
-65,8434,13966,
-98,8423,13959,
-125,8355,13958,
-159,8303,13926,
-175,8393,13912,
-157,8337,14032,
-172,8334,13828,
-62,8442,13886,
-84,8452,13837,
-7,8537,13895,
13,8510,13866,
19,8587,13929,
51,8550,13888,
87,8490,13850,
108,8589,13930,
93,8669,13783,
149,8666,13768,
179,8689,13773,
123,8738,13824,
-18,8686,13876,
-13,8611,13964,
-49,8531,14148,
-83,8539,14191,
-54,8474,14133,
33,8557,14065,
-164,8373,14075,
168,8741,13950,
-222,8278,14188,
-47,8347,14104,
-10,8377,14003,
-53,8337,13966,
-55,8352,13961,
44,8390,13994,
89,8571,14122,
11,8556,14156,
-86,8229,14144,
97,8673,14249,
1189,9344,6710,
251,8621,14874,
-231,8396,15063,
-189,8401,14283,
-176,8316,13947,
-206,8363,14176,
-160,8397,14045,
-187,8314,14259,
-232,8321,14131,
-226,8286,14248,
-246,8360,14134,
-181,8318,14199,
-167,8354,14177,
-197,8321,14217,
-152,8392,14188,
-193,8434,14115,
-214,8428,14180,
-201,8416,14216,
-245,8416,14242,
-193,8470,14187,
-224,8520,14110,
-149,8554,14076,
-172,8594,14080,
-145,8576,13936,
-278,8536,13972,
-217,8571,13907,
-320,8582,13904,
-165,8806,13595,
-153,8842,13718,
-261,8609,13762,
-122,8701,14160,
-178,8806,13564,
-171,8895,13623,
64,9046,13544,
-1689,5380,16726,
1319,9968,9488,
-62,8497,13960,
33,8842,14229,
21,8735,13762,
-10,8719,13989,
-45,8614,13753,
-11,8732,13884,
-23,8778,13744,
-38,8836,13751,
49,8871,13715,
-29,9358,13526,
-59,9351,13660,
-39,9372,13718,
-48,9380,13736,
-37,9372,13767,
48,9325,13761,
12,9271,13730,
0,9220,13776,
-13,9168,13692,
943,9819,8999,
56,8828,12872,
340,9169,13767,
-59,9144,13609,
68,9262,13568,
10,9072,13607,
1,9034,13676,
55,9310,13340,
193,9707,13298,
278,9739,13301,
203,9698,13330,
127,9527,13351,
279,9641,13408,
394,9711,13385,
-3326,6845,8998,
1102,10325,10190,
372,9542,13784,
253,9602,13222,
266,9738,13218,
230,9709,13200,
228,9707,13157,
213,9809,12959,
247,9772,12953,
28,9804,13081,
24,9541,13348,
-45,9443,13360,
-2151,4886,8556,
349,9733,13100,
-183,9612,13601,
-93,9405,13070,
-128,9378,13584,
-90,9489,13472,
-87,9475,13399,
-12,9495,13260,
-112,9421,13426,
-82,9430,13413,
-42,9461,13290,
-123,9538,13249,
-144,9419,13213,
-234,9502,13202,
-203,9401,13323,
-263,9389,13396,
-296,9358,13395,
-289,9410,13493,
-278,9404,13447,
-331,9450,13512,
-313,9413,13490,
-341,9378,13572,
-296,9415,13549,
-299,9400,13537,
-213,9380,13581,
-194,9442,13484,
-144,9486,13456,
-153,9413,13473,
-176,9430,13421,
-137,9393,13496,
-105,9450,13380,
-127,9516,13344,
-127,9537,13308,
-160,9572,13318,
-7,9691,13032,
-154,9538,13296,
-205,9565,13287,
-234,9530,13339,
-231,9643,13102,
-255,9682,13131,
-185,9709,13205,
-129,9784,13047,
-196,9826,13232,
-54,9851,13149,
-58,9869,13029,
0,9894,13119,
80,9950,13111,
63,9887,13167,
108,9772,13088,
-1544,8140,14409,
300,10134,11217,
240,9695,13516,
141,9582,13264,
53,9791,13129,
88,9740,13099,
57,9766,13001,
53,9779,13046,
29,9740,13005,
-21,9804,13364,
-70,9794,13055,
-131,9800,13075,
-153,9687,13144,
-127,9704,13122,
-152,9690,13069,
-132,9691,13126,
-125,9683,13130,
-99,9690,13133,
-92,9619,13181,
-72,9693,13231,
-99,9668,13181,
-85,9598,13294,
-46,9554,13288,
-7,9652,13238,
-106,9573,13317,
-145,9559,13352,
-121,9525,13312,
-116,9500,13191,
-48,9540,13199,
-84,9544,13186,
-42,9590,13146,
-112,9543,13069,
-93,9617,13087,
-171,9638,13080,
-178,9639,13030,
-167,9630,13007,
-40,9741,12896,
-199,9710,13071,
-134,9745,13080,
-258,9678,13126,
-190,9692,13100,
-287,9640,13190,
-271,9688,13078,
-4023,3630,9065,
90,9874,13764,
-73,9579,12323,
-152,9560,13300,
-179,9651,12853,
-174,9730,13360,
-224,9606,13231,
-104,9707,13125,
-245,9651,13217,
-270,9547,13381,
-349,9544,13413,
-347,9524,13480,
-327,9544,13446,
-327,9540,13477,
-344,9447,13487,
-321,9454,13574,
-265,9473,13568,
-318,9400,13555,
-308,9410,13473,
-346,9433,13474,
-350,9449,13389,
-354,9429,13341,
-316,9508,13259,
-369,9397,13313,
-345,9440,13276,
-326,9519,13232,
-325,9508,13208,
-350,9469,13232,
-432,9449,13256,
-240,9543,13180,
-314,9483,13281,
-281,9517,13356,
-326,9426,13386,
-255,9515,13375,
-133,9560,13255,
-156,9514,13362,
-169,9555,13423,
-163,9605,13479,
107,9680,13176,
21,9634,13264,
34,9627,13329,
-10,9666,13244,
120,9743,13137,
-2138,7483,15238,
49,9734,13706,
-26,9767,12954,
102,9505,13545,
7,9776,13099,
-104,9714,13102,
57,9677,13041,
59,9708,13077,
-41,9727,13123,
85,9646,13025,
-133,9788,13065,
-12,9931,13013,
-11,10025,13050,
-46,9926,13036,
-71,9887,12992,
-107,9883,13021,
-15,9916,12943,
-71,9986,12944,
-52,9992,12873,
-78,9995,12875,
-147,9970,12883,
-73,10004,12920,
-17,10005,12915,
-25,9933,12898,
-48,9968,12874,
-75,9971,12933,
-25,10036,12922,
-53,10119,12824,
32,10089,12761,
10,10117,12765,
-16,10145,12734,
-2,10144,12744,
-1,10150,12746,
-25,10123,12737,
-90,10046,12856,
-99,10087,12780,
29,10145,12672,
-64,10060,12938,
-44,10025,12930,
-78,10123,12945,
-7,9799,13135,
-123,9951,12925,
46,9818,13013,
-12,9810,12961,
-1653,8846,12167,
-7,9805,12903,
-12,9963,12929,
-143,9810,12955,
-143,9791,13172,
-222,9843,12999,
-219,9783,12956,
-280,9849,12966,
-169,9950,12889,
-9187,4643,15148,
61,9792,14337,
-268,10163,12632,
-226,9684,12800,
-295,9694,12791,
-246,9764,12809,
-303,9750,12829,
-263,9714,12871,
-233,9804,12841,
-189,9835,12871,
-205,9861,12957,
-220,9844,13065,
-325,9803,13041,
-258,9779,13091,
-284,9757,13076,
-283,9776,13093,
-310,9918,12917,
-326,9878,13005,
-299,9791,13012,
-396,9765,13021,
-350,9770,13031,
-371,9695,13219,
-405,9649,13299,
-325,9634,13331,
-408,9572,13373,
-413,9518,13500,
-474,9546,13496,
-493,9567,13480,
-521,9507,13517,
-499,9571,13572,
-475,9659,13355,
-477,9634,13353,
-498,9692,13293,
-501,9659,13209,
-534,9629,13162,
-522,9595,13223,
-576,9612,13159,
-496,9593,13327,
-539,9657,13210,
-508,9636,13212,
-501,9635,13252,
-460,9672,13295,
-462,9676,13314,
-400,9680,13333,
-404,9617,13355,
-341,9653,13315,
-359,9627,13335,
-337,9656,13303,
-342,9650,13202,
-331,9671,13173,
-377,9702,13177,
-387,9631,13271,
-420,9653,13235,
-446,9586,13184,
-511,9457,13324,
-498,9473,13396,
-544,9424,13354,
-512,9448,13375,
-511,9369,13315,
-524,9453,13418,
-482,9438,13381,
-499,9404,13415,
-496,9426,13407,
-510,9352,13333,
-528,9435,13332,
-485,9487,13284,
-571,9444,13329,
-494,9492,13385,
-495,9465,13311,
-499,9480,13248,
-465,9540,13132,
-507,9522,13068,
-477,9503,13092,
-531,9535,13086,
-489,9503,13089,
-517,9530,13100,
-514,9623,13092,
-527,9625,13072,
-471,9694,13058,
-442,9710,13077,
-467,9650,13175,
-427,9598,13254,
-438,9587,13340,
-438,9602,13326,
-393,9657,13308,
-422,9621,13403,
-461,9587,13362,
-422,9605,13392,
-442,9589,13412,
-462,9610,13380,
-422,9606,13389,
-415,9599,13382,
-408,9616,13232,
-455,9600,13285,
-453,9587,13193,
-427,9625,13100,
-422,9604,13214,
-452,9624,13166,
-426,9645,13160,
-436,9603,13165,
-457,9578,13230,
-488,9564,13251,
-447,9590,13240,
-405,9622,13214,
-417,9597,13154,
-444,9590,13154,
-453,9599,13215,
-473,9620,13176,
-445,9634,13023,
-410,9586,12997,
-468,9642,13054,
-495,9610,13031,
-466,9562,13112,
-450,9532,13168,
-421,9594,13140,
-424,9636,13136,
-398,9638,13128,
-406,9616,13193,
-414,9648,13238,
-380,9601,13145,
-326,9623,13126,
-313,9579,13162,
-345,9486,13241,
-282,9538,13317,
-327,9501,13313,
-351,9407,13265,
-331,9478,13324,
-274,9515,13316,
-345,9530,13342,
-339,9482,13303,
-319,9567,13313,
-355,9550,13327,
-314,9545,13280,
-346,9525,13326,
-396,9481,13273,
-394,9499,13332,
-397,9527,13254,
-409,9500,13226,
-442,9497,13206,
-432,9526,13158,
-489,9535,13164,
-475,9562,13242,
-472,9568,13155,
-463,9606,13138,
-428,9594,13142,
-450,9627,13130,
-432,9616,13162,
-427,9654,13193,
-400,9632,13192,
-385,9677,13120,
-392,9660,13159,
-399,9644,13221,
-361,9690,13158,
-374,9662,13202,
-377,9659,13212,
-333,9691,13202,
-316,9655,13247,
-389,9597,13294,
-337,9569,13240,
-385,9587,13235,
-363,9538,13355,
-394,9478,13362,
-368,9458,13370,
-449,9433,13425,
-441,9431,13425,
-385,9407,13459,
-445,9427,13380,
-397,9575,13177,
-417,9579,13101,
-390,9634,13024,
-458,9503,13241,
-382,9681,13190,
-360,9595,13193,
-414,9595,13192,
-383,9636,13171,
-316,9753,12946,
-302,9532,13286,
-341,9608,13213,
-321,9654,13100,
-324,9643,13129,
-362,9633,13156,
-336,9588,13230,
-297,9550,13217,
-298,9575,13225,
-349,9546,13258,
-363,9497,13286,
-338,9498,13289,
-365,9519,13244,
-330,9567,13182,
-370,9561,13189,
-355,9525,13267,
-346,9526,13302,
-336,9598,13280,
-291,9584,13280,
-349,9613,13269,
-294,9581,13262,
-298,9515,13294,
-319,9559,13261,
-292,9571,13273,
-350,9535,13291,
-377,9502,13285,
-349,9613,13206,
-372,9475,13208,
-396,9473,13180,
-330,9524,13191,
-383,9481,13224,
-378,9534,13212,
-325,9465,13171,
-365,9490,13290,
-372,9524,13275,
-396,9509,13302,
-383,9519,13408,
-443,9487,13363,
-418,9524,13404,
-389,9506,13356,
-430,9497,13367,
-400,9499,13288,
-368,9540,13266,
-360,9570,13178,
-325,9660,13146,
-317,9552,13234,
-291,9629,13177,
-267,9661,13190,
-248,9694,13166,
-297,9681,13140,
-307,9614,13190,
-331,9579,13254,
-329,9581,13272,
-359,9590,13303,
-335,9584,13318,
-358,9525,13347,
-386,9447,13338,
-378,9445,13326,
-401,9384,13278,
-387,9408,13270,
-447,9385,13244,
-462,9383,13320,
-458,9397,13266,
-470,9445,13250,
-433,9432,13350,
-468,9464,13286,
-421,9525,13281,
-447,9513,13305,
-389,9490,13265,
-321,9551,13217,
-348,9587,13210,
-373,9541,13233,
-339,9576,13249,
-355,9617,13193,
-396,9558,13262,
-410,9607,13264,
-428,9601,13295,
-408,9501,13421,
-450,9513,13418,
-468,9554,13429,
-443,9461,13436,
-403,9455,13482,
-442,9461,13421,
-435,9460,13480,
-461,9435,13469,
-470,9420,13526,
-436,9378,13546,
-427,9408,13530,
-426,9429,13420,
-413,9477,13363,
-439,9435,13369,
-471,9350,13424,
-437,9382,13454,
-441,9351,13543,
-440,9382,13427,
-410,9448,13461,
-395,9476,13438,
-443,9431,13470,
-380,9478,13453,
-424,9523,13401,
-454,9495,13392,
-438,9548,13346,
-371,9617,13264,
-387,9591,13242,
-361,9597,13191,
-351,9628,13085,
-377,9653,12972,
-381,9648,12996,
-335,9706,13065,
-304,9680,13031,
-294,9657,13035,
-287,9631,13097,
-332,9604,13175,
-329,9568,13209,
-352,9578,13272,
-347,9571,13327,
-346,9561,13290,
-367,9520,13273,
-391,9543,13288,
-418,9518,13239,
-401,9511,13285,
-360,9517,13257,
-376,9576,13158,
-362,9512,13207,
-378,9494,13254,
-357,9482,13221,
-415,9478,13150,
-402,9486,13138,
-398,9474,13148,
-358,9549,13239,
-358,9481,13205,
-360,9509,13241,
-383,9430,13294,
-391,9455,13328,
-390,9398,13388,
-423,9309,13383,
-387,9459,13229,
-367,9477,13278,
-434,9442,13350,
-341,9507,13193,
-387,9538,13341,
-396,9496,13455,
-406,9520,13406,
-420,9495,13420,
-457,9556,13389,
-531,9458,13280,
-514,9524,13335,
-514,9558,13241,
-476,9554,13154,
-444,9497,13208,
-376,9492,13200,
-384,9442,13338,
-351,9492,13427,
-340,9475,13441,
-350,9421,13485,
-368,9402,13403,
-443,9426,13360,
-458,9369,13474,
-458,9358,13442,
-474,9395,13404,
-466,9329,13498,
-399,9479,13269,
-408,9498,13189,
-393,9586,13014,
-440,9496,13028,
-391,9496,13191,
-420,9477,13325,
-437,9489,13385,
-449,9578,13394,
-479,9567,13472,
-536,9688,12802,
-983,8854,14151,
-411,9391,13462,
-198,9636,12814,
-297,9309,14072,
-262,9504,13430,
-62,9737,13068,
-138,9669,13127,
-173,9749,13014,
-190,9812,13077,
-61,9993,13012,
51,9678,13121,
-2750,7046,15768,
247,9626,13516,
37,9757,13042,
82,9657,13178,
56,9848,12866,
-110,9682,13160,
-69,9720,13212,
-90,9730,13218,
-82,9781,13137,
-91,9635,13399,
-44,9715,13354,
-87,9668,13421,
-89,9654,13262,
-27,9671,13267,
14,9781,13049,
-53,9776,13116,
-3,9824,13007,
11,9855,12980,
7,9827,13073,
-19,9800,13045,
-2,9792,13131,
-42,9861,12978,
-26,9895,13127,
-136,9853,13073,
-27,9834,13082,
-65,9645,13297,
-213,9634,13152,
-192,9615,12989,
-215,9759,12904,
-176,9829,13028,
-3431,5583,13065,
-464,9642,12902,
-276,9366,13292,
-331,9324,13366,
-430,9356,13489,
-326,9455,13560,
-318,9514,13481,
-388,9551,13465,
-450,9582,13370,
-454,9572,13266,
-423,9410,13374,
-450,9424,13446,
-441,9437,13528,
-488,9368,13426,
-509,9271,12927,
-414,9508,13382,
-428,9485,13266,
-321,9575,13321,
-413,9504,13345,
-398,9494,13242,
-415,9437,13316,
-401,9551,13154,
-433,9484,13245,
-426,9534,13134,
-391,9558,13054,
-354,9602,12882,
-359,9542,13008,
-347,9438,13121,
-401,9446,13118,
-379,9434,13199,
-415,9353,13349,
-470,9233,13494,
-448,9296,13458,
-415,9343,13501,
-401,9381,13407,
-424,9420,13433,
-399,9403,13448,
-392,9396,13407,
-382,9509,13464,
-292,9507,13474,
-272,9582,13428,
-329,9549,13464,
-260,9529,13482,
-302,9485,13533,
-317,9504,13571,
-337,9592,13446,
-420,9550,13383,
-390,9582,13253,
-397,9543,13305,
-379,9552,13246,
-344,9601,13171,
-287,9536,13151,
-277,9561,13167,
-262,9635,13189,
-266,9663,13138,
-313,9704,13182,
-280,9711,13052,
-306,9632,13092,
-328,9580,13070,
-241,9733,12976,
-261,9555,13178,
-279,9528,13265,
-250,9620,13239,
-311,9597,13280,
-288,9628,13260,
-402,9620,13199,
-368,9713,13136,
-321,9764,13019,
-317,9846,13003,
-253,9840,13056,
-245,9867,13175,
-278,9807,13126,
-327,9765,13148,
-302,9733,13199,
-285,9741,13209,
-301,9744,13143,
-269,9691,13255,
-240,9664,13305,
-257,9707,13352,
-296,9706,13249,
-284,9604,13489,
-328,9729,13253,
-310,9810,13216,
-246,9802,13052,
-223,10121,13049,
-305,10000,13142,
-278,9971,12937,
-345,9957,12903,
-231,10087,12617,
-201,9865,12951,
-223,9855,13108,
-281,9644,13085,
-148,10087,12905,
-116,10010,12898,
-146,9819,12930,
-160,9804,12859,
-174,9736,13242,
-117,10153,13199,
-141,9780,13617,
-120,9552,13782,
-139,9550,13983,
57,9645,13664,
33,9571,13637,
32,9616,13496,
87,9625,13238,
86,9891,13021,
16,9915,13004,
-4352,6345,5373,
-129,10043,13491,
7,10427,12315,
38,10018,12692,
409,10329,12806,
-280,9607,13342,
-312,9585,13351,
-349,9615,13381,
-297,9581,13461,
-369,9529,13363,
-313,9631,13405,
-241,9729,13151,
-355,9577,13237,
-318,9605,13299,
-297,9523,13314,
-302,9456,13386,
-230,9508,13333,
-246,9587,13225,
-224,9567,13196,
-189,9732,13014,
-295,9948,12772,
-320,9614,12952,
-267,9900,12798,
-472,9444,13829,
-351,9746,13112,
-325,9618,13336,
-353,9661,13263,
-394,9645,13417,
-326,9600,13411,
-348,9604,13392,
-419,9577,13433,
-409,9582,13375,
-374,9611,13352,
-436,9469,13550,
-494,9424,13471,
-454,9375,13719,
-425,9421,13622,
-387,9550,13563,
-410,9465,13509,
-318,9573,13436,
-382,9516,13375,
-379,9550,13242,
-366,9486,13252,
-345,9413,13293,
-319,9424,13340,
-234,9496,13200,
-245,9420,13271,
-216,9376,13352,
-166,9450,13288,
-111,9486,13084,
-178,9489,13134,
-184,9492,13142,
-189,9501,13129,
-293,9655,13128,
-359,9661,13073,
-387,9633,13157,
-462,9546,13419,
-420,9529,13278,
-507,9496,13357,
-437,9587,13236,
-472,9501,13539,
-396,9651,13411,
-483,9428,13782,
-445,9647,13564,
-513,9556,13769,
-488,9538,13576,
-486,9561,13542,
-532,9487,13586,
-517,9506,13575,
-490,9473,13610,
-451,9431,13653,
-458,9325,13471,
-432,9355,13429,
-433,9307,13328,
-375,9531,13274,
-402,9552,13129,
-409,9565,13190,
-384,9534,13178,
-388,9551,13171,
-391,9528,13164,
-297,9584,13178,
-260,9628,13074,
-165,9696,12888,
-211,9674,12902,
-137,9764,12730,
-167,9792,12780,
-169,9733,12840,
-204,9803,12835,
-246,9862,12925,
-199,9804,12958,
-102,9913,12880,
-240,9830,12925,
-167,9853,13118,
-232,9799,13233,
37,9982,12873,
-183,9813,13555,
-87,9896,13183,
-41,9870,13069,
-430,8840,14929,
-78,9739,13302,
33,9924,13127,
103,9805,13275,
153,9419,12675,
105,10061,12809,
100,10107,12898,
171,10104,12824,
113,10109,12783,
203,10097,12776,
16,10031,12734,
88,10035,12820,
40,9992,12823,
165,10066,12849,
146,10061,12845,
110,10065,13012,
-5526,7882,18666,
-259,10020,12120,
-86,10145,12190,
-228,9878,12546,
-171,9853,12714,
-176,9810,12882,
-145,9669,13234,
-196,9607,13348,
-248,9529,13538,
-254,9565,13481,
-249,9676,13458,
-333,9611,13528,
-311,9677,13396,
-392,9635,13479,
-324,9794,13427,
-272,9900,13258,
-322,9821,13254,
-304,9862,13318,
-315,9868,13283,
-333,9865,13308,
-349,9870,13337,
-290,9845,13256,
-323,9850,13144,
-261,9826,13179,
-235,9898,13057,
-184,9923,13152,
-190,9963,13181,
-156,9960,13086,
-143,9879,13043,
-175,10065,13102,
-174,9925,12996,
-217,9867,12909,
-279,9781,12868,
-288,9771,12856,
-270,9795,12864,
-306,9765,13069,
-308,9704,13070,
-296,9648,13084,
-225,9659,13130,
-138,9689,13250,
-113,9716,13140,
-78,9775,13122,
-80,9810,13144,
-82,9684,13215,
-106,9661,13314,
-123,9697,13243,
-98,9798,13065,
-129,9817,13031,
-112,9902,13048,
-95,9812,13057,
-112,9810,13079,
-116,9841,13048,
-130,9945,12923,
-197,9840,13081,
-229,9784,13001,
-291,9864,12965,
-335,9707,13006,
-321,9636,13072,
-368,9723,13049,
-438,9719,13175,
-391,9718,13154,
-438,9764,13238,
-399,9853,13151,
-257,9879,13192,
-207,9895,13036,
-320,9772,13200,
-353,9776,13115,
-345,9710,13039,
-397,9893,13149,
-290,9811,13128,
-348,9845,13392,
-352,9719,13394,
-265,9685,13529,
-196,9640,13600,
-159,9765,13512,
135,9903,13437,
-275,9825,13330,
-294,9715,12592,
-54,9966,6542,
126,10154,12630,
-115,8392,11291,
-199,10019,12548,
-536,10210,12296,
-234,10239,11436,
-112,10393,12884,
-3,10307,12818,
-13,10453,12700,
69,10466,12636,
60,10295,12740,
72,10328,12770,
8,10316,12752,
52,10252,12577,
-14,10354,12569,
5,10339,12466,
34,10420,12462,
204,10455,12026,
45,10255,12634,
83,10316,12557,
19,10397,12601,
74,10205,12714,
17,10188,12775,
-34,10179,12798,
-74,10093,12847,
-43,10099,12838,
-57,10088,12846,
-33,10141,12735,
-39,10180,12719,
81,10262,12610,
54,10228,12663,
-15,10271,12756,
-15,10347,12801,
-5,10327,12909,
-69,10342,12813,
-2,10485,13001,
-132,10046,13032,
-173,10150,12794,
-70,10042,12916,
-137,9999,12853,
-588,9796,14641,
-357,10056,12793,
-317,9927,13071,
-256,10046,12905,
-333,10170,13145,
