1246,-15655,10437,
2931,-10016,11885,
3990,-15669,10073,
3702,-14212,9816,
3061,-12261,8927,
3201,-12863,10575,
1947,-11821,8519,
3794,-14472,8502,
2912,-15860,8201,
2196,-14437,9523,
3206,-14936,8845,
2693,-15272,8392,
2722,-14164,10763,
3206,-13729,10075,
2002,-15266,8821,
2205,-14697,10272,
1369,-15315,11438,
1062,-15974,7788,
577,-15640,9907,
1271,-15103,11756,
1972,-13982,10619,
2337,-13557,9459,
2505,-13522,9079,
2571,-13915,9083,
2836,-13657,8750,
2953,-13539,8063,
3055,-13501,7875,
2986,-13595,6791,
3099,-14246,8036,
3124,-13915,7243,
2964,-14341,7457,
3147,-14442,7114,
2905,-14830,7468,
2729,-13673,8766,
2798,-12842,8861,
2624,-12708,9432,
2355,-12983,9425,
2228,-13239,9971,
2281,-13234,9824,
2253,-13357,9896,
2113,-13331,11331,
2131,-13368,10574,
1911,-13617,10468,
2033,-13750,11165,
1991,-13481,10364,
1874,-13863,11748,
1810,-13760,11172,
1748,-14165,10793,
1802,-14135,10912,
1688,-14443,10435,
1318,-14883,10278,
1362,-15036,9623,
1669,-14985,10199,
708,-15301,9936,
685,-15169,9605,
692,-14858,8889,
728,-14934,8727,
853,-14646,8394,
1145,-14264,7476,
1200,-14027,7620,
1002,-14156,7950,
1002,-14205,8208,
375,-15030,7853,
862,-13759,9821,
738,-13422,9608,
375,-13470,10524,
350,-13782,10374,
180,-14058,9922,
190,-14157,9807,
-38,-14323,10397,
-45,-14271,10043,
253,-14083,9379,
329,-13730,8925,
249,-13715,8998,
136,-13559,8956,
267,-13689,8858,
28,-13907,7786,
-183,-14289,7660,
-233,-14375,6866,
-464,-14646,8259,
-525,-14487,7852,
-1161,-15047,8836,
-1190,-14659,8855,
-1086,-14465,8573,
-940,-14134,8421,
-780,-13835,8301,
-889,-13765,8416,
-969,-13707,8343,
-1013,-13844,8180,
-1128,-13939,8356,
-1118,-14018,7905,
-1004,-13541,7968,
-991,-13557,7903,
-1158,-13684,7596,
-1221,-13709,7578,
-1280,-13646,7436,
-1293,-13631,7371,
-1302,-13652,7162,
-1368,-13748,7136,
-1487,-13767,7024,
-1590,-13709,7209,
-1660,-13747,7163,
-1477,-13384,6644,
-2749,-14231,-6702,
158,-11067,6910,
-3751,-16359,5276,
-1437,-12590,19565,
288,-11285,7265,
-2710,-13765,5842,
-3000,-15270,8691,
-1983,-10601,1690,
199,-8768,2807,
1575,-12220,-1610,
-2069,-11321,14559,
-3398,-10886,-2706,
-2572,-10428,-2302,
3735,1586,-1479,
9816,-888,2084,
-55,-7203,17763,
-245,-11576,5392,
50,-16992,11265,
-1730,-14275,9768,
-3054,-14461,7195,
180,-19206,4333,
-2030,-18938,4874,
-1871,-16123,7140,
-1233,-14269,8836,
-3902,-17595,10343,
-1122,-11417,5924,
-1734,-13551,7605,
-2289,-12533,4533,
-2096,-12358,8323,
-2764,-13946,7549,
-1796,-14972,4782,
-2740,-15360,8930,
-2949,-15055,8720,
-3044,-14705,7043,
-2753,-13722,7722,
-2363,-14297,8799,
-2453,-12944,8598,
-2196,-14484,8988,
-2432,-14365,8350,
-2806,-14663,8420,
-2453,-15505,8357,
-1666,-13948,7516,
-1872,-14891,6897,
-1753,-14679,7223,
-5730,-20440,2931,
1774,-12299,6884,
-1846,-13675,9210,
-881,-11685,10681,
-1235,-13892,10389,
-521,-13692,9481,
-387,-13292,7757,
-787,-14486,7866,
-259,-13874,8215,
-4295,-21628,5945,
757,-15183,8636,
-97,-12772,9139,
-417,-11885,9633,
363,-12364,6947,
-1111,-13428,9820,
1950,-13776,7025,
605,-15117,7649,
-1073,-13927,8957,
-899,-11376,9752,
-379,-13974,9707,
584,-14743,7303,
300,-15045,6893,
960,-14749,6879,
413,-14815,7584,
792,-14460,7037,
617,-14461,7381,
615,-14624,7795,
-32,-16002,3973,
875,-15080,5772,
961,-14937,5692,
-250,-16807,7282,
550,-15549,7275,
724,-15479,6078,
1328,-14499,3762,
1117,-15489,6325,
-44,-16197,6959,
1449,-14346,3974,
502,-15380,6806,
658,-15074,6951,
490,-15253,6917,
636,-14976,7315,
506,-15063,7388,
386,-15217,7493,
648,-15474,7720,
465,-14826,7386,
-385,-15826,8243,
-1276,-15824,7563,
-827,-14750,7876,
-351,-15523,8406,
41,-15198,8520,
332,-15229,7356,
866,-15280,7866,
134,-15037,7614,
-206,-14406,6303,
729,-14891,8059,
495,-14850,7390,
479,-14748,7867,
767,-14630,7687,
195,-14598,7290,
367,-14444,7209,
137,-14657,7065,
312,-14589,7250,
78,-14572,7296,
86,-14505,7451,
-375,-14963,7597,
-206,-14935,8713,
453,-14661,7951,
-164,-14141,4482,
-13,-14595,7259,
-2296,-17105,10109,
1581,-17271,7469,
1311,-13562,4617,
-195,-15609,5868,
-130,-15841,7522,
-220,-15668,5662,
-88,-15445,5764,
460,-15331,5880,
133,-15370,5949,
66,-15080,6215,
-47,-14987,5629,
328,-15289,5964,
512,-15135,6298,
321,-15440,6169,
429,-15803,6405,
368,-15775,6431,
337,-15642,6370,
192,-15633,6269,
364,-15616,6124,
391,-15472,5900,
283,-15664,5628,
495,-15745,5223,
465,-15849,4965,
313,-15266,3046,
-184,-15725,4924,
-177,-15854,5170,
637,-16277,5343,
2857,-14635,8950,
-2513,-14439,3939,
567,-15373,3685,
286,-15291,4286,
-475,-15441,4712,
-20,-15184,4706,
-15,-15343,4537,
-52,-15639,4731,
-46,-15550,4838,
59,-15525,5099,
-72,-15380,4957,
-29,-15563,4686,
8,-15656,5221,
-213,-15655,5475,
97,-15885,5475,
117,-15652,5352,
155,-15803,5620,
216,-15737,5640,
250,-15649,5600,
330,-15668,5895,
320,-15829,5643,
175,-15863,5544,
355,-15478,5596,
2231,-14598,5833,
874,-15464,5881,
-366,-15520,4662,
10980,-7482,15653,
-2373,-15504,-6451,
605,-15825,6765,
-45,-16004,5301,
-374,-15842,5162,
-282,-15602,5309,
-103,-15140,5623,
225,-15460,5905,
246,-15429,6026,
369,-15432,6113,
314,-15530,5976,
248,-15481,5807,
223,-15353,5716,
415,-15294,5931,
159,-15536,6066,
23,-15473,6188,
202,-15258,5988,
324,-15210,5611,
299,-15425,5540,
37,-15463,5588,
-18,-15432,5613,
169,-15396,5644,
156,-15504,5808,
-45,-15545,5739,
90,-15541,5475,
50,-15353,5713,
82,-15262,5925,
132,-15166,6022,
107,-15057,6149,
211,-15003,6384,
271,-14960,6519,
200,-15044,6554,
-3781,-16529,6202,
503,-15061,6356,
229,-15047,6615,
-208,-15356,6056,
216,-15161,7363,
-367,-15553,6164,
401,-14939,6900,
-466,-15245,6902,
60,-15341,5802,
10,-15112,6017,
-406,-15268,6346,
288,-15601,6468,
47,-15477,6892,
550,-15034,6743,
-105,-15532,6694,
178,-15533,6498,
117,-15462,6605,
-143,-15507,6174,
-124,-15630,6328,
-225,-15597,6046,
-77,-15514,5738,
-293,-15813,5996,
-256,-15466,5918,
-360,-15451,5986,
-377,-15331,5998,
-390,-15330,6053,
-628,-15253,5974,
-703,-15197,6231,
-673,-15267,5713,
-506,-15356,6082,
-500,-15376,6093,
-301,-15483,6020,
-347,-15604,6049,
-369,-15715,5487,
-438,-15838,5402,
-512,-15633,5311,
-357,-15508,5558,
-351,-15501,5372,
-408,-15468,5464,
-349,-15387,5346,
-378,-15263,5272,
-320,-15137,5601,
-382,-15141,5733,
-438,-15202,5507,
-239,-15236,5654,
-526,-15276,5893,
-372,-15253,5877,
-305,-15282,5967,
140,-15154,5962,
141,-15344,5593,
-76,-15446,5833,
-126,-15320,5626,
-192,-15162,5654,
-131,-15175,5983,
5,-15067,5894,
-23,-15296,6013,
51,-15235,6161,
26,-15498,5555,
20,-15558,5960,
-107,-15568,5483,
1774,-17952,3797,
-254,-15543,5590,
63,-15583,6055,
-132,-15602,5923,
-214,-15457,6048,
-181,-15429,6176,
-242,-15300,6248,
-199,-15431,6279,
-218,-15454,6324,
-190,-15457,6309,
-203,-15252,6525,
-214,-15137,6879,
-245,-15297,6689,
-252,-15207,6721,
-312,-15166,6700,
-220,-14936,6799,
-129,-15043,6689,
-144,-15184,6635,
-76,-15227,6541,
-79,-15063,6435,
-62,-15028,6344,
-61,-14907,6424,
-35,-14871,6384,
-55,-14830,6385,
-75,-14795,6314,
-103,-14775,6015,
-81,-14861,6256,
-103,-14924,6282,
-117,-15071,6292,
-913,-15785,6530,
-308,-15103,6058,
-251,-15146,6043,
-120,-15130,6027,
-59,-15244,5906,
-174,-15205,5810,
-331,-15272,5727,
-300,-15154,5935,
-342,-15154,5584,
-1289,-15721,5781,
-557,-15470,5817,
-507,-15379,5738,
-181,-15062,5788,
-563,-15338,5655,
-401,-15013,6330,
-62,-15054,6489,
-506,-15282,6142,
-468,-15304,5805,
-221,-15204,6235,
-499,-15529,6381,
-381,-15439,6296,
-481,-15461,6165,
-391,-15387,6060,
-462,-15369,5999,
-486,-15484,5755,
-313,-15226,5963,
-500,-15460,5948,
-421,-15358,5917,
-383,-15261,6015,
-360,-15441,6002,
-435,-15494,5956,
-344,-15486,5895,
-342,-15510,5864,
-334,-15445,5837,
-307,-15435,5820,
-290,-15428,5891,
-252,-15382,5988,
-278,-15287,6001,
-280,-15302,6035,
-278,-15337,6090,
-301,-15290,6174,
-328,-15388,6180,
-317,-15334,6143,
-307,-15406,6058,
-276,-15262,6131,
-399,-15227,6182,
-246,-15212,6109,
-217,-15139,6143,
-233,-15325,6469,
100,-15087,5907,
-83,-15306,5615,
632,-19266,7225,
1862,-14286,6333,
-104,-15501,6083,
-62,-15444,6044,
-231,-15467,5900,
-139,-15271,5910,
-289,-15225,5913,
-242,-15221,6050,
-260,-15216,5933,
-313,-15471,5869,
12,-15604,5674,
120,-15557,5710,
100,-15483,5716,
163,-15429,5571,
138,-15437,5558,
166,-15412,5509,
90,-15402,5453,
179,-15408,5408,
197,-15481,5498,
179,-15562,5480,
220,-15564,5515,
222,-15535,5600,
197,-15390,5687,
221,-15417,5696,
177,-15359,5734,
185,-15282,5714,
75,-15290,6105,
150,-15398,6314,
187,-15346,6337,
214,-15325,6370,
99,-15172,6342,
195,-15247,6131,
165,-15304,6075,
132,-15156,5979,
25,-15364,6298,
62,-15279,5992,
38,-15395,6009,
45,-15411,5806,
680,-15487,6295,
163,-15754,5949,
-18,-15644,5576,
368,-15608,5770,
52,-15888,5831,
15,-15644,5980,
29,-15676,6047,
-45,-15741,5889,
-78,-15717,5865,
-205,-15657,5666,
25,-15534,5813,
-90,-15652,5732,
-179,-15801,5627,
-232,-15704,5520,
-210,-15584,5717,
-217,-15657,5541,
-374,-15601,5180,
-342,-15475,5425,
-415,-15496,5382,
-2319,-17915,5536,
820,-15291,5181,
-145,-15029,5642,
-266,-15410,5073,
-264,-15405,5346,
-538,-15720,5257,
-432,-15623,5131,
-310,-15625,5186,
-202,-15617,5010,
-248,-15629,5107,
-268,-15552,5065,
-214,-15461,5160,
-219,-15452,5093,
-197,-15528,5040,
-116,-15603,5139,
-119,-15526,5155,
-57,-15728,5184,
-190,-15698,5028,
-243,-15779,5096,
-251,-15665,5032,
-215,-15673,5013,
-187,-15710,5080,
-255,-15795,5013,
-275,-15936,5055,
-14,-15762,5286,
-334,-15749,5218,
239,-15714,5328,
-88,-15828,5239,
-17,-15822,5537,
-72,-15654,5556,
-10,-15594,5586,
-25,-15604,5577,
60,-15771,5636,
91,-15746,5674,
53,-15776,5570,
319,-15742,7120,
503,-15278,5723,
-179,-15673,5572,
8,-15648,5873,
-170,-15504,5964,
-69,-15615,5804,
-15,-15554,5692,
-92,-15370,5763,
-251,-15301,5714,
-217,-15354,5721,
-299,-15385,5711,
-202,-15368,5815,
-192,-15484,5872,
-146,-15474,6002,
-717,-15434,5383,
-71,-16167,6967,
-90,-15734,6087,
-18,-15540,6133,
170,-15528,6275,
214,-15592,6036,
69,-15544,5888,
138,-15509,5874,
74,-15361,5859,
-5,-15399,5642,
-92,-15349,5713,
-129,-15197,5459,
-98,-15242,5572,
-215,-15377,5540,
-108,-15368,5578,
-319,-15461,5526,
-213,-15049,5734,
-373,-15104,5735,
-212,-15270,5773,
-280,-15290,5867,
-253,-15332,5772,
-298,-15386,5880,
-291,-15381,5842,
-254,-15405,5981,
-212,-15435,6090,
-199,-15408,6039,
-194,-15391,5958,
-192,-15360,5950,
-166,-15450,5867,
-86,-15362,5633,
-140,-15420,5608,
13,-15323,5693,
-22,-15677,5602,
-102,-15520,5705,
-59,-15546,5679,
-46,-15553,5752,
-6,-15667,5806,
118,-15763,5704,
593,-16182,5469,
-642,-14627,4939,
-222,-15635,5591,
-192,-15655,5535,
-154,-15595,5607,
-178,-15601,5646,
-310,-15545,5715,
-275,-15371,5711,
-230,-15491,5749,
-209,-15532,5869,
-151,-15638,6230,
-207,-15916,5699,
98,-16002,5555,
-177,-15905,5221,
-118,-16104,5646,
-37,-15690,5727,
-341,-15095,5189,
-235,-15414,4749,
-331,-15635,5305,
-199,-15360,5626,
-418,-15281,5743,
-529,-15271,5919,
-317,-15293,6111,
-505,-15206,6208,
-410,-15220,6264,
-488,-15250,6150,
-491,-15408,6052,
-526,-15283,5802,
-588,-15225,5616,
-544,-15311,5652,
-600,-15206,5472,
-600,-15217,5613,
-644,-15281,5589,
-716,-15336,5637,
-714,-15396,5602,
-686,-15353,5567,
-720,-15403,5618,
-720,-15479,5571,
-711,-15492,5495,
-808,-15571,5442,
-733,-15456,5462,
-737,-15325,5489,
-770,-15344,5405,
-765,-15433,5564,
-963,-15454,5540,
-856,-15533,5534,
-748,-15311,5566,
-667,-15360,5629,
-1039,-15232,5450,
-582,-15228,5342,
-328,-15413,5248,
-376,-15653,5161,
-287,-15448,4790,
-446,-15709,5113,
-291,-16720,5211,
1651,-13180,6386,
-274,-15484,5164,
-627,-15320,5050,
-538,-15369,5211,
-554,-15347,5156,
-559,-15335,5191,
-507,-15420,5217,
-824,-15523,5102,
-734,-15473,5237,
-448,-15530,5717,
-351,-15217,6157,
-224,-15493,6257,
-371,-15460,6388,
-164,-15461,6438,
-254,-15627,6325,
-303,-15572,6064,
-460,-15371,6061,
-1926,-15945,3533,
-268,-15514,6019,
-456,-15539,5997,
-421,-15305,5908,
-575,-15238,5914,
-627,-15427,5957,
-600,-15299,6001,
-615,-15212,6107,
-631,-15228,6125,
-729,-15346,6345,
-644,-15256,6237,
-649,-15310,6442,
-618,-15243,6375,
-617,-15244,6573,
-595,-15233,6481,
-556,-15235,6472,
-553,-15270,6360,
-604,-15330,6260,
-587,-15314,6183,
-588,-15279,6088,
-587,-15337,6009,
-564,-15308,5912,
-610,-15297,6094,
-614,-15176,5988,
-654,-15063,6239,
-634,-15017,6223,
-721,-15206,6141,
-540,-15059,5999,
-630,-15281,6157,
-599,-15171,5674,
-506,-15273,5791,
-380,-15137,5729,
-513,-15272,5637,
-5597,-12484,2964,
-657,-15966,5898,
-479,-15738,5193,
79,-15832,5568,
-394,-15837,5296,
-366,-15675,5335,
-548,-15686,5541,
-290,-15524,5465,
-291,-15433,5446,
-282,-15577,5479,
-634,-15422,5390,
-580,-15388,5850,
-621,-15517,5820,
-792,-15443,5737,
1672,-18985,16738,
-708,-15348,6324,
-502,-15370,6317,
-1166,-16468,6870,
-693,-15240,6132,
-739,-15294,6472,
-829,-15343,6304,
-712,-15269,6322,
-774,-15260,6236,
-823,-15228,6117,
-844,-15237,6236,
-921,-15304,6139,
-933,-15308,6216,
-891,-15382,6168,
-904,-15311,6185,
-931,-15287,6195,
-947,-15299,6217,
-961,-15251,6244,
-927,-15172,6276,
-945,-15181,6405,
-902,-15191,6435,
-861,-15203,6444,
-839,-15187,6413,
-900,-15381,6258,
-941,-14885,5976,
-1057,-15271,5917,
-986,-15146,5811,
-718,-15203,6048,
-370,-16077,6053,
297,-12292,3978,
-529,-15144,6012,
-1266,-15622,5570,
-856,-15412,5898,
-984,-15322,5693,
-928,-15296,5698,
-889,-15400,5763,
-926,-15432,5757,
-950,-15343,5761,
-805,-15419,5271,
-946,-15399,6094,
-968,-15486,6144,
-992,-15404,6187,
-970,-15413,6306,
-961,-15450,6423,
-939,-15452,6392,
-875,-15443,6485,
-912,-15453,6369,
-874,-15456,6395,
-905,-15371,6336,
-931,-15370,6203,
-927,-15382,6068,
-916,-15332,6027,
-902,-15367,5785,
-940,-15372,5638,
-869,-15350,5592,
-638,-15203,5662,
-862,-15245,5568,
-693,-15404,5422,
-660,-15509,5455,
-656,-15444,5497,
-598,-15567,5529,
-578,-15587,5604,
-728,-15639,5716,
-683,-15463,5679,
-584,-15379,5807,
-709,-15415,5990,
-712,-15384,6121,
-624,-15409,6235,
-734,-15360,6151,
-645,-15344,6244,
1586,-9908,4839,
-440,-15304,6633,
-733,-15476,6371,
-804,-15170,6218,
-689,-15182,6347,
-678,-15283,6455,
-743,-15149,6405,
-715,-15108,6394,
-694,-15220,6473,
-691,-15242,6364,
-650,-15422,6221,
-651,-15404,6220,
-673,-15466,6202,
-742,-15354,6241,
-683,-15369,6205,
-685,-15377,6217,
-744,-15362,6303,
-757,-15318,6310,
-782,-15245,6302,
-814,-15229,6397,
-873,-15160,6431,
-862,-15214,6457,
-885,-15258,6368,
-880,-15195,6337,
-869,-15199,6476,
-796,-15184,6322,
-813,-15288,6398,
-887,-15208,6188,
-783,-15286,6192,
-834,-15276,6045,
-865,-15256,6130,
-821,-15233,5974,
-849,-15220,5911,
-875,-15167,5972,
-1008,-15360,6061,
-608,-15373,6282,
-815,-15341,6272,
-682,-15178,6309,
-692,-15153,6479,
-683,-15292,6444,
-750,-15171,6334,
-742,-15132,5861,
-1330,-14945,7020,
-1356,-15045,6943,
-1354,-15017,6903,
-1380,-14920,6857,
-1379,-14924,6869,
-1389,-14875,6882,
-1402,-14923,6984,
-1386,-14856,7018,
-1389,-14965,7100,
-1389,-15083,7137,
-1403,-15059,7169,
-1363,-14983,7276,
-1307,-14947,7322,
-1327,-14955,7357,
-1319,-15001,7369,
-1268,-14992,7292,
-1228,-14848,7300,
-1164,-14922,7371,
-1240,-14916,7303,
-1221,-14934,7220,
-1247,-14914,7108,
-1276,-14941,7135,
-1251,-14990,7091,
-1286,-14867,7154,
-1410,-14832,7061,
-1355,-14793,7089,
-1343,-14721,7259,
-1234,-14484,7231,
-1097,-14262,7429,
-1205,-14546,7208,
-1401,-14736,7733,
-1617,-14747,7342,
-1166,-14507,6622,
-1005,-14501,6585,
-1222,-14956,6509,
-817,-14545,6079,
-1244,-14819,6211,
-1470,-15420,6614,
-1166,-15227,6325,
-1155,-15140,6447,
-1116,-15058,6479,
-1257,-15254,6402,
-1314,-15377,6682,
-1344,-15235,6555,
-1436,-15165,6949,
-1271,-15088,6696,
-1384,-14887,6838,
-1438,-14936,6786,
-1350,-14963,7021,
-1642,-14997,7322,
-1546,-15000,7153,
-1349,-14886,7324,
-1309,-14788,7306,
-1401,-14927,7103,
-1484,-15059,7150,
-1441,-15008,6910,
-1400,-15015,6848,
-1401,-15047,6757,
-1460,-15135,6628,
-1465,-15091,6542,
-1453,-15062,6481,
-1507,-14963,6470,
-1515,-14823,6443,
-1541,-14859,6441,
-1523,-14822,6497,
-1490,-14892,6493,
-1565,-14925,6434,
-1554,-15006,6455,
-1549,-14957,6478,
-1535,-14918,6573,
-1480,-14934,6672,
-1439,-14944,6645,
-1448,-15020,6678,
-1493,-15068,6532,
-1460,-15055,6529,
-1342,-14989,6672,
-1442,-15049,6784,
-1339,-14908,6878,
-1315,-15022,6776,
-1366,-15003,6908,
-1347,-14907,6780,
-1353,-15037,6872,
-1419,-15026,6885,
-1401,-14964,6910,
-1450,-15001,6787,
-1479,-14971,6858,
-1471,-14874,6869,
-1496,-14914,6788,
-1423,-14909,6760,
-1121,-15064,6692,
-3410,-14941,6442,
-1955,-15022,7254,
-1391,-15051,6949,
-1499,-14915,6755,
-1436,-15062,6749,
-1494,-15099,6574,
-1522,-15068,6542,
-1420,-14830,6616,
-1386,-15035,5979,
-1423,-15188,6353,
-1464,-15190,6710,
-1431,-14919,6576,
-1454,-14957,6782,
-1482,-14989,6759,
-1417,-15032,6788,
-1391,-14978,6937,
-1372,-15022,6872,
-1373,-15106,6888,
-1390,-15101,6924,
-1313,-14969,6939,
-1225,-14912,6916,
-1178,-14910,6810,
-1195,-14829,6701,
-1325,-14883,6715,
-1396,-14887,6651,
-1177,-14849,6779,
-1352,-14894,6791,
-1324,-14880,6665,
-1391,-14887,6784,
-1423,-14969,6797,
-1485,-14976,6822,
-1452,-14950,6754,
-1453,-15030,6798,
-1479,-15078,6816,
-1394,-15004,6756,
-1295,-15058,6641,
-1301,-15199,6506,
-1300,-15256,6407,
-1265,-15240,6259,
-1143,-15316,6298,
-958,-15485,6360,
-1028,-15525,6241,
-1124,-15531,6200,
-1013,-15395,6193,
-1120,-15375,6348,
-1188,-15234,6417,
-1334,-15217,6513,
-2138,-14706,6371,
-1060,-15538,7260,
-1314,-15111,6518,
-1455,-15042,6536,
-1391,-15077,6429,
-1366,-15229,6493,
-1385,-15299,6479,
-1263,-15267,6324,
-1149,-15259,6340,
-1210,-15378,6213,
-1178,-15305,5981,
-1199,-15262,6149,
-1234,-15256,6170,
-1216,-15135,6248,
-1237,-15152,6299,
-1267,-15086,6464,
-1350,-15098,6573,
-1281,-15120,6703,
-1327,-15036,6745,
-1332,-15023,6871,
-1386,-14952,6779,
-1344,-15026,6811,
-1404,-15043,6772,
-1442,-14954,6603,
-1409,-14953,6731,
-1507,-14954,6642,
-1465,-14948,6605,
-1541,-14988,6632,
-1589,-15026,6721,
-1525,-15052,6642,
-1675,-15232,6779,
-1519,-14948,6579,
-1506,-14998,6968,
-1540,-14889,6653,
-1436,-14977,6609,
-1446,-15191,6716,
-1362,-14988,6541,
-1351,-14916,6492,
-1408,-14812,6524,
-2300,-17768,6005,
-2511,-15249,6742,
-1039,-14767,6682,
-1267,-15031,6686,
-1177,-14926,6459,
-1262,-14903,6576,
-1524,-14907,7678,
-1162,-14587,6694,
-1756,-14967,6611,
-1913,-14985,7689,
-1738,-14909,7551,
-1390,-14672,7380,
-1339,-14849,7318,
-1568,-14987,6662,
-1476,-14714,7035,
-1354,-14293,7184,
-1242,-14132,7398,
-1254,-14490,7331,
-1740,-14881,8898,
-1939,-13964,7118,
-1096,-13746,7621,
-1539,-14634,7098,
-1367,-15205,6740,
-1257,-15176,6584,
-1519,-15124,6371,
-1330,-15132,6324,
-1533,-15219,5895,
-1890,-15311,5944,
-1579,-15202,6339,
-1652,-14765,6552,
-1615,-14086,6413,
-1877,-14588,6503,
-1811,-14460,6549,
-1976,-14852,6691,
-1623,-15079,7285,
-764,-14796,7304,
-1962,-15216,6612,
-1261,-15099,6968,
-1660,-15390,7041,
-1425,-16210,6921,
-1891,-15318,6699,
-914,-17355,8289,
-1528,-15086,6914,
-1761,-15149,7187,
-1402,-14903,7049,
-1287,-15017,7152,
-1502,-14982,7149,
-1511,-15257,7111,
-941,-14699,7230,
-1334,-14766,6798,
-1148,-14912,6941,
-1431,-15047,6795,
-1672,-14887,6554,
-1676,-14778,6563,
-1722,-14578,6615,
-1669,-14597,6450,
-859,-13895,7361,
-2109,-15338,6554,
-1263,-15154,6932,
-1739,-15068,6596,
-1214,-14932,6625,
-1272,-15254,6543,
-1454,-15687,6258,
-1362,-15580,6082,
-1335,-15599,6173,
-1361,-15550,6254,
-1277,-15305,6402,
-1186,-15183,6505,
-1286,-15016,6630,
-1407,-14985,6899,
-1446,-14674,7160,
-1409,-14554,7513,
-1547,-14547,7625,
-1587,-14513,7753,
-1619,-14455,7820,
-1491,-14271,7686,
-1665,-14554,7657,
-1769,-14743,7586,
-1758,-14941,7437,
-1677,-14913,7219,
-1680,-15211,7044,
-1745,-15022,7073,
-1631,-14901,6678,
-1567,-14901,7040,
-1595,-14618,6939,
-1595,-14540,7064,
-1495,-14394,7278,
-1535,-14463,7376,
-1525,-14411,7571,
-1588,-14345,7458,
-1602,-14215,7142,
-1689,-14607,7622,
-1535,-14437,7616,
-1508,-14529,7692,
-1523,-14638,7644,
-1566,-14804,7705,
-1522,-14797,7579,
-1553,-14770,7726,
-1484,-14742,7657,
-1377,-14658,7738,
-1266,-14408,7809,
-1279,-14317,7673,
-1405,-14105,7830,
-1179,-14032,7871,
-974,-13929,7818,
-1078,-13998,8064,
-1064,-14166,7880,
-1162,-13875,7729,
-2929,-16683,6643,
-842,-13915,8086,
-1112,-14186,7870,
-1191,-14237,8232,
-1166,-13988,7917,
-1314,-14274,8334,
-1063,-13678,8411,
-1274,-13658,8632,
-1184,-13726,8491,
-1228,-13701,8571,
-1177,-13886,8595,
-987,-14230,8307,
-1080,-14496,8138,
-1103,-14307,7964,
-1033,-14177,7922,
-1070,-14265,8078,
-1004,-14244,8148,
-1082,-14261,8216,
-1144,-14201,8300,
-1152,-14120,8381,
-1232,-14117,8476,
-1168,-14159,8488,
-1169,-14280,8368,
-1172,-14340,8367,
-1137,-14365,8269,
-1126,-14464,8259,
-1136,-14485,8291,
-998,-14493,8224,
-1202,-14411,8399,
-946,-14269,8248,
-1093,-14321,8361,
-1093,-14318,8348,
-1039,-14099,8266,
-1090,-14353,8439,
-1069,-14307,8519,
-1122,-14230,8170,
-1192,-14459,8044,
-1219,-14529,7957,
-1197,-14617,7883,
-1004,-14976,7605,
-3926,-12346,6559,
-1910,-15185,7221,
-1437,-14515,7152,
-1114,-14456,7487,
-1380,-14734,7458,
-1049,-14467,7420,
-1070,-14654,7413,
-1024,-14627,7497,
-1208,-14660,7567,
-1398,-14582,7468,
-915,-14368,8402,
-929,-14200,8432,
-855,-14264,8287,
-1100,-14261,8621,
-901,-14096,8370,
-864,-13908,8010,
-1020,-14053,8242,
-861,-13982,8364,
-929,-13991,8255,
-680,-14122,8352,
-757,-14141,8285,
-840,-14298,8059,
-304,-18613,8447,
412,-13663,9408,
-1326,-14397,7808,
-1094,-14438,7620,
-1217,-14425,7788,
-1199,-14458,7630,
-1251,-14113,7723,
-1215,-14183,7737,
-1269,-14233,7815,
-1332,-14241,7829,
-1226,-14218,8094,
-678,-13875,9259,
-716,-13742,9178,
-655,-13813,8907,
-728,-13908,8888,
-849,-13853,8688,
-808,-13886,8754,
-914,-13899,8896,
-908,-13780,8569,
-941,-13848,8704,
-935,-13878,8518,
-864,-13751,8639,
-875,-13919,8543,
-980,-13927,8615,
-829,-13978,8364,
-413,-13965,8581,
-3726,-11585,8163,
-634,-14157,8321,
-874,-14039,8334,
-985,-14209,8627,
-1081,-14233,8471,
-1054,-14093,8213,
-1062,-14030,8260,
-1103,-14138,8406,
-1184,-13999,8349,
-1140,-14118,8225,
-1409,-14148,8279,
-1328,-14097,8296,
-1346,-14142,8375,
-1284,-14067,8379,
-1231,-14093,8419,
-1237,-13939,8502,
-1289,-14321,8387,
-1163,-14157,8429,
-1124,-14068,8442,
-1178,-14109,8401,
-1072,-14066,8394,
-1135,-14104,8332,
-1121,-14221,8321,
-1089,-14211,8289,
-1125,-14294,8288,
-1054,-14183,8330,
-1107,-14291,8211,
-1093,-14309,8206,
-1130,-14312,8232,
-1128,-14289,8067,
-1033,-14269,8199,
-1033,-14248,8180,
-1090,-14394,8182,
-1087,-14371,8166,
-1095,-14410,8304,
-1104,-14324,8349,
-1096,-14330,8396,
-1106,-14204,8418,
-1043,-14186,8505,
-1072,-14246,8402,
-1102,-14277,8348,
-1147,-14251,8269,
-1229,-14388,8258,
-1238,-14410,8167,
-1240,-14350,8194,
-1248,-14352,8142,
-1236,-14354,8142,
-1289,-14300,8186,
-1221,-14334,8185,
-1242,-14262,8228,
-1236,-14233,8194,
-1279,-14279,8159,
-1334,-14292,8013,
-1233,-14292,8084,
-1308,-14396,8012,
-1294,-14282,7962,
-1289,-14309,7981,
-1270,-14216,7968,
-1304,-14230,8039,
-1268,-14214,8117,
-1251,-14212,8204,
-1170,-14187,8203,
-1202,-14200,8280,
-1150,-14112,8314,
-1092,-14139,8357,
-1105,-14242,8368,
-1098,-14182,8431,
-1068,-14078,8394,
-999,-14076,8369,
-1052,-14089,8341,
-992,-14293,8350,
-918,-14162,8089,
-1095,-14218,8067,
-667,-14153,8036,
-1192,-14311,7947,
-1090,-14198,7968,
-1040,-14220,8165,
-1062,-14089,8152,
-1142,-14234,8293,
-1008,-14084,8286,
-990,-14161,8411,
-1331,-14070,8945,
-899,-14050,8675,
-1063,-14055,8872,
-1131,-14013,8932,
-1032,-14147,9007,
-991,-14133,8795,
-989,-14172,8694,
-1062,-14143,8561,
-1076,-14235,8450,
-1137,-14274,8367,
-1043,-14321,8175,
-1104,-14340,8201,
-1038,-14314,8157,
-1050,-14394,8172,
-1093,-14351,8324,
-814,-14277,8115,
-1048,-14280,8213,
-942,-14346,8183,
-884,-14384,8142,
-882,-14346,8147,
-964,-14278,8257,
-889,-14245,8276,
-917,-14275,8457,
-884,-14180,8440,
-990,-14198,8503,
-918,-14216,8549,
-877,-14135,8466,
-927,-14130,8433,
-872,-14149,8457,
-833,-14180,8401,
-1089,-14185,8551,
-739,-14251,8361,
-861,-14255,8541,
-734,-14271,8314,
-775,-14350,8366,
-783,-14324,8388,
-772,-14283,8314,
-615,-14353,8350,
-537,-14381,8285,
-628,-14417,8257,
-568,-14401,8384,
-539,-14473,8162,
-453,-14238,8363,
-524,-14296,8338,
-560,-13839,8286,
-3341,-16018,6500,
-579,-14089,8666,
-487,-14057,8539,
-681,-13945,8414,
-706,-13996,8439,
-259,-13563,8530,
-747,-14080,8529,
-762,-13808,8433,
-797,-14068,8726,
-739,-13957,8673,
-827,-13947,8678,
-873,-13906,8723,
-802,-13853,8773,
-886,-13880,8795,
-914,-13886,8883,
-973,-13861,8881,
-943,-13882,8995,
-873,-14070,9087,
-965,-13988,9057,
-835,-13870,9080,
-833,-13937,9095,
-734,-13953,9151,
-892,-13908,9130,
-798,-13751,9113,
-808,-13562,9140,
-802,-13645,9018,
-803,-13721,9028,
-897,-13560,8944,
-910,-13480,8931,
-1083,-13372,8812,
-963,-13330,8832,
-1011,-13550,8842,
-1074,-13445,8803,
-908,-13683,8723,
-702,-13392,9036,
-1316,-13561,8444,
-951,-13752,8762,
-1254,-13699,8436,
-1104,-13469,8467,
-1130,-13808,8637,
-6490,-11883,1270,
-1334,-13121,9118,
-962,-13329,8222,
-1687,-14390,7992,
-1406,-13716,7994,
-656,-13668,7936,
-1789,-14443,7902,
-316,-14349,8996,
-1984,-14527,7675,
-966,-15241,7581,
-5588,-13808,9293,
-394,-14556,5627,
-4352,-12367,15030,
-3729,-14019,6966,
-3709,-13539,5920,
-3177,-13602,6677,
-3611,-13856,6347,
-3711,-13814,6359,
-3679,-13744,6530,
-3703,-13862,6410,
-3270,-14297,6273,
-3219,-14408,6424,
-3473,-14270,6678,
-2878,-14693,6583,
-3659,-14791,6610,
-3163,-14952,6459,
-2888,-14945,6120,
-4090,-14004,7020,
-3945,-13565,6321,
-3593,-13774,7029,
-4081,-13575,6830,
-4036,-13727,7018,
-3309,-13881,6921,
-4656,-14426,6748,
-3864,-14334,7464,
-3498,-15235,6475,
-3072,-15596,4576,
-3665,-14715,5526,
-2771,-14824,6367,
-3615,-15398,6397,
-2646,-15086,5616,
-2832,-14896,5538,
-3247,-15072,6002,
-2425,-14790,6106,
-3122,-14754,6246,
-2227,-14645,7302,
-3328,-15314,6448,
-3222,-15146,6152,
-3405,-15192,5845,
-2992,-15824,6333,
-2558,-15297,6443,
-2694,-15221,6786,
-2746,-14922,6558,
-3039,-15195,6012,
-3102,-14899,5627,
-3387,-15195,4960,
-3358,-14517,4993,
-3970,-15082,4659,
-3731,-14388,5902,
-3095,-15386,6001,
-2923,-13818,5216,
-3943,-16579,6690,
-1737,-13098,6941,
-261,-12024,8882,
1057,-16756,2343,
12618,-9057,32764,
-15723,4989,9850,
-4868,-21073,-6501,
-4039,-10697,4725,
-938,-12909,2716,
-631,-10667,11257,
-3818,-15863,-1082,
-5347,-19045,870,
-5525,-17059,4472,
-2817,-13427,9280,
-5073,-16474,1626,
-2536,-14157,4991,
-3911,-18849,4581,
-3793,-17676,3735,
-2752,-15926,7797,
-3884,-14701,3874,
-2831,-14394,5404,
-2322,-13966,4650,
-3750,-13555,6528,
-3413,-13853,6483,
-2525,-13417,5845,
-2491,-13442,5727,
-2407,-14583,5368,
-2785,-14200,4880,
-2483,-13949,5048,
-2581,-14608,5067,
-1985,-15562,2035,
-3780,-12176,4562,
-1224,-15090,4765,
-2314,-14738,4664,
-2921,-14419,4850,
-2123,-15198,3149,
-1833,-15532,3692,
-1438,-16882,2982,
-1641,-13719,5161,
-1465,-14243,5975,
-1516,-14728,5213,
-1251,-15269,3383,
-912,-15070,2625,
-2204,-12742,5465,
-121,-15648,3506,
-1221,-15263,4138,
-629,-13548,5349,
-861,-14497,4418,
-1015,-14767,4750,
-1068,-14901,4867,
-1288,-15122,5153,
-1240,-15192,5291,
-1058,-15677,4351,
-1006,-14503,5011,
-756,-15020,4254,
-684,-15042,3572,
-244,-14942,3131,
-1161,-16339,3491,
-2165,-13274,4050,
-386,-15463,676,
-1748,-17622,5350,
-1793,-16785,3396,
-1558,-17500,4690,
-1609,-17515,3776,
-1414,-18119,2935,
-1054,-18513,2411,
-1268,-17850,1219,
-2046,-17996,2665,
-989,-18836,2923,
-1368,-18061,6009,
-1682,-19082,1933,
-1058,-16893,3392,
-943,-17645,2673,
-1062,-17509,3026,
-931,-17052,4339,
-977,-16822,4058,
-1461,-17340,4126,
-1501,-17042,4497,
-1040,-16896,5440,
-1192,-16850,3911,
-1283,-17003,3444,
-1254,-16611,2684,
-1422,-17000,2937,
-1205,-17623,2743,
-1515,-17823,3418,
-3156,-18180,2054,
-2090,-16392,11738,
-2775,-10023,-8144,
-1915,-17783,1694,
-1401,-18812,2703,
-1563,-18147,1975,
-2020,-17468,1321,
-1568,-17159,92,
-2105,-16657,1914,
-1116,-17466,2680,
-880,-17202,2025,
-1293,-16690,1596,
-2128,-16079,1394,
-2303,-17077,3808,
-339,-17994,2626,
-491,-17107,1037,
-44,-15935,1896,
-1318,-16371,2224,
-950,-16388,2107,
-833,-17522,1832,
-1431,-16704,2439,
-883,-17004,2274,
-943,-16253,2441,
-1060,-15790,3040,
-1057,-15371,2106,
-1299,-14666,2567,
-460,-15421,2821,
-479,-15811,2628,
-371,-15258,2645,
-1263,-15033,2989,
-1131,-15837,2039,
-1072,-17083,2852,
-540,-16422,1678,
-1536,-16636,2581,
-1146,-17785,2169,
-771,-17849,2622,
-1038,-17247,2501,
-1389,-16381,1988,
-1158,-16374,2585,
-1161,-17207,1733,
-1410,-18168,2626,
-1318,-17676,2681,
475,-18168,2472,
-817,-17819,3125,
-304,-17079,1447,
-1376,-16677,2005,
-1251,-18336,2834,
-767,-18082,1675,
-163,-17048,2178,
333,-16447,1844,
1237,-17312,3097,
415,-16062,2630,
35,-17589,3091,
-92,-17228,3350,
404,-16109,4108,
1140,-15767,3640,
1404,-14948,3110,
950,-15043,3037,
1085,-15938,3335,
1575,-16531,4311,
1207,-16344,2365,
1294,-17709,3455,
670,-17093,2339,
274,-18687,3759,
419,-17563,2031,
393,-17419,2329,
463,-16705,2637,
695,-17353,2737,
534,-17160,2125,
726,-16445,3406,
849,-15266,2940,
820,-15483,3185,
974,-15309,3515,
1176,-15201,3684,
1143,-15584,4155,
881,-15948,4294,
819,-15627,4339,
700,-15466,4906,
1199,-16886,4815,
780,-17713,4523,
514,-15926,3332,
769,-16309,4229,
603,-16129,4250,
349,-15972,3948,
854,-15813,4274,
1291,-16037,4601,
644,-16202,4012,
882,-16019,4611,
706,-15934,4199,
698,-16204,3913,
606,-17256,4670,
663,-16233,5885,
523,-16918,4055,
892,-16676,2851,
976,-15558,2358,
829,-16400,2505,
928,-16351,2158,
347,-16381,2675,
852,-16494,3036,
690,-16016,3261,
773,-15921,4107,
887,-15493,4589,
1053,-15437,5020,
860,-15195,5034,
704,-15210,5208,
766,-15140,5075,
583,-15448,4970,
435,-15311,4979,
707,-15003,4493,
730,-15328,4201,
544,-15522,4301,
435,-15857,4198,
511,-15905,3923,
749,-16212,4125,
815,-16118,4163,
801,-16039,4565,
877,-15989,4898,
869,-15941,4931,
861,-15718,5216,
858,-15714,5486,
732,-15500,5690,
648,-15512,5809,
683,-15382,5965,
533,-15319,5573,
478,-15383,5086,
386,-15138,5060,
279,-14994,4407,
1020,-14905,4884,
493,-15529,4371,
401,-15202,3879,
351,-15464,3368,
753,-15396,2599,
332,-15165,3405,
795,-15245,4879,
498,-16120,4086,
280,-15315,2324,
1029,-14709,2497,
1225,-16011,3723,
310,-16178,4903,
438,-15467,2987,
-11,-15458,3488,
760,-15493,2606,
518,-16342,3865,
205,-16764,4693,
444,-16630,3972,
482,-16446,3606,
258,-16794,3112,
272,-17309,2582,
226,-17475,2001,
295,-17290,2145,
284,-17328,2187,
-521,-16484,2602,
227,-16976,1368,
736,-17541,3319,
-70,-17321,4167,
533,-16435,3232,
333,-16454,3571,
-122,-16374,3869,
30,-16300,3630,
563,-16896,4750,
115,-16804,5984,
386,-15973,5421,
316,-16136,5431,
339,-15890,5470,
547,-15800,5739,
277,-15253,6243,
1099,-15217,6552,
785,-15193,6136,
943,-15180,6769,
807,-15164,6720,
925,-15829,6562,
846,-14614,6273,
951,-14832,5874,
971,-15196,6070,
1598,-15831,6110,
655,-15359,4774,
277,-14541,5486,
1125,-15869,5767,
589,-16516,5535,
660,-14945,4824,
764,-15125,5194,
892,-15538,5645,
825,-15466,5471,
707,-15567,5477,
660,-15339,5686,
471,-15364,5766,
465,-15205,5741,
512,-15150,5784,
461,-14986,5564,
530,-14940,5836,
556,-14752,5797,
523,-14343,5127,
449,-15318,5696,
329,-15055,6753,
335,-14526,6025,
267,-14713,5921,
188,-14766,5882,
360,-14757,5780,
294,-14301,5646,
177,-14537,5374,
144,-14586,5089,
155,-14581,5137,
206,-14512,5024,
229,-14521,4978,
261,-14312,4794,
341,-14386,4544,
177,-14489,4415,
266,-14602,4354,
130,-14711,4770,
277,-14708,4793,
333,-14592,4536,
389,-14654,4521,
322,-14921,5097,
311,-14986,5247,
395,-15067,5626,
394,-15057,5791,
253,-14961,5685,
339,-15109,6131,
454,-15226,6649,
380,-14997,6963,
433,-14795,6707,
302,-14833,6617,
397,-14755,6441,
336,-14666,6706,
546,-15284,6507,
416,-14737,5589,
523,-14911,5482,
358,-15195,4965,
27,-16404,4056,
923,-16345,4490,
-83,-16013,5993,
50,-16649,4434,
161,-15779,5295,
579,-15112,4038,
-165,-16364,5134,
-251,-16515,5327,
-412,-16671,5062,
-359,-16180,5306,
-132,-15653,5038,
258,-15403,4702,
163,-15467,5014,
-14,-15794,5236,
44,-15594,5219,
128,-15420,5444,
243,-15251,5537,
231,-15400,5579,
49,-15235,5629,
89,-15159,5656,
124,-15227,5508,
-87,-15383,5300,
-12,-15684,5317,
-116,-15820,5295,
-134,-15765,4764,
-129,-16017,4582,
-122,-16321,4696,
-156,-16270,4649,
-134,-16123,4674,
-74,-16071,4728,
-78,-15998,4881,
-29,-15992,4884,
-41,-15960,4729,
-229,-15999,4792,
-191,-15929,4866,
-281,-15971,4907,
-310,-15993,4935,
-253,-16094,5023,
-220,-15939,5067,
-179,-15844,5206,
-147,-15873,5246,
127,-15851,5001,
100,-15951,5281,
224,-15888,5481,
308,-15529,5448,
378,-15698,5174,
367,-15812,5063,
343,-16046,5104,
401,-16153,5286,
589,-15928,5239,
481,-15916,5229,
450,-15962,5081,
286,-16008,5296,
345,-15882,5208,
328,-16002,5156,
353,-16003,5331,
434,-15785,5356,
437,-15685,5241,
559,-15556,5070,
565,-15563,4995,
611,-15363,4869,
755,-15371,4854,
799,-15392,4625,
797,-15297,4607,
814,-15318,4322,
789,-15271,4295,
776,-15227,4276,
777,-15197,4094,
681,-15523,4626,
803,-15162,4866,
680,-15166,4905,
702,-14736,4880,
891,-14793,4904,
700,-15062,4561,
804,-14770,5003,
757,-15144,4931,
888,-14821,4955,
1037,-14927,4674,
1236,-14958,4583,
898,-15411,4613,
826,-15706,4710,
1110,-15663,4846,
823,-15516,4672,
1227,-15354,4109,
1136,-15964,4021,
1121,-15914,4289,
1020,-16016,3953,
488,-16297,3378,
926,-16040,4164,
617,-15587,4200,
747,-15742,4572,
482,-15516,4536,
725,-15189,4608,
694,-15560,4439,
894,-15139,4692,
781,-15065,4476,
947,-14936,4399,
989,-16060,3880,
505,-15917,3944,
395,-15883,4151,
995,-15308,4834,
1220,-15122,3503,
249,-15449,5018,
799,-15434,4169,
304,-15432,4496,
552,-14776,4583,
566,-15542,4285,
417,-15600,4451,
133,-15774,4500,
414,-15230,4326,
239,-15581,4045,
139,-16458,4244,
57,-16192,4347,
172,-15396,4134,
324,-16481,4019,
130,-16687,4456,
331,-15918,4132,
396,-16072,3970,
342,-16516,4061,
219,-16374,4149,
308,-16321,4086,
376,-16152,4060,
331,-16096,4072,
429,-16100,4004,
373,-16218,3999,
387,-16076,4133,
477,-16046,4138,
633,-15968,4227,
656,-16033,4178,
702,-16168,4016,
898,-16278,3900,
762,-16589,3570,
836,-16338,3285,
810,-16758,3343,
850,-16845,3167,
759,-17155,3266,
758,-17307,3288,
774,-17341,3595,
804,-17373,3618,
771,-17336,3859,
784,-17205,4065,
718,-17098,4199,
697,-16952,4269,
627,-16684,4429,
593,-16467,4386,
611,-16140,4513,
574,-15894,4384,
574,-15705,4080,
444,-15715,3873,
405,-15566,3592,
514,-15436,3328,
461,-15354,3038,
426,-15263,2802,
500,-15128,2783,
561,-14907,2711,
644,-14810,2631,
637,-14752,2561,
635,-14759,2486,
644,-14778,2351,
609,-14943,2227,
583,-15004,2296,
630,-15090,2384,
595,-15160,2474,
567,-15334,2551,
495,-15499,2658,
448,-15646,2823,
440,-15812,2953,
452,-15798,3350,
641,-15843,3325,
562,-16212,3626,
383,-16322,3835,
428,-16238,3825,
481,-16456,3712,
437,-16444,3635,
261,-16608,3220,
157,-16899,2835,
15,-16929,2429,
62,-16939,2011,
-80,-17181,1507,
-129,-17165,1461,
-141,-17169,1217,
-167,-17194,964,
-114,-17125,1082,
-36,-16860,1120,
62,-16833,1198,
103,-16708,1452,
149,-16658,1739,
270,-16366,1825,
389,-16331,1953,
372,-16417,2057,
243,-16406,2073,
253,-16494,2282,
356,-16402,2215,
315,-16384,2275,
390,-16312,2374,
375,-16257,2265,
363,-16244,2192,
415,-16222,2222,
396,-16331,2237,
317,-16408,2284,
294,-16383,2289,
284,-16422,2428,
225,-16391,2504,
334,-16292,2682,
506,-16189,2758,
560,-15987,2887,
664,-15962,3031,
497,-16196,3129,
753,-15983,2967,
874,-15961,2753,
753,-16073,2682,
718,-16144,2513,
713,-16180,2346,
695,-16139,2205,
697,-16179,2083,
714,-16214,1915,
526,-16112,1854,
591,-16134,1666,
559,-16214,1636,
537,-16195,1523,
365,-16312,1229,
448,-16233,1347,
397,-16139,1128,
401,-16094,1112,
463,-16140,1175,
488,-16169,1139,
393,-16270,973,
319,-16423,1085,
245,-16518,1184,
191,-16414,1214,
285,-16235,1190,
423,-16250,1095,
361,-16267,949,
297,-16267,912,
147,-16248,704,
120,-16269,654,
144,-16136,497,
113,-16229,573,
18,-16232,581,
-21,-16309,622,
-32,-16326,748,
-63,-16339,961,
-67,-16308,1220,
-121,-16304,1642,
-90,-16295,1637,
-60,-16378,1698,
-147,-16496,1603,
-84,-16567,1581,
-49,-16515,1589,
1,-16580,1568,
-65,-16647,1679,
-20,-16606,1794,
12,-16523,1843,
168,-16446,1946,
187,-16435,1941,
225,-16432,1922,
326,-16355,1945,
369,-16332,1897,
381,-16442,1887,
308,-16515,1795,
321,-16594,1744,
339,-16646,1724,
353,-16761,1552,
384,-16716,1403,
527,-16678,1253,
620,-16580,1014,
653,-16501,932,
781,-16491,864,
581,-16514,644,
616,-16552,579,
739,-16529,560,
760,-16478,550,
725,-16514,522,
855,-16438,606,
931,-16446,654,
895,-16446,683,
954,-16529,743,
912,-16506,805,
1005,-16532,841,
1134,-16530,893,
1099,-16510,1013,
1164,-16472,1094,
1672,-16396,525,
1680,-16317,473,
1772,-16309,416,
1775,-16293,311,
1734,-16374,278,
1749,-16390,351,
1725,-16364,334,
1628,-16462,403,
1617,-16401,562,
1754,-16392,569,
1289,-16859,665,
1147,-16889,1067,
1258,-16790,1251,
1196,-16665,1491,
1127,-16610,1651,
1141,-16616,1704,
1078,-16530,1834,
1088,-16422,1916,
1094,-16372,1933,
1044,-16387,1992,
1025,-16416,1959,
1019,-16389,1939,
1060,-16405,1814,
1054,-16386,1745,
1025,-16378,1890,
1033,-16354,1746,
1254,-16260,1680,
1317,-16206,1646,
1374,-16235,1558,
1271,-16432,1579,
1213,-16511,1454,
1301,-16544,1387,
1207,-16634,1420,
1224,-16572,1499,
1259,-16552,1454,
1227,-16552,1349,
1214,-16595,1276,
1155,-16711,1264,
1077,-16770,1279,
1052,-16783,1308,
1079,-16720,1296,
1106,-16597,1313,
1147,-16527,1391,
1084,-16565,1329,
1102,-16493,1389,
1111,-16533,1436,
1190,-16441,1424,
1271,-16378,1266,
1415,-16288,1407,
1515,-16239,1264,
1484,-16244,1230,
1435,-16201,1163,
1610,-16019,1126,
1610,-15909,1097,
1575,-15868,863,
1523,-15791,678,
1398,-15742,503,
1373,-15688,412,
1343,-15633,361,
1377,-15449,318,
1408,-15349,195,
1437,-15258,102,
1454,-15292,89,
1568,-15301,139,
1595,-15371,157,
1547,-15517,309,
1502,-15682,368,
1447,-15792,443,
1386,-15992,626,
1169,-16154,783,
1084,-16293,1029,
1013,-16231,1091,
910,-16217,1187,
835,-16259,1128,
678,-16306,1124,
556,-16342,1073,
578,-16332,887,
582,-16141,874,
645,-16123,600,
619,-16140,503,
620,-16235,374,
592,-16259,4,
590,-16251,-136,
667,-16285,-178,
692,-16227,-299,
704,-16239,-363,
686,-16228,-349,
677,-16206,-207,
736,-16092,-88,
766,-16073,-33,
733,-16095,117,
753,-16118,267,
690,-16165,363,
630,-16336,417,
570,-16474,402,
594,-16653,294,
706,-16782,345,
285,-17252,390,
330,-17609,600,
425,-17649,801,
443,-17848,1033,
503,-18104,1557,
577,-18122,1683,
568,-18150,1861,
555,-18069,2497,
677,-17970,2746,
886,-17899,2778,
989,-17777,2862,
1092,-17686,2695,
983,-17718,2480,
1192,-17874,1766,
1176,-17198,1248,
1397,-17814,1965,
1322,-17462,2043,
1508,-17365,1939,
1618,-17264,1642,
1498,-17135,1692,
1547,-17059,1657,
1514,-17135,1142,
1499,-17070,1095,
1717,-16916,656,
1578,-17111,675,
1549,-16799,522,
1481,-16914,38,
1383,-17035,-137,
1292,-17047,-197,
1205,-17268,16,
991,-17055,135,
1001,-16777,408,
1106,-17173,969,
933,-16396,955,
1166,-16581,1099,
1009,-16102,972,
1144,-16193,1032,
1208,-16127,1030,
1249,-16065,1166,
1423,-16293,919,
1445,-16163,1168,
1497,-16161,921,
1390,-16341,918,
1485,-16582,1104,
1438,-16503,924,
1500,-16483,1061,
1486,-16576,1034,
1487,-16540,1133,
1468,-16480,999,
1429,-16503,881,
1447,-16480,893,
1449,-16461,760,
1464,-16376,842,
1524,-16418,934,
1480,-16414,1111,
1562,-16442,1293,
1592,-16285,1035,
1565,-16540,1662,
1650,-16513,2007,
1761,-16447,2409,
1880,-16394,2580,
2031,-16362,2581,
1985,-16336,2584,
1997,-16460,2519,
1994,-16561,2337,
1830,-16658,2108,
1810,-16735,1894,
1836,-16667,1700,
1861,-16600,1548,
1818,-16642,1194,
1832,-16631,1214,
1766,-16713,1049,
1775,-16617,1072,
1826,-16565,964,
1927,-16542,973,
1947,-16544,993,
1967,-16483,1176,
1992,-16355,1262,
1928,-16439,1440,
2093,-16370,1573,
2014,-16237,1659,
2139,-16149,1697,
2163,-16079,1897,
2143,-15938,1960,
2178,-15917,2020,
2079,-15969,2144,
2191,-15956,2236,
2094,-15960,2316,
2091,-16075,2399,
2099,-16184,2370,
2080,-16323,2494,
1999,-16476,2550,
2060,-16425,2560,
2079,-16517,2538,
2089,-16660,2586,
1937,-16818,2592,
1980,-16881,2566,
2027,-16924,2491,
2021,-16984,2497,
2160,-16832,2385,
2079,-16986,1801,
2107,-16957,1648,
2092,-16812,1299,
2126,-16706,744,
2059,-16651,493,
1922,-16469,361,
1835,-16412,198,
1794,-16384,219,
1707,-16043,268,
1711,-15727,292,
1697,-15430,437,
1821,-15020,652,
1843,-14859,913,
1967,-14614,1129,
1941,-14588,1190,
1907,-14637,1395,
1856,-14700,1484,
1877,-14847,1577,
1778,-14920,1808,
1724,-15232,3069,
1673,-15240,3283,
1650,-15371,3390,
1598,-15515,3486,
1605,-15537,3389,
1631,-15522,3339,
1683,-15571,3250,
1689,-15706,3133,
1692,-15710,3028,
1767,-15808,3177,
1819,-15746,3028,
1821,-15896,3101,
1752,-15973,3087,
1843,-16011,3084,
1761,-16104,2824,
1964,-16207,2973,
1814,-16299,2824,
1815,-16376,2657,
1812,-16472,2595,
1800,-16503,2327,
1896,-16469,2192,
1841,-16599,1735,
2180,-16182,2413,
1729,-16334,2139,
2139,-16320,2138,
2031,-16405,2436,
1984,-16171,2336,
1975,-16783,2596,
2046,-16407,2536,
2009,-16644,2990,
1965,-16651,3207,
1909,-16753,3429,
1875,-16790,3558,
1903,-16759,3733,
1883,-16928,3934,
2008,-16676,3970,
1849,-17007,3902,
1737,-17291,3896,
1681,-17303,3840,
1604,-17284,3774,
1620,-17378,3762,
1558,-17413,3880,
1437,-17490,3867,
1299,-17407,3847,
1257,-17338,3741,
1118,-17062,3691,
1056,-16991,3581,
1073,-16659,3349,
1029,-16424,3303,
985,-16038,3178,
925,-15809,3023,
886,-15638,2875,
833,-15435,2880,
702,-15262,2901,
676,-14983,2824,
668,-14795,2828,
713,-14424,2883,
737,-14223,3008,
745,-14177,3137,
917,-14234,3332,
1006,-14192,3578,
1129,-14187,3570,
1327,-14543,3912,
1398,-14812,4062,
1470,-15015,4105,
1742,-15133,4155,
1845,-15387,4192,
1986,-15555,4027,
2100,-15876,3781,
2126,-16169,3535,
2230,-16418,3227,
2167,-16610,2897,
2125,-16772,2607,
2111,-16913,2432,
1992,-16978,2358,
1921,-17008,2289,
1874,-16746,1984,
1902,-16701,1996,
1908,-16499,1988,
1889,-16270,2092,
1803,-16021,2172,
1718,-15911,2233,
1601,-15711,2344,
1528,-15649,2387,
1442,-15517,2458,
1412,-15299,2516,
1314,-15228,2504,
1242,-15150,2599,
1191,-15029,2765,
1157,-14989,2753,
1113,-14917,2835,
1086,-14857,2953,
1040,-14980,3000,
969,-15010,3061,
981,-15059,3215,
928,-15207,3365,
930,-15465,3700,
949,-15713,4092,
952,-15921,4409,
1108,-16108,4933,
1147,-16325,5346,
1130,-16440,5581,
1281,-16655,5746,
1367,-16840,5866,
1393,-17000,5853,
1403,-17240,5590,
1353,-17291,5371,
1364,-17389,5031,
1477,-17466,4502,
1301,-17767,3029,
1228,-18190,3518,
1493,-16913,2757,
1510,-17081,2060,
1530,-17041,2234,
1542,-16828,2099,
1511,-16130,1468,
1564,-16368,1374,
1633,-16257,1026,
1498,-15958,676,
1496,-15757,662,
1505,-15575,673,
1539,-15431,838,
1483,-15283,851,
1619,-15135,1043,
1514,-14945,1427,
1535,-14721,1711,
1669,-14635,1974,
1551,-14431,2461,
1595,-14455,2633,
1508,-14466,2915,
1562,-14486,3168,
1469,-14579,3350,
1453,-14742,3533,
1479,-14834,3567,
1389,-14987,3727,
1428,-15161,3766,
1379,-15279,3630,
1261,-15537,3651,
1208,-15823,3505,
1127,-15969,3367,
971,-16273,3115,
866,-16467,3044,
797,-16603,3005,
767,-16669,2885,
792,-16765,2852,
684,-16780,2825,
622,-16890,2736,
571,-16752,2674,
512,-16987,2575,
321,-16788,2563,
428,-16922,2737,
351,-16810,2395,
324,-17023,2376,
271,-17007,2400,
196,-17082,2449,
243,-16991,2432,
264,-16920,2489,
299,-16777,2567,
347,-16750,2673,
542,-16185,2581,
572,-16367,2719,
577,-16757,2510,
515,-16400,2525,
626,-16560,2611,
748,-16343,2460,
859,-16084,2647,
883,-16260,2437,
893,-16297,2520,
858,-16084,2483,
1029,-15891,2446,
1029,-16007,2639,
1048,-16006,2636,
1006,-16106,2521,
971,-16192,2714,
895,-16400,2833,
799,-16434,2905,
667,-16454,3166,
722,-16556,3349,
543,-16619,3583,
463,-16641,3654,
536,-16562,3766,
585,-16548,3801,
541,-16590,3940,
560,-16521,3993,
607,-16444,3952,
710,-16391,3850,
832,-16247,3764,
1007,-16228,3642,
1068,-16172,3452,
1138,-16107,3259,
1152,-16174,3161,
1231,-16118,3133,
1242,-16211,2982,
1346,-16299,2820,
1300,-16337,2866,
1348,-16263,2867,
1420,-16370,2702,
1465,-16282,2922,
1631,-16291,2886,
1613,-16371,2972,
1640,-16324,3029,
1724,-16426,3030,
1407,-16578,1784,
1802,-16646,3275,
1919,-15916,2642,
1970,-15993,2755,
2004,-15968,2931,
2012,-15865,2737,
2034,-15986,2739,
2036,-15963,2822,
2057,-15889,2916,
2047,-15847,3091,
2024,-15796,3253,
2137,-15794,3203,
2170,-15740,3321,
2198,-15785,3321,
2162,-15743,3385,
2160,-15728,3327,
2243,-15908,3495,
2252,-15818,3541,
2215,-15830,3485,
2220,-15962,3294,
2164,-15959,3202,
2069,-15959,3216,
2118,-15949,3189,
2071,-15918,3195,
2093,-15970,3221,
2084,-15920,3158,
2140,-15892,3108,
2108,-15919,3180,
2104,-15838,3041,
2159,-15843,2967,
2218,-15812,2925,
2239,-15977,3032,
2166,-15988,3005,
2270,-16004,2983,
2234,-16033,3004,
2283,-16016,3051,
2373,-16060,3107,
2387,-15983,3107,
2482,-15859,3177,
2628,-15778,2961,
2520,-15907,2948,
2432,-15893,2957,
2477,-15858,2863,
2472,-15777,2784,
2399,-15870,2819,
2328,-15876,2865,
2349,-16132,2897,
2426,-15945,2982,
2422,-15517,2424,
2375,-15653,2656,
2443,-15776,2739,
2251,-15644,2662,
2294,-15652,2674,
2301,-15637,2627,
2254,-15640,2756,
2262,-15660,2741,
2229,-15682,2752,
2144,-15700,2814,
2202,-15816,2811,
2211,-15836,2793,
2139,-15907,2805,
2156,-15965,2734,
2085,-15949,2640,
2074,-15978,2721,
2071,-15974,2686,
2028,-15956,2708,
2076,-15897,2716,
2121,-15948,2729,
2078,-15997,2769,
2040,-15966,2791,
2023,-15959,2693,
1923,-16062,2784,
1936,-16060,2718,
1856,-16027,2725,
1806,-16083,2639,
1682,-16108,2609,
1619,-16114,2617,
1642,-16136,2549,
1567,-16067,2636,
1616,-15986,2679,
1634,-15967,2687,
1581,-15969,2733,
1571,-15924,2766,
1616,-15924,2769,
1706,-15893,2799,
1685,-15922,2767,
1757,-15883,2781,
1791,-15610,2850,
1884,-16094,2761,
1805,-15958,2823,
1842,-16092,2792,
1879,-15945,2731,
1903,-16126,2831,
1893,-16103,2746,
1866,-16141,2825,
1919,-16172,2788,
1904,-16220,2787,
1897,-16172,2764,
1851,-16265,2659,
1892,-16289,2668,
1816,-16304,2568,
1758,-16364,2507,
1726,-16446,2603,
1768,-16405,2604,
1770,-16343,2592,
1783,-16216,2576,
1860,-16140,2587,
1857,-16059,2587,
1830,-16081,2632,
1769,-16086,2619,
1756,-16036,2611,
1674,-16076,2653,
1686,-16077,2727,
1689,-16084,2796,
1708,-16030,2907,
1717,-15988,2888,
1821,-15897,2915,
1776,-15856,2991,
1795,-15906,3038,
1808,-15895,2971,
1829,-15928,2985,
1841,-15845,2996,
1848,-15830,2973,
1939,-15938,2911,
1886,-15970,2945,
1874,-15988,2991,
1761,-15979,2940,
1678,-16040,2967,
1698,-16074,3032,
1632,-16133,3111,
1648,-16076,3127,
1621,-16075,3115,
1636,-16017,3144,
1669,-16084,3169,
1703,-16149,3191,
1704,-16181,3272,
1689,-16246,3216,
1688,-16236,3236,
1696,-16307,3158,
1699,-16317,3158,
1733,-16385,3016,
1646,-16420,3028,
1636,-16420,2941,
1634,-16380,2950,
1662,-16361,3019,
1607,-16303,3036,
1631,-16243,3101,
1683,-16206,3141,
1783,-16099,3183,
1812,-16049,3240,
1807,-16113,3231,
1823,-16075,3146,
1783,-16028,3059,
1817,-16092,2940,
1800,-16162,2838,
1823,-16160,2721,
1801,-16106,2685,
1840,-16052,2624,
1841,-16118,2590,
1877,-16189,2595,
1927,-16135,2557,
1934,-16107,2563,
1981,-16145,2505,
1966,-16142,2586,
1940,-16270,2577,
1897,-16266,2624,
1922,-16213,2638,
2017,-16194,2698,
1939,-16173,2784,
2002,-16168,2798,
2019,-16098,2786,
2068,-16041,2807,
2063,-16105,2772,
2055,-16069,2743,
2099,-16101,2763,
2035,-16145,2810,
2023,-16177,2826,
1992,-16223,2859,
1968,-16130,2861,
2002,-16117,2851,
1942,-16133,2748,
1906,-16177,2685,
1836,-16176,2649,
1825,-16124,2591,
1905,-16051,2561,
1904,-16009,2554,
1938,-15947,2641,
2000,-15921,2580,
2006,-15900,2718,
2045,-15854,2802,
2134,-15859,2782,
2101,-15825,2821,
2100,-15852,2822,
2082,-15884,2874,
2075,-15914,2881,
2068,-15954,2831,
2035,-15964,2741,
1972,-16047,2670,
1992,-16049,2609,
2010,-16025,2587,
1995,-16066,2580,
1986,-16054,2522,
1985,-16123,2488,
