-440,-119,16639,
-323,-37,16348,
1963,326,17390,
-568,6,16467,
-544,333,16523,
-506,197,16212,
-662,62,16198,
-561,240,16557,
-617,218,16274,
-575,175,16012,
-584,301,16264,
-637,275,16071,
-539,328,16077,
-556,326,16094,
-543,337,16139,
-556,279,16202,
-559,299,16139,
-587,263,16257,
-590,186,16262,
-629,167,16319,
-666,176,16358,
-741,72,16239,
-639,186,16420,
-636,214,16320,
-721,111,16388,
-733,116,16366,
-752,73,16415,
-726,150,16370,
-626,151,16425,
-843,24,16544,
-735,-27,16406,
-750,-92,16411,
-911,-135,16592,
-1009,-139,16614,
-983,-90,16542,
-870,-75,16638,
-984,-65,16485,
-1062,-136,16453,
-970,-56,16483,
-1008,-83,16368,
-799,130,15958,
-731,94,16081,
-713,231,16131,
-535,282,16110,
-1202,520,16276,
-2194,18,13760,
-623,189,16986,
-457,189,16121,
-733,-136,16398,
-668,142,16424,
-900,169,16521,
-816,12,16421,
-776,-157,16306,
-704,-169,16312,
-722,-191,16309,
-737,-182,16278,
-792,-134,16199,
-768,-99,16214,
-846,-101,16243,
-806,-41,16269,
-729,-101,16305,
-665,-102,16309,
-743,-190,16330,
-721,-238,16509,
-718,-136,16579,
-661,-348,16388,
-645,-269,16326,
-664,-244,16295,
-660,-184,16406,
-621,-206,16425,
-698,-331,16509,
-657,-280,16629,
-642,-224,16502,
-662,-226,16560,
-689,-251,16552,
-699,-162,16604,
-849,-145,16454,
-856,-72,16554,
-847,-57,16469,
-753,-50,16421,
-845,-17,16468,
-786,-28,16371,
-768,-30,16408,
-751,-10,16435,
-710,-7,16395,
-721,-13,16479,
-704,-12,16513,
-687,-69,16479,
-613,-28,16388,
-664,-186,16033,
-628,-174,16097,
-641,-180,16096,
-697,-130,16117,
-610,-123,16201,
-658,-135,16210,
-633,-70,16286,
-684,-134,16335,
-632,-102,16407,
-626,-133,16404,
-628,-62,16373,
-606,-73,16460,
-566,-59,16433,
-605,-31,16466,
-581,-91,16471,
-563,-87,16518,
-558,-51,16497,
-609,-43,16466,
-557,-53,16527,
-589,-85,16522,
-635,-99,16560,
-601,-81,16489,
-551,-20,16512,
-509,-92,16462,
-565,-155,16457,
-601,-137,16456,
-605,-69,16449,
-591,-15,16400,
-639,-34,16448,
-608,-69,16475,
-663,-70,15969,
-655,-46,15904,
-695,-38,15967,
-701,-39,15958,
-794,-49,15909,
-698,-87,15953,
-736,-76,15893,
-758,-126,15861,
-874,-240,15946,
-862,-321,16029,
-909,-319,16095,
-897,-345,16084,
-867,-470,16178,
-916,-341,16177,
-917,-358,16052,
-911,-239,16100,
-759,-139,16271,
-1038,-491,16217,
-1067,-448,16326,
-1023,-400,16253,
-890,-424,16445,
-818,-383,16421,
-939,-530,16552,
-912,-626,16515,
-761,-405,16478,
-1050,-531,16724,
2702,547,20050,
-977,-425,15969,
-702,252,16858,
-675,-193,16315,
14,-1098,16301,
60,-719,16071,
257,-957,16255,
-118,-1195,16355,
7,-1068,16448,
-127,-1127,15757,
-48,-542,15526,
-167,-1003,16315,
-1175,-902,16055,
-2077,-3027,18779,
-2898,-6808,16333,
-1530,-281,19516,
-3436,-6045,17522,
-1665,-12863,23778,
-1940,8695,-10809,
-2343,-1009,15324,
-292,3381,14609,
-4622,706,-8504,
-1237,1622,27240,
-4519,-7972,22170,
-1917,682,19808,
-1452,1086,16593,
-1296,521,17273,
-1747,-387,16225,
-1769,-169,15591,
-1766,-500,16158,
-2503,-1792,16901,
-2452,-1721,16873,
-2519,-1716,16931,
-2579,-1872,16741,
-2613,-1970,16482,
-2728,-2144,16047,
-2579,-1812,14635,
-2931,-1860,16602,
-2635,-2254,14967,
-2827,-2339,15489,
-2878,-1761,15611,
-2903,-1923,16313,
-2884,-1843,16456,
-2843,-1494,16598,
-2840,-1706,16552,
-2851,-1884,16795,
-2996,-2112,16879,
-3049,-2421,17155,
-3130,-2690,17338,
-3068,-2343,17006,
-3233,-2815,16661,
-3148,-2332,16159,
-3001,-2554,17415,
-3137,-2527,16651,
-2714,-1892,16856,
-2685,-1407,15602,
-2594,-642,15239,
-2402,-616,15035,
-2592,-856,14760,
-2466,-735,15052,
-2418,-666,15154,
-2448,-1138,15065,
-2260,-752,15061,
-2261,-1000,15122,
-2296,-1376,15396,
-2258,-1319,15899,
-2256,-1459,16017,
-2221,-1390,15865,
-2081,-1396,15522,
-2059,-1516,15732,
-1989,-1678,16160,
-2021,-2005,16625,
-1730,-1739,16667,
-1799,-1522,16603,
-1643,-1557,16849,
-1730,-1504,17113,
-1831,-1692,16385,
-1672,-1952,16309,
-1662,-1646,16434,
-1489,-1273,16244,
-1256,-340,16972,
-1848,-1854,16173,
-3830,-3230,15756,
-3768,-3373,15854,
-3773,-3248,15962,
-3755,-3261,16239,
-3693,-3225,16216,
-3696,-3257,16393,
-3640,-3290,16450,
-3532,-3237,16498,
-3450,-3254,16392,
-3333,-3276,16388,
-3367,-3286,16282,
-3318,-3380,16398,
-3230,-3039,16472,
-3116,-3004,16749,
-3093,-2996,16568,
-3063,-2854,16172,
-3017,-2790,16396,
-2987,-2674,16955,
-2930,-2585,16761,
-2863,-2449,16277,
-2828,-2405,16318,
-2905,-2496,16609,
-2890,-2492,16425,
-2842,-2455,16126,
-2837,-2318,15927,
-2871,-2221,16196,
-2841,-2359,15966,
-2858,-2353,15535,
-2862,-2635,15461,
-2849,-2672,15130,
-2884,-2760,15030,
-2782,-2633,15044,
-2764,-2491,15152,
-2758,-2554,15385,
-2720,-2515,15204,
-2806,-2287,15158,
-2904,-2318,15560,
-2728,-2086,15630,
-2791,-2012,15448,
-2725,-1971,15300,
-2871,-1831,15094,
-2895,-1897,15784,
-2814,-1792,16107,
-2765,-1938,15964,
-2998,-1947,15434,
-2932,-1855,16050,
-2880,-1534,16530,
-2785,-1827,16208,
-2907,-1739,15416,
-2879,-1914,15827,
-2902,-1888,16527,
-2589,-1491,16222,
-2497,-1524,16063,
-2539,-1692,16008,
-2483,-1660,16078,
-2416,-1693,16138,
-2371,-1572,16207,
-2396,-1548,16318,
-2332,-1528,16214,
-2268,-1438,16070,
-2262,-1496,16173,
-2245,-1442,16183,
-2227,-1413,16068,
-2207,-1387,16005,
-2190,-1081,15361,
-2195,-929,15748,
-2147,-725,15823,
-2055,-570,15792,
-2015,-505,15893,
-2031,-488,16170,
-2006,-395,16389,
-1934,-453,16260,
-1918,-413,16338,
-1919,-420,16373,
-1899,-518,16406,
-1944,-477,16616,
-1942,-455,16670,
-2306,-2342,17097,
-2327,-2019,17060,
-2368,-1794,16963,
-2465,-1529,16769,
-2532,-1301,16543,
-2634,-1158,16360,
-2654,-912,16101,
-2620,-876,15690,
-2691,-832,15711,
-2613,-915,15879,
-2537,-1096,15680,
-2586,-887,16227,
-2075,-1505,17024,
-2029,-937,16256,
-2467,-1146,16382,
-2600,-1517,16454,
-2446,-1615,17962,
-2350,-2731,18032,
-1775,-3872,18677,
-2824,-2863,16179,
-3533,-4612,17331,
-3062,-4862,17963,
-3003,-3226,17449,
-2812,-4282,16632,
-3169,-4173,15492,
-3178,-4238,15793,
-2965,-3409,16547,
-2899,-3287,16528,
-2840,-3237,16389,
-2769,-3207,16274,
-2751,-3117,16137,
-2719,-3067,16143,
-2573,-2969,15897,
-2565,-2954,15715,
-2543,-3023,15671,
-2544,-3084,15605,
-2508,-3004,15833,
-2432,-3039,15857,
-2456,-3058,15802,
-2421,-2915,16550,
-2358,-2751,16929,
-2391,-2945,16352,
-2232,-2743,15818,
-2076,-2746,15952,
-1988,-2734,15899,
-2093,-3107,16191,
-1838,-2801,16086,
-1760,-3052,16247,
-906,-1549,16227,
-1598,-2356,16605,
-1279,-2308,16606,
-2332,-3146,16666,
-3177,-3636,16088,
-3381,-3113,15468,
-2906,-3122,14658,
-2897,-2185,15337,
-2315,-2264,14357,
-2804,-1224,15976,
-2415,-1634,15796,
-2449,-834,16152,
-2499,-1312,15939,
-2251,-1541,16293,
-2069,-660,16257,
-2053,-1631,17241,
-2069,-1566,17228,
-2076,-1938,17648,
-1960,-2315,18154,
-1957,-2134,18321,
-1904,-2552,18572,
-1769,-2415,18698,
-1792,-2688,18658,
-1739,-2799,18576,
-1730,-2648,18423,
-1619,-2689,18210,
-1554,-2486,18468,
-1155,-2028,18255,
-1197,-1319,17946,
-1779,285,16265,
-1835,201,16199,
-1942,-75,15992,
-1970,-262,15947,
-2100,-450,15839,
-2193,-504,15615,
-2333,-793,15379,
-2446,-935,15717,
-2354,-977,15646,
-2466,-1024,15111,
-2806,-1222,15344,
-2721,-1291,15341,
-2760,-951,15392,
-2819,-1034,15605,
-2772,-1049,15598,
-2755,-931,15716,
-2679,-825,15848,
-2752,-685,15951,
-2779,-514,16033,
-2754,-415,16003,
-2748,-233,16106,
-2697,91,16196,
-2748,119,15940,
-2755,325,15554,
-2770,37,15466,
-2705,-234,15175,
-2443,301,15374,
-1962,977,14935,
-1982,-305,14713,
-2004,-256,14594,
-2114,-422,14691,
-2042,-368,14957,
-2074,-586,15102,
-2122,-593,15424,
-1942,-709,15928,
-2013,-415,16198,
-1838,-179,16618,
-1684,69,17159,
-1695,43,17170,
-1600,70,16978,
-1594,15,17186,
-1580,-93,17161,
-1525,-90,17202,
-1462,-25,17071,
-1363,-148,17215,
-1409,-175,17079,
-1389,-312,16944,
-1343,-336,16809,
-1274,-383,16784,
-1265,-517,16606,
-1191,-581,16542,
-1125,-436,16651,
-1078,-380,16655,
-1029,-276,16735,
-1074,-304,16851,
-2078,-1154,16391,
-2408,-1130,16903,
-2320,-1394,17462,
-2335,-1280,17677,
-2274,-1278,17693,
-2214,-1259,17865,
-2267,-1371,18096,
-2242,-1480,18150,
-2222,-1412,17971,
-2195,-1344,17816,
-2176,-1309,17665,
-2203,-1234,17359,
-2202,-1136,17041,
-2245,-1139,16696,
-2174,-1057,16382,
-2286,-906,16165,
-2320,-756,16088,
-2320,-828,16018,
-2368,-821,15859,
-2384,-774,15918,
-2434,-842,15975,
-2492,-950,15999,
-2476,-983,16051,
-2484,-1057,16132,
-2536,-1134,16203,
-2529,-1207,16273,
-1711,-899,17103,
-1689,-912,17207,
-1693,-886,17212,
-1597,-782,16933,
-1516,-887,16968,
-1437,-630,16913,
-1432,-816,16818,
-1264,-944,16555,
-1392,-749,16553,
-1183,-503,17699,
-1177,-562,17185,
-1244,-454,16494,
-1192,-678,17146,
-1177,-421,17553,
-1133,-338,17206,
-1077,-186,16780,
-1065,-150,16826,
-1085,-169,16918,
-1037,-215,16793,
-1059,4,16543,
-1051,-56,16632,
-835,116,16938,
-881,213,17230,
-888,-41,17620,
-928,58,17561,
-1006,-193,17343,
-783,361,16169,
-820,-58,16633,
-887,-193,16945,
-890,-347,16925,
-832,-444,16427,
-1087,-658,16868,
-1034,-306,16809,
-801,209,16276,
-595,767,15667,
-749,298,15724,
-1045,-221,16230,
-1029,-122,15718,
-1038,237,15061,
-1005,208,15344,
-1181,311,15386,
-1335,252,15213,
-1286,268,15271,
-1200,508,15134,
-1294,339,14777,
-1418,174,14882,
-1864,-602,15600,
-1815,-730,15826,
-1812,-399,15943,
-1819,-546,16217,
-1849,-600,16105,
-1810,-692,16281,
-1770,-825,16146,
-1812,-915,16235,
-1829,-1132,16529,
-1797,-1134,16217,
-1812,-1264,16270,
-1768,-1183,16766,
-1793,-1274,16757,
-1743,-1272,16608,
-1787,-1296,16766,
-1747,-1308,17164,
-1718,-1271,17173,
-1706,-1091,16886,
-1766,-1120,17039,
-1718,-1046,17449,
-1582,-1002,17551,
-1623,-945,17185,
-1633,-946,17175,
-1583,-872,17203,
-1548,-882,17008,
-1657,-678,16912,
-1638,-645,16784,
-1681,-709,16448,
-1632,-626,16150,
-1610,-532,16114,
-1701,-597,16217,
-1650,-533,16022,
-1656,-495,15742,
-1714,-537,15602,
-1715,-599,15536,
-1700,-489,15498,
-1754,-508,15445,
-1769,-450,15500,
-1745,-365,15431,
-1779,-291,15379,
-1717,-227,15420,
-1688,-175,15448,
-1686,-213,15471,
-1724,-240,15468,
-1703,-250,15542,
-1699,-220,15715,
-1673,-276,15915,
-1587,-264,16011,
-1562,-155,16127,
-1578,-156,16471,
-1571,-154,16653,
-1507,-53,16683,
-1453,50,16765,
-1433,102,16795,
-1426,247,16987,
-1512,519,16244,
-1515,240,16626,
-1417,551,17009,
-1396,598,16968,
-1352,655,16173,
-1459,443,16368,
-1407,645,16817,
-1536,571,16961,
-1513,409,16518,
-1405,1205,16155,
-1360,1011,17165,
-1242,1747,17410,
-1282,1534,17096,
-1519,973,17347,
-1441,1282,18308,
-1442,617,18048,
-1203,505,17203,
-1934,-529,16975,
-1683,-270,17321,
-1372,762,17161,
-1547,-213,16454,
-1690,-438,16288,
-1482,155,16405,
-1445,463,17130,
-1376,252,16668,
-1835,75,16537,
-1823,109,17065,
-1356,739,17446,
-1701,324,17228,
-1662,687,16949,
-1840,838,17063,
-1838,936,16648,
-1664,1139,17095,
-1878,625,17742,
-1730,802,18109,
-1748,989,18155,
-1435,999,17816,
-1759,528,17482,
-1986,-472,17186,
-1794,-42,16857,
-1834,-195,17233,
-1751,-409,17376,
-1717,-474,17187,
-1748,-1244,16741,
-1795,-943,16646,
-1751,-758,16826,
-1868,-749,16823,
-1884,-668,16705,
-1850,-617,16729,
-1720,-456,16785,
-1711,-209,17206,
-1712,-301,17359,
-1560,-453,17699,
-1537,-223,17464,
-1728,-95,17429,
-1413,-294,17539,
-1302,-353,17843,
-1382,-667,17169,
-1209,-492,17253,
-1057,-312,17364,
-1110,157,17169,
-941,427,16765,
-884,494,16503,
-949,717,16147,
-989,870,15642,
-1014,735,15718,
-1037,1263,15405,
-1085,1212,14623,
-1170,1156,14097,
-1272,1304,14141,
-1345,1132,14487,
-1327,1343,14199,
-1379,1171,13922,
-1483,1219,13987,
-1497,970,14292,
-1512,867,14117,
-1481,688,14097,
-1535,551,14395,
-1562,192,14854,
-1593,72,14988,
-1540,116,15381,
-1608,99,16045,
-1615,187,16261,
-1507,231,16306,
-1443,290,16322,
-1456,346,16250,
-1443,253,16084,
-1464,239,15724,
-1460,243,15587,
-1454,378,15387,
-1551,229,15172,
-1514,193,14978,
-1466,284,15141,
-1420,381,15373,
-1372,348,15418,
-1490,324,15454,
-1429,410,15411,
-1501,513,15810,
-1533,425,16130,
-1578,381,15953,
-1499,436,15974,
-1483,453,16084,
-1541,389,15940,
-1500,526,15883,
-1485,480,15892,
-1444,551,15805,
-1454,512,15802,
-1431,518,15656,
-1372,545,15532,
-1378,530,15488,
-1370,524,15563,
-1316,473,15443,
-1291,544,15587,
-1252,512,15709,
-1253,622,15836,
-1254,592,16002,
-1189,655,16204,
-1186,580,16307,
-1142,615,16427,
-1114,557,16776,
-1040,524,16921,
-1057,510,17035,
-984,498,17085,
-967,468,17295,
-1090,259,17270,
-951,314,17076,
-969,367,16819,
-937,276,16713,
-858,308,16667,
-888,202,16578,
-915,192,16557,
-908,179,16150,
-939,-13,16390,
-877,67,16170,
-861,-35,16276,
-915,-116,16579,
-924,-5,16741,
-908,190,16486,
-380,297,16266,
-1320,-1027,17249,
-1203,-157,17151,
-837,175,17028,
-780,-65,16250,
-1018,-91,16720,
-1044,-59,17115,
-888,292,16896,
-956,187,16655,
-883,349,16760,
-938,310,16880,
-888,294,16551,
-869,335,16478,
-851,323,16465,
-821,299,16396,
-832,137,16083,
-914,202,15931,
-822,259,16044,
-851,123,15768,
-926,82,15721,
-858,313,15844,
-741,336,15987,
-926,508,15998,
-512,3557,19978,
-408,2706,20069,
-1062,1949,19161,
-674,2018,18564,
-1037,1891,18199,
-1029,653,17420,
-1359,696,16487,
-1496,492,14224,
-1074,239,13808,
-1673,-305,13145,
-1818,-837,12617,
-2213,-580,12693,
-2168,-419,13090,
-2178,-390,13095,
-2140,-267,13118,
-1936,-87,13184,
-2193,41,13976,
-2180,0,15251,
-2133,288,16062,
-2092,455,16462,
-2074,389,16666,
-2065,256,16965,
-2031,326,17126,
-1978,353,17323,
-1961,242,17281,
-1897,148,16949,
-1936,207,16877,
-1866,106,16425,
-1907,118,16063,
-1905,197,15771,
-1790,252,15602,
-1778,453,15649,
-1751,474,15657,
-1692,465,15573,
-1670,379,15305,
-1736,446,15349,
-1665,583,15457,
-1672,700,15570,
-1666,756,15445,
-1627,714,15540,
-1610,555,15294,
-1633,333,15183,
-1605,133,15206,
-1655,-222,15409,
-1656,-236,15560,
-1668,-394,15770,
-1597,-462,15748,
-1569,-499,15603,
-1591,-535,15623,
-1581,-644,15992,
-1584,-735,16194,
-1601,-624,16203,
-1650,-595,16212,
-1631,-607,16319,
-1706,-651,16560,
-1687,-592,16641,
-1781,-599,16880,
-1796,-649,17089,
-1796,-737,17133,
-1863,-894,17222,
-1919,-911,17099,
-1953,-1015,17169,
-1962,-1035,17323,
-1984,-1052,17306,
-1996,-1031,17179,
-1930,-982,17030,
-1885,-846,17004,
-1836,-796,16796,
-1866,-712,16602,
-1847,-697,16499,
-1845,-584,16363,
-1813,-321,16270,
-1741,-77,16388,
-1686,147,16495,
-1672,546,16742,
-1681,644,16826,
-1724,678,17235,
-1786,1241,17651,
-1704,1672,18181,
-1643,1932,18002,
-1690,2105,17936,
-1716,2278,18076,
-1515,2551,18442,
-1846,2404,17944,
-1803,2003,17856,
-1647,1880,17585,
-1971,674,16973,
-2255,1136,15768,
-2520,-392,14837,
-2287,-407,16498,
-2065,-100,13615,
-3246,-1656,12053,
-2956,-2165,12448,
-2919,-1851,13481,
-2352,-435,13915,
-2427,-420,13915,
-2452,-658,14195,
-2438,-1135,14762,
-2450,-1251,14875,
-2390,-1088,15896,
-2287,-833,17414,
-2300,-756,18045,
-2297,-856,18577,
-2253,-795,18882,
-2203,-1207,19108,
-2312,-1152,19175,
-2033,-861,18563,
-2057,-1346,18429,
-2198,-1414,18172,
-2167,-1383,18005,
-2151,-1409,17107,
-2171,-1766,15874,
-1972,-1632,15685,
-1987,-1412,15707,
-1977,-1241,15950,
-1837,-912,16173,
-1782,-974,15895,
-1604,-857,16021,
-1713,-402,16969,
-1683,-608,17224,
-1691,-662,16988,
-1591,-709,16816,
-1498,-482,16951,
-1548,-564,16748,
-1609,-721,16841,
-1614,-807,16771,
-1435,-819,16515,
-1430,-871,16211,
-1430,-909,16137,
-1505,-987,16305,
-1502,-1046,16368,
-1522,-1053,16357,
-1510,-1174,16121,
-1550,-1126,16168,
-1488,-1086,16482,
-1581,-1140,16817,
-1569,-1152,16879,
-1595,-1219,16723,
-1650,-1386,16867,
-1597,-1022,17104,
-1623,-858,17576,
-1605,-850,17727,
-1588,-487,17694,
-1614,87,18411,
-1510,548,18873,
-1477,463,18821,
-1734,317,18413,
-1183,934,18372,
-1410,991,17855,
-1460,986,18403,
-1711,-668,18173,
-1957,-1156,18116,
-2628,-1864,16822,
-2365,-1220,16709,
-2274,-542,15731,
-2025,-1333,14620,
-2277,-1623,14463,
-2571,-1655,14268,
-2346,-1426,14485,
-2810,-1661,14127,
-2745,-1253,14268,
-2362,-759,14340,
-2448,-654,14487,
-2526,-731,14900,
-2633,-515,15368,
-2665,-118,15760,
-2530,-126,15802,
-2483,132,15988,
-2506,-10,15973,
-2397,482,16313,
-2343,797,16501,
-2310,756,16457,
-2403,836,16367,
-2357,714,16442,
-2313,669,16374,
-2285,565,16128,
-2323,463,16202,
-2318,385,16384,
-2337,281,16256,
-2416,261,16253,
-2301,193,16375,
-2243,615,16636,
-2239,520,16833,
-2178,411,16719,
-2191,322,16818,
-2184,191,16949,
-2164,108,17145,
-2159,10,16943,
-2173,-30,16776,
-2197,-78,16778,
-2183,-84,16575,
-2248,-243,16439,
-2196,-116,16139,
-2223,-447,15972,
-2224,-376,16001,
-2332,-495,15941,
-2339,-487,15830,
-2367,-528,15500,
-2358,-540,15268,
-2427,-535,15511,
-2465,-521,15713,
-2490,-463,15648,
-2433,-436,15463,
-2415,-489,15418,
-2492,-528,15550,
-2435,-671,15655,
-2553,-488,15656,
-2464,-421,15954,
-2447,-339,15866,
-2476,-476,15918,
-2465,-398,16031,
-2478,-418,16261,
-2503,-414,16214,
-2469,-311,16361,
-2460,-279,16303,
-2442,-171,16236,
-2367,-175,16199,
-2437,-10,16336,
-2476,5,16524,
-2447,-23,16370,
-2486,-70,16034,
-2515,-183,15790,
-2531,-26,15660,
-2547,41,15572,
-2557,56,15884,
-2598,1,15845,
-2733,-500,15734,
-2828,-987,14941,
-2921,-1215,14184,
-2908,-1203,13958,
-2876,-649,13912,
-2921,-842,14375,
-2993,-763,14602,
-2863,-729,14596,
-2908,-1125,14736,
-3333,-1747,14972,
-2987,-1349,15837,
-3144,-1414,15426,
-3271,-1906,15679,
-3126,-1199,16534,
-3176,-1393,17064,
-2891,-1087,17163,
-3002,-1154,16994,
-3117,-1714,17098,
-3090,-1562,17263,
-2963,-1438,17220,
-2913,-1436,16819,
-2894,-1860,16953,
-3202,-1980,16847,
-2886,-1474,16786,
-2844,-1394,16681,
-2832,-1536,16452,
-2785,-1553,16260,
-2595,-1091,16427,
-62,1386,17651,
-2713,339,17936,
-2838,-1453,16569,
-2655,-578,16633,
-2401,-434,17415,
-2398,-355,17367,
-1838,537,17595,
-2517,-1183,17795,
-2130,-222,16851,
-2126,48,17504,
-2034,-117,17739,
-1969,34,17608,
-2062,-180,17472,
-2044,-245,17319,
-1952,29,17136,
-1883,35,17073,
-1946,165,16730,
-1867,-9,16406,
-1845,333,16668,
-2029,116,16751,
-2096,201,16460,
-2043,339,16268,
-2026,519,16003,
-2095,504,15896,
-2052,386,15738,
-2128,376,15616,
-2191,158,15575,
-2257,186,15531,
-2290,447,15870,
-2223,715,16013,
-2280,651,16344,
-2221,1033,17141,
-2217,1506,17629,
-2093,1657,17728,
-2313,918,17646,
-2342,818,17701,
-2377,689,17672,
-2517,724,17664,
-2623,656,17605,
-2601,553,18232,
-2360,870,17549,
-2145,-160,15809,
-3494,-2030,13854,
-3259,-1429,14033,
-3246,-1270,14700,
-3145,-1147,14989,
-3233,-1099,14525,
-3410,-861,14396,
-3336,-911,14601,
-3466,-699,14971,
-3457,-632,15295,
-3179,581,16388,
-3360,309,16040,
-3751,-1830,16239,
-3802,-1266,16399,
-3429,-191,16426,
-3333,-24,16275,
-3415,-494,16260,
-3486,-721,16436,
-3467,-672,16209,
-3356,-645,15811,
-3402,-631,15844,
-3341,-465,15954,
-3334,-98,16252,
-3246,151,16147,
-3129,287,16216,
-3177,456,16287,
-3105,447,16640,
-3070,631,16909,
-3019,588,16730,
-3026,439,16661,
-2950,672,16756,
-2859,758,16785,
-2970,500,16592,
-2988,293,16552,
-2968,371,16585,
-2897,368,16733,
-2855,358,16546,
-2923,237,16539,
-2919,119,16506,
-2943,-4,16509,
-2926,68,16532,
-2918,-176,16318,
-2921,-330,16080,
-2888,-444,16115,
-2830,-162,16268,
-2816,-344,16385,
-2811,-438,16384,
-2786,-353,16511,
-2676,-409,16740,
-2643,-354,16848,
-2578,-232,16994,
-2548,-273,17057,
-2495,-344,16998,
-2503,-505,17016,
-2456,-733,16804,
-2439,-803,16641,
-2414,-831,16575,
-2376,-757,16599,
-2355,-647,16545,
-2282,-461,16409,
-2196,-277,16267,
-2119,-218,16205,
-2153,-162,15984,
-2177,-62,15844,
-2138,-74,15752,
-2118,33,15569,
-2109,128,15480,
-2134,209,15395,
-2142,227,15121,
-2138,369,14867,
-2172,411,14718,
-2204,377,14746,
-2235,470,14613,
-2296,413,14299,
-2283,497,14220,
-2363,597,14317,
-2390,621,14541,
-2427,562,14556,
-2480,507,14542,
-2496,468,14741,
-2581,375,15060,
-2575,215,15192,
-2652,103,15145,
-2679,-43,15174,
-2730,-181,15262,
-2692,-258,15495,
-2850,-408,15724,
-2892,-584,15660,
-2921,-849,15470,
-2967,-965,15645,
-3004,-945,15810,
-3065,-917,15858,
-2990,-855,15909,
-3078,-961,16082,
-3154,-1197,16202,
-3147,-1080,16292,
-3124,-1011,16535,
-3055,-1036,16678,
-3115,-1117,16766,
-3084,-1190,16903,
-3006,-1163,17114,
-3010,-1176,17066,
-2974,-1259,16979,
-2945,-1346,16899,
-2941,-1347,16903,
-2851,-1288,16977,
-2822,-1118,16942,
-2748,-1130,16845,
-2738,-1169,16663,
-2724,-1146,16699,
-2690,-1033,16802,
-2753,-908,16864,
-2672,-662,16801,
-2636,-623,16697,
-2611,-613,16655,
-2571,-712,16344,
-2603,-804,16185,
-2590,-784,16274,
-2559,-673,16391,
-2534,-694,16494,
-2543,-595,16745,
-2462,-492,16841,
-2439,-369,16930,
-2433,-245,17191,
-2386,-182,17442,
-2428,-167,17527,
-2425,-403,17138,
-2433,-558,16645,
-2440,-555,16614,
-2366,-115,17304,
-2243,283,17990,
-2191,351,18342,
-2099,265,19479,
-2341,245,19815,
-2609,-259,19045,
-2684,-461,18559,
-2754,-451,17878,
-2737,-236,17176,
-2845,-337,17614,
-2896,-990,16883,
-2977,-995,15221,
-3575,-1686,14530,
-3101,-1102,15187,
-3156,1715,17908,
-3045,122,17760,
-4301,-2492,15956,
-4238,-2873,13506,
-4062,-1566,15737,
-3921,-269,15356,
-3924,268,14767,
-3873,218,14464,
-3857,1172,15383,
-3564,392,15329,
-3535,930,14540,
-3509,502,14667,
-4047,1271,15227,
-3681,1596,16125,
-3601,1709,15545,
-3596,2028,15075,
-3668,1636,15224,
-3839,1624,15909,
-3793,1688,15758,
-3810,1655,15563,
-3890,1673,15508,
-3740,1716,15649,
-3821,1601,15464,
-3879,1155,15157,
-4015,745,14722,
-3960,798,14644,
-4008,709,15056,
-3985,694,15581,
-4015,643,15658,
-3959,536,15724,
-3714,327,15842,
-3913,55,15188,
-4013,-17,15622,
-3695,108,16623,
-3868,561,16303,
-3714,209,16209,
-3778,-76,16091,
-3926,-616,15772,
-3942,-569,15634,
-4079,-796,15547,
-3989,-852,15496,
-3911,-850,15366,
-4020,-713,15036,
-4004,-607,15020,
-4030,-762,14926,
-4052,-1020,14867,
-4052,-982,14967,
-4093,-1037,15172,
-4109,-968,15240,
-4095,-932,15211,
-4124,-1025,15137,
-4104,-1055,15107,
-4151,-1099,15297,
-4194,-1202,15479,
-4282,-1236,15454,
-4228,-1157,15290,
-4237,-1191,15230,
-4209,-1222,15237,
-4175,-1152,15180,
-4220,-1300,15195,
-4302,-1578,14823,
-4343,-1623,14832,
-4311,-1557,14981,
-4325,-1448,15226,
-4283,-1406,15285,
-4258,-1338,15416,
-4253,-1344,15613,
-4092,-1311,15907,
-4125,-1457,16242,
-4179,-1569,16625,
-4101,-1531,16810,
-4060,-1354,16739,
-4070,-1385,16876,
-3961,-1307,17039,
-3962,-1312,17132,
-3943,-1310,17128,
-3875,-1438,16981,
-3938,-1491,16996,
-3866,-1507,17074,
-3871,-1469,16965,
-3855,-1501,16796,
-3831,-1462,16710,
-3811,-1428,16560,
-3813,-1452,16497,
-3787,-1367,16527,
-3808,-1411,16485,
-3698,-1113,16562,
-3667,-994,16356,
-3671,-1084,16043,
-3693,-1086,16167,
-3640,-1009,16408,
-3512,-701,16431,
-3518,-645,16451,
-3593,-777,16454,
-3921,-1545,16056,
-3701,-887,16215,
-3399,-570,16769,
-3361,-497,16766,
-3480,-675,16525,
-3463,-999,16256,
-3457,-986,16266,
-3420,-938,16514,
-3311,-788,16550,
-3207,-750,16425,
-3357,-1266,16377,
-3614,-1497,16351,
-3332,-1322,16267,
-3242,-1119,16257,
-3256,-1332,16209,
-3313,-1470,15959,
-3251,-1374,16308,
-3226,-1391,16317,
-3345,-1664,16520,
-3302,-1489,15984,
-3333,-1359,16351,
-3261,-1219,16829,
-3271,-1277,16460,
-3313,-1331,16245,
-3341,-1305,16280,
-3316,-1200,16338,
-3378,-1485,16145,
-3392,-1281,16367,
-3358,-1232,16585,
-3322,-1327,16101,
-3342,-1262,15755,
-3333,-1251,15801,
-3344,-1375,15948,
-3411,-1474,15831,
-3462,-1435,15743,
-3469,-1376,15838,
-3452,-1273,15749,
-3513,-1180,15717,
-3525,-1287,15613,
-3475,-1368,15633,
-3473,-1128,15870,
-3515,-1142,15798,
-3586,-1339,15533,
-3608,-1409,15558,
-3584,-1354,15852,
-3563,-1218,16036,
-3583,-1273,16185,
-3655,-1267,16081,
-3679,-1333,16102,
-3696,-1344,16140,
-3681,-1282,16246,
-3692,-1263,16325,
-3680,-1313,16367,
-3729,-1116,16511,
-3771,-1042,16563,
-3697,-1126,16546,
-3697,-1154,16487,
-3715,-1246,16412,
-3753,-1386,16290,
-3748,-1514,16179,
-3817,-1676,16081,
-3769,-1687,16084,
-3737,-1757,16046,
-3743,-1721,16045,
-3715,-1649,16120,
-3686,-1645,16152,
-3675,-1510,16209,
-3723,-1600,16217,
-3674,-1573,16042,
-3660,-1419,15977,
-3618,-1311,16118,
-3587,-1235,16104,
-3579,-1177,16167,
-3577,-1095,16209,
-3487,-1025,16284,
-3454,-987,16349,
-3428,-960,16285,
-3365,-1135,16103,
-3401,-1186,16039,
-3414,-1215,16079,
-3427,-1267,16117,
-3404,-1174,16151,
-3320,-1150,16171,
-3315,-1153,16239,
-3269,-1148,16352,
-3250,-1146,16381,
-3237,-1138,16334,
-3216,-1181,16412,
-3237,-1233,16449,
-3205,-1301,16331,
-3167,-1266,16347,
-3136,-1206,16408,
-3202,-1154,16415,
-3150,-1150,16362,
-3118,-1161,16170,
-3137,-1198,16082,
-3092,-1222,15996,
-3135,-1307,15934,
-3123,-1288,15796,
-3088,-1220,15769,
-3066,-1155,15735,
-3063,-1137,15683,
-3036,-1157,15744,
-2967,-1042,15700,
-2994,-997,15863,
-2952,-993,15792,
-2977,-1054,15459,
-2982,-963,15202,
-2924,-865,15214,
-2950,-857,15222,
-2944,-406,15016,
-1807,324,14783,
-3281,-2382,15034,
-3489,-569,15167,
-3076,-971,15434,
-2897,-559,14947,
-2933,-831,15179,
-3044,-1425,15426,
-3230,-1449,15426,
-3181,-1022,14989,
-3075,-970,15369,
-3101,-1035,16015,
-3304,-913,15773,
-3404,-1089,16080,
-3314,-805,16574,
-3355,-801,16496,
-3459,-953,16376,
-3363,-691,16192,
-3422,-702,16493,
-3478,-815,16527,
-3663,-868,15864,
-3631,-855,16227,
-3615,-927,16239,
-3624,-1172,15410,
-3786,-1308,15249,
-3828,-1442,15449,
-3905,-1489,15531,
-3939,-1559,15408,
-3920,-1615,15465,
-3988,-1642,15657,
-3945,-1681,15967,
-3940,-1764,16244,
-3887,-1783,16461,
-3844,-1842,16732,
-3828,-1999,16948,
-3799,-2076,17026,
-3732,-2157,17038,
-3713,-2288,17175,
-3637,-2211,17268,
-3639,-2320,17463,
-3693,-2312,17343,
-3697,-2454,17295,
-3699,-2342,17255,
-3688,-2206,17464,
-3816,-2235,17596,
-3839,-2262,17606,
-3834,-1933,17621,
-3844,-1919,17572,
-3822,-1782,17493,
-3855,-1759,17177,
-3800,-1775,17050,
-3764,-1680,17049,
-3726,-1699,16903,
-3700,-1709,16886,
-3700,-1643,16923,
-3584,-1648,16892,
-3555,-1683,16924,
-3526,-1634,17134,
-3464,-1674,17118,
-3479,-1641,16973,
-3390,-1570,16862,
-3355,-1535,16824,
-3273,-1557,16639,
-3177,-1441,16458,
-3180,-1449,16520,
-3128,-1355,16414,
-3096,-1289,16367,
-3033,-1186,16214,
-2993,-1094,16107,
-2917,-1023,16032,
-2885,-916,16019,
-2833,-833,15873,
-2787,-834,15814,
-2763,-877,15806,
-2866,-874,15825,
-2763,-793,16119,
-2620,-693,15673,
-2603,-635,15366,
-2641,-607,15464,
-2672,-818,15579,
-2692,-744,15598,
-2647,-739,15341,
-2598,-821,15074,
-2572,-791,14960,
-2652,-897,15087,
-2699,-915,15269,
-2740,-1057,15300,
-2715,-979,15441,
-2750,-1169,14845,
-2562,-478,15311,
-2631,-696,15628,
-2794,-997,15505,
-2788,-1131,15116,
-2789,-1066,15092,
-2766,-1029,15232,
-2809,-1116,15306,
-2811,-1176,15150,
-2847,-1198,15179,
-2901,-1186,15479,
-2954,-1153,15632,
-2918,-1108,15640,
-2902,-999,15621,
-2956,-992,15646,
-2945,-1074,15642,
-3004,-1153,15660,
-3002,-1189,15688,
-3003,-1158,15681,
-3042,-1086,15796,
-3078,-1078,15854,
-3073,-935,15951,
-3104,-848,16061,
-3100,-797,16099,
-3167,-795,16093,
-3164,-841,16047,
-3234,-929,16083,
-3252,-981,15964,
-3306,-982,15903,
-3280,-1032,15968,
-3392,-1042,15955,
-3415,-1106,16022,
-3423,-1113,15983,
-3444,-1135,16024,
-3418,-1140,16119,
-3485,-1140,16165,
-3511,-1185,16148,
-3557,-1217,16238,
-3552,-1225,16304,
-3567,-1178,16428,
-3560,-1122,16448,
-3513,-1097,16413,
-3512,-1155,16448,
-3552,-1223,16484,
-3503,-1165,16559,
-3503,-1148,16684,
-3534,-1175,16743,
-3482,-1175,16696,
-3433,-1226,16638,
-3405,-1238,16614,
-3424,-1321,16671,
-3457,-1272,16759,
-3436,-1140,16780,
-3374,-1091,16740,
-3333,-992,16616,
-3332,-1090,16584,
-3348,-1064,16480,
-3335,-984,16462,
-3330,-1008,16458,
-3371,-1105,16107,
-3384,-1052,16027,
-3346,-921,16087,
-3301,-768,16285,
-3337,-668,16340,
-3279,-509,16449,
-3239,-417,16437,
-3193,-511,16318,
-3251,-549,16326,
-3216,-449,16389,
-3209,-225,16664,
-2355,1161,15927,
-3161,-1465,14796,
-3261,-2121,15259,
-4589,-2425,14097,
-2831,-1836,16981,
-2513,-852,16562,
-2552,771,16018,
-5520,-3997,15696,
-3795,-1788,17480,
-3667,-540,17223,
-3235,-916,15529,
-2901,-358,15587,
-3141,-467,16113,
-3536,-1647,17071,
-3584,-1183,16769,
-3250,-1409,15624,
-3269,-1371,15243,
-3457,-1943,15329,
-3650,-2326,15384,
-3432,-1211,15921,
-3235,-630,16367,
-3249,-709,16669,
-3395,-968,16387,
-3336,-641,16401,
-3062,74,16788,
-3393,396,18633,
-3115,355,17587,
-3111,212,16838,
-3461,-802,16320,
-3619,-2585,16295,
-3643,-1947,14212,
-3426,-1248,14068,
-3454,-1374,15895,
-3285,-465,17389,
-3288,356,17976,
-3283,412,17072,
-3351,1173,16580,
-3150,-402,17890,
-3397,-80,17135,
-3434,306,16907,
-3270,543,17471,
-3294,653,17177,
-3157,936,18583,
-3435,1544,16632,
-4094,-818,16455,
-3934,-1540,15421,
-3783,-958,15016,
-3867,-533,15292,
-3912,-296,16276,
-3629,460,17264,
-3353,1895,17143,
-3103,931,17625,
-3773,717,17117,
-3662,619,17024,
-4311,-277,15647,
-4020,-861,14102,
-4671,-874,14771,
-4473,-792,12607,
-4145,-735,13457,
-4493,-904,13501,
-4307,-1157,14287,
-4545,-1179,13872,
-4675,-1503,13939,
-4497,-910,14550,
-4507,-236,15578,
-4514,267,15686,
-4429,150,15823,
-4508,142,15737,
-4661,39,15382,
-4756,131,15245,
-4827,-72,15412,
-4734,-57,15473,
-4681,-231,14983,
-4656,-211,14854,
-4817,-307,14842,
-4779,-366,15572,
-4841,-110,15853,
-4731,30,15753,
-4674,200,15744,
-4673,756,16182,
-4722,1254,16534,
-4774,1316,17009,
-4715,1453,16830,
-4711,1635,16881,
-4761,1314,16810,
-4814,1014,15947,
-4983,644,15647,
-4947,786,15729,
-4906,879,15656,
-4916,888,15521,
-4886,974,15506,
-4903,918,15416,
-4893,804,15514,
-4866,822,15465,
-4873,670,15431,
-5004,973,15549,
-4833,364,15527,
-4857,-143,16335,
-4927,888,15844,
-4939,876,16454,
-5069,1093,16277,
-4574,660,16270,
-4861,1306,17287,
-4832,1753,16884,
-5006,1587,16666,
-4996,1048,17364,
-5045,1624,16663,
-4858,1541,17034,
-4883,1225,16525,
-4487,1453,17493,
-5027,292,15599,
-4965,190,15732,
-4396,-41,15446,
-4678,47,14587,
-4765,-310,15260,
-4878,214,15612,
-4899,572,16136,
-4831,806,15746,
-4723,1209,15423,
-4987,1664,15505,
-4803,1371,15718,
-4908,1545,16325,
-4828,1810,16315,
-4761,1781,15436,
-4616,1511,15641,
-4280,1562,15746,
-4560,757,15395,
-5371,-344,14831,
-5309,-358,14065,
-5183,-939,14148,
-5046,-168,13544,
-4978,344,14370,
-4522,287,15445,
-4810,470,15845,
-4730,890,15581,
-4454,1070,15474,
-4700,1503,16243,
-5257,2262,16803,
-4985,2542,17151,
-5104,2178,18130,
-4874,2533,17774,
-5120,2221,16550,
-4247,886,18110,
-4564,1684,15325,
-5533,969,14471,
-6499,-144,14172,
-5663,921,16046,
-5320,531,13567,
-5672,281,12762,
-6373,-1169,10748,
-5879,-384,15886,
-5890,776,15436,
-5768,102,9276,
-4338,2243,15536,
-4770,1370,12108,
-4823,3436,16760,
-5179,786,16485,
-4548,3096,21713,
-5785,999,15935,
-5343,1347,16933,
-4652,1364,18777,
-4664,455,20115,
-5022,266,19399,
-5465,-218,17094,
-5265,846,16830,
-5017,2029,15710,
-5076,1698,17222,
-4909,602,17229,
-5158,546,16398,
-5588,2392,15145,
-5734,1691,12803,
-5089,2519,15136,
-4708,2971,17320,
-4737,3386,18941,
-4333,5096,19196,
-5382,1420,15745,
-5020,1513,15731,
-5595,1847,14848,
-5281,2404,15250,
-5395,1658,13477,
-6396,714,14840,
-5642,2661,14645,
-4777,2912,13914,
-5272,2597,12876,
-5265,1768,14088,
-6530,1228,13527,
-6385,1719,14755,
-5291,3570,14533,
-5979,2586,14765,
-6293,975,15119,
-6466,915,15370,
-6359,1322,16390,
-6170,2621,16130,
-5747,292,16688,
-5643,4316,14839,
-5667,2560,15684,
-5799,1434,15553,
-6153,-2880,15481,
-10628,-3418,13020,
-4579,6211,17937,
-3950,4452,14187,
-5972,1756,13466,
-6204,820,14295,
-6348,1257,14389,
-6575,929,14342,
-6331,817,15467,
-6403,509,15226,
-6101,1089,14479,
-6256,1213,14132,
-6147,1983,15572,
-5914,2498,16037,
-6200,2027,16244,
-6098,2207,16259,
-6212,2004,16260,
-6380,1680,16567,
-6116,2420,15565,
-5992,2493,14816,
-6197,1680,15865,
-6062,1354,16287,
-6194,736,16056,
-6693,448,16241,
-6275,194,16396,
-6548,-239,15708,
-6452,-894,14639,
-6579,-945,14679,
-6786,-1785,14650,
-6377,317,14099,
-6388,426,14973,
-6394,-185,15172,
-5896,481,14756,
-5540,760,14490,
-5664,27,15259,
-5778,-649,15448,
-5768,-709,15211,
-5886,-1061,14997,
-5956,-1938,13763,
-5862,-1713,13923,
-5821,-1543,13922,
-5821,-1897,14476,
-5573,-1656,13809,
-5602,-1489,14132,
-5633,-1484,13905,
-5936,-1706,14352,
-5446,-1831,13637,
-7926,-5949,3876,
-6613,-7638,4227,
-6190,-4860,7475,
-3818,-219,17189,
-3647,-907,20359,
-4280,-3621,22389,
-5159,-2782,20140,
-4562,-1700,19271,
-4487,-2987,16869,
-4782,-3233,17578,
-5526,-2872,18153,
-4901,-4316,16184,
-4764,-3917,14509,
-4927,-3475,15193,
-4790,-3139,15437,
-4774,-3062,16795,
-4890,-3573,16764,
-5102,-3898,15517,
-5327,-4327,15079,
-5465,-4130,15149,
-5229,-3433,14956,
-4773,-3629,15149,
-4957,-4162,14825,
-5009,-4142,14650,
-5080,-3735,14946,
-5163,-4076,15080,
-4778,-3876,14959,
-4210,-2512,15621,
-4297,-2543,15763,
-4486,-3183,15978,
-4411,-2621,14042,
-4624,-2272,13600,
-4006,-2959,15965,
-4264,-2650,16890,
-4401,-2114,16504,
-4115,-1631,16062,
-4145,-1759,16645,
-4336,-2330,17421,
-4454,-1851,18113,
-4455,-1770,17050,
-4341,-1558,16414,
-4038,-1564,16430,
-4241,-1195,16561,
-3969,-1057,15511,
-4105,-1054,15470,
-4032,-1202,15843,
-4208,-956,16137,
-4025,-778,16072,
-3779,-89,15312,
-3692,-473,14806,
-3749,-202,15651,
-4215,-160,16154,
-4079,-783,16343,
-3855,-566,16040,
-3593,52,16879,
-3777,-469,16496,
-4400,-319,14969,
-3701,49,15063,
-3959,581,16637,
-3821,197,16650,
-3811,380,17316,
-9999,-4649,16632,
679,4033,18077,
-1744,5812,11994,
-3651,1179,19094,
-4318,341,16515,
-3261,3117,18064,
-3618,2386,16325,
-3483,2053,16591,
-3530,2025,15902,
-26018,-15537,14797,
-460,7749,17273,
-1877,3207,16636,
-3302,1176,17971,
-3123,242,15637,
-2812,1138,16189,
4477,-7950,17009,
-6032,481,15051,
-1806,5036,17570,
-2568,2856,18719,
-1923,2603,17883,
-2065,2572,16212,
-3945,2432,15727,
-4316,953,16278,
-3701,1875,14682,
-3675,2940,16683,
-3707,2365,16898,
-3849,2385,15594,
-3340,2820,14798,
-1440,5773,15739,
-3340,2017,15754,
-3854,1834,17289,
-4109,1715,17919,
-4496,529,18907,
-4928,-1887,20687,
-7893,-20451,13030,
-5478,1569,6905,
-2103,6772,22048,
-3421,-3479,13797,
-5791,-2044,13644,
-4823,-1568,15538,
-4591,-954,14082,
-4796,-369,15394,
-3765,1591,15214,
-4441,975,16474,
-4871,1123,15877,
-4242,1583,14934,
-2821,2686,16003,
-4420,1828,13645,
-4177,2038,19681,
-4606,2337,18634,
-4493,3146,18509,
-4499,3009,17775,
-4176,2708,16522,
-4053,2498,15731,
-4468,2951,16868,
-3889,3446,16808,
-4851,1113,15852,
-4325,1934,14536,
-5055,2530,15345,
-4496,-886,7552,
-4333,8296,19933,
-5550,1809,16096,
-4526,2377,13849,
-6370,86,14805,
-5215,3513,15071,
-6074,4672,19608,
-6157,-760,21736,
-5216,2269,13420,
-6182,2770,15158,
-5725,3149,13151,
-6427,2431,15176,
-5427,4300,14669,
-6602,3069,14124,
-5382,3944,13643,
-6807,2908,12190,
-6673,2149,17013,
-5925,2486,10469,
-5703,4082,14212,
-5888,3888,16780,
-6676,3641,17459,
-6163,2552,14494,
-8133,1618,14350,
-6069,3471,15271,
-8165,-2277,8082,
-6539,5868,21665,
-8061,-287,13351,
-7165,2467,16164,
-5497,7399,21407,
-8096,-688,14128,
-6981,2430,13144,
-7230,3475,14976,
-7472,3970,17140,
-7432,4650,16534,
-7281,3867,16098,
-7562,3200,13980,
-7135,3948,14855,
-7277,3425,14182,
-7839,2516,14730,
-7432,3424,15405,
-7286,2900,14579,
-7217,2720,14116,
-7375,1795,13660,
-7273,1796,13071,
-7538,1272,13107,
-7883,840,13409,
-8023,862,14017,
-7627,1358,14024,
-7721,1607,12907,
-7869,1183,13413,
-7377,1928,13508,
-7180,2334,13312,
-7576,1947,13351,
-6978,3147,14342,
-6125,4668,15169,
-6163,5130,15649,
-6477,2760,16050,
-6122,4816,13192,
-5603,4723,14385,
-6584,2712,19272,
-6392,2768,16379,
-3052,7058,14039,
-6396,1086,13306,
-6460,914,14153,
-6156,1617,14063,
-6304,1529,13806,
-6363,1080,13561,
-8848,2155,7150,
-6203,-540,15791,
-6597,1348,11920,
-6548,1660,13401,
-6496,3021,10192,
-7006,591,14979,
-7238,538,14824,
-2667,6335,10534,
-7034,745,12216,
-8157,-31,13646,
-6627,970,14389,
-6958,730,15816,
-6430,-39,16571,
-6388,241,16276,
-6204,831,15829,
-6352,341,15120,
-6473,17,13090,
-6483,151,12388,
-6563,231,13114,
-6520,281,14668,
-6311,393,15321,
-6436,297,15546,
-6286,870,14954,
-6421,1389,15213,
-6055,1657,15035,
-6291,2193,16326,
-6169,2112,16318,
-5968,2391,16465,
-5810,2770,16847,
-5675,2675,16778,
-5629,2430,16778,
-5786,1762,16570,
-5714,1995,16225,
-7617,480,16542,
-5576,1758,17301,
-6186,1573,16364,
-6315,1771,17157,
-6032,1922,16943,
-5628,1709,16769,
-5600,288,16807,
-4869,1723,16384,
-5431,413,17138,
-5116,4450,17468,
-7265,1247,15847,
-4338,5094,20637,
-8990,-3561,9082,
-7286,4017,14832,
-7991,3731,16104,
-8731,518,15948,
-5613,629,13314,
-869,12831,30445,
-8449,499,12153,
-7357,-1672,19439,
-10076,-5767,3907,
-1944,10741,20451,
-5414,6183,11730,
-6866,1628,17055,
-7106,-4760,11314,
-3963,5709,18337,
-6528,3163,13848,
-5543,-233,17520,
-5413,2299,18084,
-5810,3562,16895,
-6098,3856,16541,
-6241,4399,15610,
-6938,2746,13542,
-6988,3029,13315,
-6969,3365,13108,
-7223,3832,13155,
-7171,3663,11889,
-6902,3114,14712,
-7428,2603,13759,
-7432,2529,14686,
-7451,2442,14735,
-6975,2546,13085,
-7353,3214,14155,
-7508,2985,12714,
-7539,2744,12707,
-7586,2197,13329,
-7517,2410,13493,
-7716,1917,13534,
-8180,-401,10708,
-7315,1904,12445,
-6940,2450,12495,
-6715,2453,14590,
-6657,2896,15780,
-6214,2920,15332,
-6096,3020,15336,
-6423,1997,14998,
-6829,1263,15641,
-6843,1888,15421,
-6610,2148,15976,
-6463,2063,16036,
-6298,2617,15691,
-6313,1728,15355,
-6417,1842,14977,
-6521,1354,15284,
-6338,1333,15373,
-6347,1165,15649,
-6236,1013,16329,
1086,7273,13211,
-7075,-1800,25387,
-8043,-4356,16964,
-3751,5655,6116,
-6747,-2045,18252,
-7860,-2478,15054,
-6737,-1346,18434,
-6535,177,16120,
-6792,-383,14848,
-7167,-157,16636,
-5609,-1689,17753,
-4341,1885,16476,
-6583,-3527,15648,
-4844,-144,16810,
-6083,-1804,16185,
-5285,-301,15785,
-6301,-3072,15950,
-5986,-1446,15494,
-6240,-1986,15830,
-6259,-1484,15759,
-6241,-1069,15504,
-6163,-624,14598,
-6308,-727,14256,
-6310,-707,14311,
-6136,-590,14157,
-6117,-888,14394,
-6823,-1121,14712,
-6331,-2254,15589,
-6265,-1200,15102,
-5945,-435,15302,
-6114,-697,15038,
-6160,-914,14385,
-6951,-1500,14166,
-6309,135,15948,
-7104,-1021,17794,
-6265,-1205,17715,
-6638,-928,15107,
-5961,-690,14698,
-5516,-155,13999,
-5365,-146,14607,
-5298,-241,15094,
-4840,728,15276,
-4857,381,14510,
-4533,1544,14992,
-5196,814,14404,
-5199,296,16348,
-5793,-503,17093,
-7313,-3282,16189,
-6785,198,16246,
-5189,2717,14464,
-4856,2799,16393,
-4956,660,17818,
-5480,-1497,18477,
-7776,-3610,17077,
-6054,-690,16616,
-6158,-2012,12825,
-6541,1019,16870,
-5944,359,17157,
-4781,2528,19359,
-6134,49,18522,
-6665,26,17758,
-6271,2495,16699,
-9081,-3528,16307,
-6361,1686,15341,
-6314,953,14312,
-5947,513,15525,
-5988,-1155,16312,
-6613,-2530,16089,
-7067,-1632,14015,
-7791,-5730,15412,
-6748,-522,10889,
-5729,1185,11599,
-5583,981,16254,
-6189,-912,17524,
-5883,-1690,18819,
-6898,-1233,14673,
-6401,249,13684,
-6515,688,14700,
-6888,-54,16686,
-7005,-588,16930,
-6742,-812,16534,
-6959,-274,15236,
-7049,164,13468,
-7195,100,13450,
-6586,-16,15057,
-6404,-64,14896,
-6368,-292,15142,
-5877,1197,13577,
-5682,680,13544,
-5472,754,14760,
-5575,1295,15402,
-5479,-3829,12521,
-6618,3113,14120,
-6814,661,13323,
-5428,3159,15278,
-6598,3494,16567,
-5973,2400,13227,
-6857,3529,16142,
-7298,2424,15025,
-7381,1950,15024,
-7465,1530,14379,
-7266,1173,14443,
-7045,-277,14400,
-7018,-194,14002,
-6694,1080,14104,
-6803,636,14579,
-6726,250,15333,
-6936,236,15191,
-7055,536,15340,
-7084,293,15780,
-8320,-291,15781,
-5820,257,9948,
-4962,1111,12331,
-6266,2645,15852,
-7013,1149,16495,
-6987,1482,16570,
-7426,-172,14713,
-7623,-128,13775,
-7621,123,13467,
-7944,421,14213,
-7874,-399,14530,
-7543,-692,14837,
-7383,-908,14536,
-7487,-491,14185,
-7805,-952,14527,
-7488,-1263,16794,
-7848,-2256,16538,
-6720,-229,14594,
-7128,-2065,13264,
-7684,-3718,12193,
-8540,-4903,11821,
-8133,-4865,12487,
-8203,-4769,14544,
-7006,-1782,14781,
-6788,-3233,17872,
-6802,-1847,15419,
-4917,2397,19470,
-4117,-52,17074,
-4590,1172,18766,
-3792,3058,16425,
1851,10183,16094,
-6144,-3669,15547,
-4757,771,16305,
-5119,1438,14215,
-5458,-291,17055,
-5171,-1700,17637,
-4931,-817,15444,
-5616,-2978,14883,
-5311,-953,14110,
-5068,-560,14918,
-4721,-141,15929,
-5380,-1246,15680,
-5945,-2450,15304,
-6474,-2452,14731,
-5850,725,15742,
-7037,246,15319,
-6475,-1112,18038,
-6212,487,17908,
-6342,677,15765,
-5975,-1225,16002,
-5737,-307,14908,
-5331,-26,14233,
-5217,-1014,14293,
-4885,-854,16595,
-5637,-1229,16060,
-5943,-2578,18267,
-5920,-1904,17772,
-6196,-736,17693,
-5366,-4195,14850,
-5861,3674,14218,
-6746,316,16416,
-5736,2552,19005,
-6193,2071,17525,
-6189,1214,18401,
-5959,697,16395,
-5700,790,14491,
-5470,1428,15304,
-5681,1575,15081,
-4926,-164,13517,
-5091,3629,14602,
-6125,267,16306,
-6071,654,17485,
-6281,1035,16879,
-6040,1369,17356,
-5956,2232,15219,
-5817,1363,14029,
-6974,2395,15172,
-5985,3396,14754,
-5443,3033,13871,
-6094,2287,15402,
-7773,1170,14311,
-6287,4103,11907,
-7298,2798,11039,
-8031,1687,11751,
-7902,1205,11637,
-7951,1308,11848,
-7995,1789,11489,
-8138,1207,11382,
-8168,1876,11423,
-8038,2461,11357,
-7566,3038,13233,
-7763,1734,14970,
-5530,4275,19452,
-5927,8860,13863,
-6950,3303,15664,
-3169,-2679,10233,
-6191,6568,12577,
-8349,2621,15027,
-7408,1789,16133,
-8651,1626,16129,
-8480,2188,13733,
-9426,1901,13631,
-9413,2250,13735,
-9617,923,12588,
-7635,2490,5944,
-9837,4638,13755,
-8971,2357,13047,
-9307,6234,9332,
-9288,5167,12392,
-8830,5361,13473,
-8484,5935,14173,
-8395,5622,15074,
-8660,5374,14144,
-8915,5257,13680,
-9092,4738,13397,
-9197,4781,12882,
-9418,4142,12922,
-8715,2456,5156,
-8183,6337,11954,
-8816,4356,13831,
-9084,5005,13474,
-9118,5014,13635,
-8938,4112,14238,
-8860,3179,13573,
-8898,3111,13108,
-9169,3370,12184,
-9074,3285,12242,
-8996,2087,10584,
-9409,4403,14007,
-8712,2992,14116,
-8635,3058,15161,
-8976,2100,12051,
-9129,1878,10702,
-8475,755,12141,
-7574,489,16324,
-6955,1674,15710,
-6429,4172,18666,
-4858,-1659,15037,
-6506,5119,19992,
-7305,-786,15132,
-7420,-944,14313,
-7433,-2465,13817,
-7100,-601,16194,
-7626,-1812,14019,
-7382,-705,13924,
-7189,-1017,13527,
-7258,-894,15170,
-7042,-1779,16370,
-6993,-2793,17460,
-6819,-3510,15336,
-6334,-1850,15078,
-6713,-3103,15172,
-6657,-3255,14661,
-6527,-3234,14534,
-6620,-3092,14071,
-6346,-2959,14780,
-6332,-3034,14553,
-6365,-3166,14623,
-6486,-3349,14923,
-6298,-3213,14636,
-6354,-3379,15300,
-6633,-3700,15303,
-6466,-3342,14685,
-5940,-2661,15677,
-8922,-4302,6675,
-7301,-9818,29551,
-4250,-2445,31807,
-6054,-4541,17229,
-6546,-3938,16344,
-6028,-5071,12296,
-5720,-3685,13985,
-6061,-4597,15303,
-6027,-4585,16917,
-5987,-4315,14588,
-6050,-4759,15219,
-6274,-4182,15010,
-6317,-4895,14690,
-6133,-5150,14640,
-6218,-4757,14691,
-5931,-4330,14130,
-6057,-4484,13708,
-6047,-4602,14628,
-6005,-4777,15380,
-5929,-4692,15148,
-6187,-4862,15061,
-6179,-4602,15450,
-6170,-4213,15424,
-6043,-4142,15490,
-6249,-4089,15703,
-5950,-4018,15763,
-6101,-3196,15529,
-6143,-3454,15686,
-6002,-3685,15918,
-6143,-3647,15844,
-6243,-3782,15767,
-6091,-4079,14833,
-6118,-3143,13807,
-6166,-4096,14086,
-5988,-4121,14541,
-5473,-2950,14216,
-5847,-2891,14727,
-5869,-4176,15962,
-5992,-3342,15410,
-5843,-2305,15396,
-5938,-2817,15004,
-6164,-3918,16283,
-6566,-3563,14140,
-6684,-4475,16135,
-6575,-4462,15782,
-6574,-3709,13001,
-6380,-2400,13184,
-6668,-2840,14896,
-6646,-3098,15950,
-6583,-2764,16828,
-6179,-1933,16588,
-6000,-1259,16521,
-5996,-1407,16885,
-6002,-1508,17284,
-5796,-1854,17135,
-6551,-4033,15271,
-6744,-3553,13714,
-32764,-9456,-32764,
-2036,11425,-32764,
-6358,-30274,32764,
-9092,-5961,1738,
-5341,-334,2377,
-6461,-1799,15023,
-8206,-9580,9714,
-6901,-6659,13348,
-6867,-5359,14300,
-6613,-5684,13414,
-6797,-4773,15094,
-7131,-4881,15142,
-7784,-5764,14403,
-6201,-4229,19931,
-7775,-2529,12618,
-7036,-2924,15534,
-7183,-8997,14645,
-6634,-3373,15616,
-6376,-3873,15164,
-6232,-4393,14692,
-6512,-5544,14625,
-6365,-5287,14035,
-6482,-4542,14572,
-6740,-5093,14876,
-6736,-4728,14736,
-6732,-4414,14807,
-6817,-4061,16357,
-6972,-2890,16535,
-7030,-3398,17695,
-7143,-4460,14898,
-7209,-4822,14284,
-7158,-4749,12980,
-7158,-4453,12470,
-7411,-4498,12653,
-7372,-5251,12320,
-7197,-4605,13422,
-6982,-4112,13006,
-6849,-4117,12618,
-6582,-2086,11722,
-6838,-3488,13314,
-6785,-3065,13569,
-6885,-2941,13314,
-7140,-3571,13186,
-7214,-3769,12814,
-7261,-4276,12910,
-7182,-4537,12849,
-7353,-4969,12593,
-7455,-5463,12995,
-6642,-4054,13809,
-6386,-4321,16734,
-6241,-1820,14776,
-6402,-2247,16222,
-6682,-2820,16372,
-6774,-3153,15958,
-6666,-2195,15501,
-6760,-2543,15644,
-6934,-3014,15411,
-6826,-2687,15104,
-6776,-3089,15102,
-6808,-3333,14693,
-6917,-3477,14407,
-6848,-3841,13908,
-7097,-6573,11047,
-6626,-4195,12061,
-6686,-3278,13736,
-6682,-3798,12797,
-6545,-3723,13553,
-6336,-3060,13874,
-6391,-2800,15268,
-6303,-3065,15026,
-6534,-3256,14153,
-6336,-2885,14614,
-6343,-2583,14744,
-6199,-2618,14724,
-6081,-2544,14533,
-6378,-3283,14215,
-6546,-4058,13936,
-6579,-4220,13925,
-6645,-4287,14253,
-6374,-4161,14770,
-6393,-4282,14252,
-6437,-4467,14677,
-6468,-4813,14985,
-6415,-4370,15211,
-6503,-4081,15147,
-6355,-3846,14846,
-6071,-3341,15278,
-6036,-3626,15240,
-6224,-4236,14259,
-6178,-4209,13907,
-6113,-4057,14793,
-6109,-4000,14920,
-5824,-3752,15141,
-5718,-3302,15382,
-5566,-3422,15141,
-5778,-3614,15778,
-5785,-3657,15673,
-5896,-3814,15078,
-6003,-3897,15029,
-6119,-4128,15284,
-6193,-4115,15575,
-6162,-4253,15727,
-6151,-4285,15090,
-6077,-4292,15535,
-6118,-4381,16159,
-6010,-4234,15534,
-5924,-4146,15613,
-5885,-4024,15167,
-6036,-4481,13657,
-5935,-4569,13379,
-5948,-4438,13764,
-5981,-4458,14227,
-6126,-4257,14151,
-5661,-3552,15092,
-5401,-2613,15097,
-5560,-3596,15357,
-5645,-3799,15407,
-5472,-3784,14462,
-5452,-3947,14235,
-5507,-4416,15153,
-5472,-4578,15610,
-5303,-3920,13819,
-5450,-4830,13698,
-5635,-4828,14324,
-5473,-4744,15911,
-5480,-4170,16114,
-5402,-3978,15990,
-5459,-3838,15967,
-5255,-3954,16457,
-5196,-3527,15825,
-5227,-4735,15470,
-5184,-4375,15228,
-5147,-5064,15144,
-5074,-5192,15288,
-5225,-5774,15284,
-5228,-6066,15245,
-4942,-5058,14975,
-4937,-5584,15404,
-4874,-5565,15878,
-5007,-5866,15681,
-4748,-5157,14741,
-1943,3619,10275,
-6422,-9973,21046,
-5028,-6266,16708,
-4811,-6142,13300,
-5105,-7089,13013,
-5070,-6817,12884,
-4913,-6311,13074,
-5096,-7203,13648,
-5227,-7629,13537,
-4963,-6913,13664,
-4967,-6728,13343,
-4668,-8449,13225,
-4952,-6942,13872,
-4942,-5855,14352,
-4618,-6637,13119,
-4858,-5763,13399,
-7830,-13087,11973,
-1321,-1487,11419,
-3863,-1132,4656,
-5109,-5622,14259,
-5070,-5540,14490,
-5012,-5273,15179,
-5008,-5079,15380,
-5210,-5001,15500,
-5544,-6389,14852,
-5463,-6103,14458,
-5367,-5620,14814,
-5325,-5487,15292,
-5448,-6413,13843,
-5513,-5459,13581,
-5303,-5583,14498,
-5378,-5405,15101,
-5520,-5308,15499,
-5477,-4854,14798,
-5440,-4917,15479,
-5571,-5190,15127,
-5578,-5277,14235,
-5610,-5363,14700,
-5522,-5365,15049,
-5492,-5238,15018,
-5462,-4994,14838,
-5352,-4920,14604,
-5413,-4930,14440,
-5382,-5061,14289,
-5261,-4956,13985,
-5265,-4763,13928,
-5253,-4540,14345,
-5170,-4750,14392,
-5186,-4593,14040,
-5182,-4759,13845,
-5090,-4681,13533,
-5236,-5601,14537,
-5305,-5106,14256,
-5243,-5059,14231,
-5305,-5344,14186,
-5395,-5318,14784,
-5370,-5193,15248,
-5376,-5077,15549,
-5419,-5168,15537,
-5341,-5049,15660,
-5393,-5052,14972,
-5346,-5002,15246,
-5261,-4909,15175,
-5157,-4876,13836,
-5142,-4750,13732,
-5169,-4836,13559,
-5283,-4939,13481,
-5232,-4776,13674,
-5133,-4660,13843,
-5213,-4695,14474,
-5298,-4929,14661,
-5226,-4826,14775,
-5248,-4786,14527,
-5368,-5164,14838,
-5279,-4988,15372,
-5190,-4865,15767,
-5189,-4795,15018,
-5266,-5299,15376,
-5334,-5502,16657,
-5135,-5119,16159,
-5074,-4787,15517,
-4967,-4691,14628,
-4797,-4474,14454,
-4838,-4620,14511,
-4845,-4760,14099,
-5011,-4782,14304,
-4919,-4525,14678,
-4912,-4651,15241,
-4881,-4365,16057,
-4922,-4244,16116,
-5053,-4490,16091,
-5000,-4479,15831,
-5026,-4681,16015,
-4938,-4688,16304,
-4935,-4749,15623,
-4929,-4827,15467,
-4962,-4764,15420,
-4831,-4601,15485,
-4776,-4503,15365,
-4782,-4544,15178,
-4816,-4548,14492,
-4726,-4337,14307,
-4752,-4312,14500,
-4803,-4194,14920,
-4764,-4392,14717,
-4793,-4297,14586,
-4821,-4342,14661,
-4755,-4284,14657,
-4762,-4396,14627,
-4806,-4470,14949,
-4790,-4381,14791,
-4776,-4396,14428,
-4772,-4478,14657,
-4836,-4589,14746,
