6005,-1383,15122,
6006,-1326,15134,
6020,-1333,15118,
6092,-1346,15168,
6082,-1309,15177,
6091,-1308,15163,
6057,-1316,15045,
6018,-1331,15047,
6052,-1352,15006,
6015,-1374,15128,
5992,-1372,15100,
5986,-1338,15167,
6062,-1305,15248,
6044,-1308,15144,
6083,-1301,15146,
6089,-1326,15109,
6040,-1369,15092,
6019,-1367,15093,
5989,-1363,15099,
6017,-1351,15076,
6046,-1347,15135,
6026,-1364,15135,
6096,-1296,15173,
6103,-1321,15210,
6042,-1301,15120,
6081,-1331,15117,
5994,-1343,15043,
6018,-1382,15070,
6005,-1364,15048,
5971,-1350,15127,
6024,-1285,15153,
6041,-1305,15110,
6096,-1327,15198,
6074,-1338,15100,
6055,-1334,15104,
6026,-1360,15011,
6030,-1380,15045,
6013,-1370,15095,
6031,-1319,15141,
6045,-1322,15129,
6013,-1307,15167,
6034,-1320,15146,
6047,-1301,15060,
6056,-1346,15050,
6051,-1330,15024,
6012,-1361,15081,
5999,-1368,15123,
6038,-1336,15127,
6035,-1325,15131,
6030,-1317,15113,
6057,-1301,15144,
6038,-1322,15131,
6039,-1323,15096,
6035,-1329,15099,
5984,-1342,15030,
5997,-1383,15044,
6012,-1377,15076,
6020,-1335,15096,
5980,-1329,15059,
6014,-1288,15167,
6046,-1277,15124,
6089,-1293,15111,
6027,-1337,15090,
6012,-1343,15113,
5993,-1360,15083,
6005,-1319,15096,
6018,-1311,15116,
6042,-1297,15144,
6056,-1303,15174,
6031,-1289,15148,
6047,-1277,15161,
6003,-1353,15050,
5982,-1381,15045,
5982,-1344,15057,
5993,-1364,15045,
6011,-1310,15110,
6022,-1338,15157,
6031,-1294,15171,
6064,-1305,15162,
6094,-1314,15166,
6033,-1303,15090,
5975,-1359,15070,
5992,-1358,15076,
6003,-1350,15068,
6008,-1329,15049,
6046,-1310,15159,
6063,-1346,15121,
6073,-1309,15182,
6050,-1311,15143,
6061,-1265,15098,
6002,-1304,15073,
5985,-1360,15024,
5991,-1399,15059,
5987,-1333,15079,
6071,-1286,15170,
6060,-1304,15218,
6098,-1274,15170,
6095,-1312,15123,
6061,-1340,15126,
6044,-1309,15077,
5994,-1372,15032,
5957,-1380,15066,
6008,-1352,15102,
6042,-1318,15155,
6039,-1303,15151,
6060,-1289,15156,
6064,-1284,15184,
6072,-1288,15143,
6075,-1266,15114,
6007,-1370,15102,
6000,-1350,15126,
5983,-1346,15073,
5983,-1328,15073,
6018,-1284,15151,
6057,-1272,15191,
6078,-1271,15195,
6100,-1311,15171,
6034,-1317,15127,
6027,-1347,15115,
5986,-1354,15061,
6016,-1336,15032,
6016,-1318,15083,
6012,-1312,15085,
6056,-1282,15149,
6031,-1294,15208,
6061,-1259,15148,
6025,-1315,15151,
6013,-1361,15068,
6024,-1356,15073,
5968,-1362,15089,
6009,-1319,15088,
6007,-1337,15115,
6052,-1306,15166,
6066,-1306,15194,
6067,-1285,15078,
6047,-1300,15117,
6024,-1351,15064,
5995,-1359,15072,
5987,-1377,15040,
6024,-1328,15121,
6044,-1310,15114,
6069,-1307,15153,
6063,-1297,15154,
6069,-1281,15119,
6034,-1311,15109,
6029,-1338,15077,
5986,-1350,15054,
6014,-1348,15071,
6003,-1345,15121,
6034,-1312,15108,
6071,-1268,15197,
6078,-1305,15174,
6017,-1294,15144,
6031,-1293,15105,
6040,-1318,15104,
6054,-1361,15071,
6025,-1352,15072,
5981,-1354,15094,
6000,-1330,15122,
6062,-1283,15187,
6043,-1278,15121,
6051,-1300,15148,
5977,-1310,15101,
6016,-1339,15062,
5976,-1377,15038,
5984,-1338,15033,
5975,-1320,15067,
6012,-1330,15087,
6036,-1296,15133,
6054,-1282,15190,
6003,-1304,15180,
6080,-1327,15167,
6014,-1310,15074,
6011,-1334,15041,
5974,-1346,15063,
5976,-1368,15056,
6022,-1291,15082,
5990,-1346,15123,
6008,-1300,15132,
6045,-1280,15138,
6043,-1289,15149,
6038,-1309,15147,
6013,-1353,15052,
5977,-1351,15069,
5997,-1347,15069,
5987,-1327,15117,
6018,-1311,15165,
6021,-1293,15174,
6042,-1299,15138,
6045,-1330,15131,
6011,-1318,15137,
5983,-1321,15045,
5970,-1342,15067,
6020,-1351,15109,
5970,-1371,15071,
6025,-1311,15126,
6012,-1288,15147,
6038,-1301,15138,
6056,-1327,15078,
6045,-1327,15124,
6047,-1303,15093,
6010,-1357,15045,
6005,-1339,15081,
6022,-1354,15129,
5996,-1315,15133,
5983,-1337,15190,
6079,-1327,15168,
6031,-1296,15173,
6025,-1334,15125,
6038,-1346,15119,
6016,-1343,15074,
6019,-1343,15108,
5992,-1373,15085,
5993,-1326,15126,
6013,-1281,15144,
6051,-1307,15166,
6061,-1306,15205,
6071,-1279,15165,
6014,-1377,15127,
5996,-1321,15127,
5991,-1365,15089,
6000,-1354,15090,
5967,-1326,15080,
6000,-1272,15135,
6021,-1283,15173,
6016,-1285,15157,
6039,-1290,15179,
6013,-1334,15111,
6023,-1357,15006,
5957,-1368,14993,
5991,-1325,15125,
6027,-1320,15160,
6008,-1306,15161,
6011,-1293,15192,
6061,-1334,15185,
6027,-1317,15186,
6011,-1316,15079,
6002,-1361,15083,
5978,-1379,15050,
6019,-1370,15122,
6025,-1312,15132,
6003,-1276,15159,
6021,-1312,15194,
6037,-1277,15186,
6058,-1270,15141,
6036,-1298,15132,
6008,-1325,15106,
5994,-1334,15093,
5981,-1384,15055,
6022,-1349,15114,
6021,-1336,15170,
6030,-1321,15153,
6015,-1282,15175,
5993,-1294,15198,
6034,-1316,15105,
6004,-1306,15067,
6007,-1362,15037,
5993,-1333,15063,
5996,-1334,15109,
5967,-1320,15159,
6035,-1280,15210,
6031,-1296,15184,
6076,-1272,15197,
6047,-1300,15135,
6044,-1289,15160,
5970,-1354,15083,
5961,-1341,15052,
5980,-1347,15105,
6017,-1318,15149,
6048,-1314,15204,
6051,-1264,15233,
6040,-1258,15208,
6053,-1303,15127,
6012,-1322,15104,
6008,-1319,15047,
5953,-1373,15059,
5986,-1353,15095,
5951,-1318,15110,
5974,-1316,15158,
6011,-1253,15173,
6041,-1297,15170,
6027,-1321,15146,
6002,-1311,15091,
5983,-1345,15078,
5958,-1366,15072,
5944,-1361,15074,
6010,-1315,15146,
5986,-1313,15147,
6007,-1314,15175,
6032,-1269,15162,
6023,-1278,15203,
6028,-1305,15094,
6007,-1342,15043,
5999,-1356,15041,
5960,-1393,15061,
5956,-1329,15112,
6028,-1298,15161,
6029,-1306,15187,
6039,-1337,15199,
6037,-1289,15141,
6042,-1319,15159,
5973,-1350,15096,
5952,-1336,15036,
5984,-1379,15045,
6006,-1380,15039,
6032,-1316,15144,
6010,-1336,15198,
6027,-1301,15216,
6042,-1265,15189,
6007,-1309,15123,
6026,-1332,15119,
5974,-1350,15062,
5986,-1346,15124,
5976,-1327,15145,
6007,-1315,15113,
6029,-1317,15208,
6042,-1323,15169,
6071,-1288,15205,
6038,-1353,15130,
5995,-1283,15108,
6013,-1351,15060,
6002,-1396,15058,
6005,-1343,15133,
5974,-1359,15112,
6030,-1309,15170,
6052,-1278,15203,
6033,-1292,15179,
6071,-1309,15160,
6044,-1321,15135,
6010,-1342,15111,
5987,-1353,15081,
5977,-1358,15098,
6003,-1334,15164,
5993,-1297,15150,
6034,-1297,15195,
6021,-1295,15222,
6065,-1254,15215,
6015,-1304,15143,
6009,-1335,15114,
5989,-1374,15020,
5978,-1353,15093,
5978,-1347,15161,
5971,-1321,15128,
5990,-1295,15170,
6084,-1282,15178,
6028,-1305,15196,
6022,-1311,15136,
5968,-1302,15104,
5969,-1351,15096,
5977,-1382,15082,
6022,-1326,15116,
6000,-1300,15196,
6043,-1296,15129,
6062,-1303,15231,
6035,-1321,15142,
6078,-1305,15132,
5962,-1318,15090,
5921,-1361,14989,
5952,-1369,15010,
5972,-1359,15104,
5975,-1301,15167,
5963,-1254,15162,
6075,-1287,15208,
6067,-1315,15189,
6016,-1314,15127,
6030,-1299,15098,
5988,-1362,15038,
5956,-1365,15085,
5973,-1371,15090,
5972,-1315,15125,
6059,-1292,15174,
6035,-1308,15134,
6003,-1253,15165,
6034,-1281,15130,
6008,-1368,15073,
5994,-1363,15068,
5938,-1365,15084,
5964,-1328,15091,
5959,-1325,15123,
6006,-1300,15127,
6045,-1277,15190,
6045,-1300,15171,
6039,-1337,15141,
6000,-1308,15081,
5978,-1346,15071,
5985,-1352,15030,
5983,-1357,15067,
5929,-1332,15128,
6001,-1272,15139,
6002,-1307,15194,
6074,-1300,15105,
6043,-1292,15153,
6023,-1297,15104,
5963,-1330,15059,
5950,-1374,15060,
5933,-1341,15045,
5925,-1345,15096,
5970,-1325,15099,
5961,-1281,15165,
6027,-1279,15197,
6041,-1306,15123,
6006,-1294,15145,
5998,-1331,15078,
5966,-1376,15097,
5971,-1375,15069,
5971,-1365,15086,
6004,-1306,15130,
5967,-1354,15128,
6030,-1315,15140,
6015,-1294,15147,
6061,-1292,15201,
5975,-1310,15097,
5962,-1332,15059,
5988,-1361,15101,
5944,-1336,15060,
5981,-1315,15120,
6047,-1277,15190,
6049,-1294,15188,
6038,-1305,15178,
6034,-1295,15092,
5965,-1332,15120,
5981,-1342,15040,
5974,-1352,15014,
5941,-1367,15055,
5984,-1317,15124,
6030,-1296,15206,
6018,-1282,15152,
6067,-1294,15204,
6026,-1309,15124,
5997,-1325,15102,
5989,-1339,15055,
5933,-1322,15041,
5958,-1343,15076,
5965,-1359,15100,
5991,-1287,15116,
6030,-1290,15203,
6018,-1279,15207,
6023,-1279,15153,
6029,-1314,15080,
6004,-1352,15053,
5989,-1373,15030,
5968,-1360,15045,
6015,-1334,15158,
5970,-1298,15137,
6063,-1262,15190,
6084,-1273,15206,
6065,-1287,15140,
6002,-1327,15148,
5992,-1356,15032,
5977,-1314,15052,
5977,-1324,15072,
5941,-1346,15096,
5982,-1319,15206,
6026,-1293,15185,
6028,-1280,15263,
6014,-1276,15171,
6034,-1300,15173,
6019,-1342,15081,
5988,-1362,15054,
5965,-1344,15029,
5990,-1336,15114,
5983,-1305,15156,
6008,-1262,15152,
6015,-1262,15184,
6028,-1255,15203,
6064,-1280,15107,
6008,-1323,15100,
5986,-1317,15069,
5989,-1341,15041,
5978,-1335,15090,
6030,-1321,15127,
6034,-1296,15192,
6057,-1323,15193,
6039,-1245,15180,
6005,-1304,15070,
6039,-1292,15084,
5996,-1326,15111,
5971,-1385,15090,
6011,-1327,15136,
5991,-1353,15105,
6056,-1265,15202,
6043,-1299,15208,
6031,-1295,15178,
6053,-1303,15210,
5947,-1309,15092,
6046,-1319,15099,
5986,-1352,15037,
5974,-1333,15127,
5952,-1363,15093,
5983,-1313,15179,
6016,-1306,15223,
6035,-1327,15147,
5983,-1288,15121,
5994,-1337,15113,
6022,-1345,15033,
6000,-1345,15030,
5955,-1343,15097,
5964,-1333,15094,
5989,-1293,15127,
6014,-1292,15182,
6050,-1304,15197,
6022,-1286,15231,
5993,-1294,15120,
5942,-1342,15035,
5963,-1378,15057,
5959,-1359,15051,
5999,-1359,15099,
6007,-1306,15195,
6017,-1326,15195,
6029,-1284,15169,
6024,-1275,15118,
6032,-1284,15112,
5968,-1343,15064,
5937,-1350,15089,
5963,-1322,15063,
5929,-1338,15070,
5975,-1340,15142,
6007,-1318,15148,
6032,-1281,15224,
6037,-1329,15201,
6022,-1315,15080,
6042,-1307,15090,
5945,-1376,15070,
5949,-1362,15065,
5984,-1364,15073,
5971,-1333,15088,
5991,-1318,15253,
6018,-1288,15181,
6048,-1307,15128,
5984,-1293,15141,
6016,-1298,15122,
5946,-1331,15058,
5920,-1380,15022,
5953,-1354,15140,
5973,-1374,15143,
6005,-1336,15179,
6037,-1254,15174,
6002,-1299,15187,
6064,-1327,15153,
5999,-1313,15064,
5999,-1327,15041,
5989,-1366,15005,
5970,-1348,15057,
5980,-1365,15088,
5963,-1320,15173,
6045,-1268,15227,
6070,-1277,15207,
6027,-1307,15208,
6022,-1303,15105,
5997,-1335,15064,
5985,-1323,15062,
5977,-1311,15054,
5976,-1343,15154,
6004,-1341,15176,
6043,-1279,15201,
6038,-1270,15153,
6055,-1286,15212,
5999,-1309,15135,
6001,-1327,15031,
6019,-1337,15054,
5922,-1375,15022,
5982,-1303,15167,
5985,-1298,15205,
5983,-1313,15169,
6030,-1260,15222,
6034,-1337,15135,
6042,-1301,15131,
6017,-1309,15111,
5959,-1347,15114,
5963,-1318,15071,
5933,-1309,15091,
6002,-1304,15197,
5983,-1320,15185,
6028,-1288,15167,
6030,-1253,15207,
6018,-1287,15128,
6011,-1310,15116,
5970,-1366,15056,
5989,-1364,15085,
5966,-1347,15069,
6002,-1344,15125,
6008,-1297,15154,
6028,-1284,15231,
6064,-1280,15193,
6079,-1324,15164,
6041,-1333,15123,
6008,-1310,15099,
6012,-1311,15020,
5905,-1354,15074,
5969,-1338,15088,
5982,-1329,15186,
6032,-1291,15184,
6058,-1282,15202,
6060,-1284,15179,
6004,-1311,15091,
6008,-1349,15065,
5967,-1366,15024,
6003,-1284,15207,
6041,-1297,15188,
6002,-1300,15108,
5965,-1317,15198,
6001,-1273,15208,
6074,-1274,15210,
5932,-1349,15046,
5945,-1334,15127,
5949,-1325,15135,
5987,-1315,15029,
6006,-1375,15095,
5942,-1384,15055,
6059,-1283,15226,
6028,-1300,15115,
5957,-1334,15053,
6021,-1351,15069,
5971,-1366,15046,
6022,-1271,15182,
5992,-1315,15166,
5952,-1353,15136,
5968,-1297,15166,
5995,-1307,15172,
6049,-1310,15209,
5951,-1345,15025,
5993,-1349,15038,
6037,-1270,15174,
5976,-1325,15077,
5980,-1346,15119,
6019,-1279,15186,
5943,-1300,15032,
6011,-1269,15161,
6043,-1271,15168,
5987,-1329,15178,
6026,-1312,15115,
5968,-1315,15076,
6034,-1308,15223,
5945,-1358,15057,
6059,-1256,15203,
5965,-1375,15103,
6074,-1296,15116,
5985,-1326,15137,
6046,-1288,15165,
5977,-1280,15210,
5958,-1368,15035,
6021,-1337,15177,
5945,-1326,15054,
6075,-1292,15170,
5960,-1346,15064,
6014,-1303,15123,
5963,-1311,15124,
5989,-1327,15141,
5958,-1326,15040,
5957,-1375,15040,
6036,-1281,15223,
5933,-1358,15040,
6012,-1305,15142,
5991,-1347,15117,
6018,-1247,15149,
6017,-1307,15239,
6016,-1319,15084,
5989,-1300,15202,
5972,-1354,15083,
6029,-1250,15192,
5961,-1359,15123,
6008,-1280,15197,
5983,-1321,15104,
6073,-1329,15104,
6011,-1265,15193,
5996,-1341,15064,
6052,-1272,15224,
5946,-1395,15031,
6052,-1248,15219,
5964,-1337,15104,
6093,-1272,15180,
5943,-1393,15083,
6004,-1332,15108,
6008,-1310,15141,
6046,-1336,15114,
5995,-1270,15221,
5980,-1356,15066,
5999,-1268,15242,
5960,-1338,15048,
6047,-1253,15123,
5956,-1356,15077,
6014,-1292,15098,
5971,-1340,15180,
6025,-1329,15046,
6030,-1283,15181,
5941,-1350,15067,
6028,-1277,15148,
5951,-1347,15025,
6059,-1285,15174,
5941,-1336,15123,
6022,-1297,15105,
5944,-1333,15134,
5997,-1309,15098,
6004,-1319,15170,
5998,-1330,15121,
6012,-1253,15205,
5949,-1363,15078,
6003,-1289,15143,
5990,-1347,15176,
6019,-1303,15124,
5960,-1356,15055,
5945,-1345,15100,
5986,-1252,15144,
5934,-1342,15040,
6028,-1237,15157,
5983,-1325,15042,
6057,-1271,15203,
5990,-1345,15131,
6055,-1322,15182,
5987,-1312,15176,
5992,-1309,15087,
6019,-1286,15152,
6011,-1352,15070,
6024,-1309,15211,
5941,-1351,15037,
6013,-1300,15158,
5954,-1319,15017,
6011,-1313,15125,
6011,-1314,15105,
6011,-1269,15047,
5987,-1306,15142,
5981,-1313,15061,
6032,-1251,15216,
5979,-1340,15077,
6048,-1262,15168,
5987,-1353,15121,
6047,-1313,15185,
5975,-1359,15178,
6034,-1327,15017,
5995,-1281,15167,
5968,-1391,15044,
6021,-1279,15221,
5947,-1358,15064,
6022,-1265,15156,
5959,-1334,15073,
6051,-1262,15195,
5954,-1308,15094,
6002,-1340,15116,
5956,-1328,15181,
5972,-1346,15094,
5999,-1280,15174,
6006,-1349,15056,
6035,-1250,15189,
5953,-1322,15075,
6053,-1303,15139,
5949,-1337,15089,
6020,-1315,15119,
6031,-1288,15146,
6055,-1288,15067,
6001,-1291,15185,
5942,-1379,15085,
6037,-1315,15190,
5943,-1336,15027,
6034,-1285,15134,
5980,-1384,15129,
6013,-1287,15159,
6005,-1305,15167,
6012,-1341,15091,
6010,-1311,15170,
5984,-1320,15045,
6039,-1288,15163,
5969,-1344,15054,
6000,-1262,15152,
5955,-1350,15054,
6035,-1338,15087,
5960,-1295,15156,
5992,-1341,15023,
6004,-1305,15164,
5958,-1308,15005,
6025,-1313,15169,
5961,-1338,15107,
6038,-1295,15177,
5990,-1335,15073,
6003,-1298,15127,
6012,-1289,15197,
6000,-1285,15152,
6009,-1297,15182,
5931,-1337,15087,
6074,-1300,15161,
5940,-1333,15081,
5992,-1281,15159,
6007,-1339,15113,
5989,-1327,15090,
5971,-1282,15122,
6015,-1298,15097,
6019,-1279,15154,
5951,-1296,15017,
6034,-1278,15195,
5942,-1325,15052,
5979,-1273,15172,
5959,-1326,15120,
6030,-1333,15112,
5964,-1311,15097,
6022,-1316,15066,
5985,-1285,15200,
5991,-1348,15096,
6015,-1279,15149,
6022,-1360,15132,
6035,-1279,15139,
6002,-1345,15129,
6014,-1315,15108,
5954,-1304,15088,
5964,-1327,15025,
6033,-1284,15217,
5988,-1340,15085,
6060,-1298,15147,
5950,-1377,15064,
6033,-1264,15121,
5972,-1360,15074,
6022,-1288,15101,
5947,-1356,15111,
6025,-1302,15085,
5997,-1286,15176,
5963,-1328,15087,
6043,-1305,15196,
5992,-1345,15073,
6000,-1263,15125,
5984,-1317,15164,
6019,-1308,15141,
6017,-1351,15199,
6027,-1330,15094,
5978,-1303,15180,
6025,-1354,15059,
6019,-1271,15168,
5993,-1346,15017,
5981,-1293,15111,
5921,-1344,15066,
6026,-1301,15112,
5953,-1348,15126,
5984,-1331,15062,
5978,-1302,15186,
5961,-1389,15051,
6020,-1282,15180,
5938,-1362,15036,
6049,-1308,15149,
5962,-1351,15082,
6048,-1286,15187,
5980,-1320,15191,
6042,-1333,15107,
5980,-1290,15137,
5979,-1354,15052,
6018,-1293,15207,
5978,-1376,15044,
6052,-1318,15188,
5978,-1340,15056,
6005,-1302,15118,
5971,-1340,15183,
6037,-1323,15073,
5994,-1286,15210,
5925,-1340,15043,
6026,-1266,15218,
5951,-1359,15033,
6072,-1268,15209,
5939,-1361,15033,
6024,-1273,15077,
5963,-1366,15073,
6011,-1293,15082,
6007,-1313,15168,
5988,-1342,15049,
6036,-1308,15155,
5964,-1317,14994,
6034,-1301,15202,
5963,-1377,15087,
6036,-1279,15168,
5954,-1315,15093,
6001,-1325,15097,
6003,-1314,15181,
6003,-1365,15079,
6017,-1310,15191,
5979,-1398,15047,
6019,-1316,15186,
5958,-1352,15054,
6025,-1337,15197,
5967,-2591,18057,
6008,-1025,14443,
5993,-1218,15836,
5940,-1406,14740,
6096,-1234,15417,
6037,-1397,15079,
5916,-1204,15174,
6022,-1241,15102,
6038,-1228,15197,
5939,-1400,14940,
6032,-1276,15168,
6019,-1247,15194,
5990,-1282,15040,
6034,-1217,15208,
6035,-1284,15068,
5970,-1224,15151,
5985,-1308,15053,
6015,-1216,15161,
5926,-1295,15104,
6029,-1268,15147,
5940,-1299,15114,
5991,-1257,15110,
6020,-1246,15184,
5976,-1272,15026,
6000,-1221,15145,
5960,-1320,15040,
5983,-1266,15064,
5989,-1255,15150,
5998,-1283,15067,
5958,-1255,15112,
5984,-1258,15065,
5999,-1260,15194,
5965,-1293,15082,
6051,-1211,15163,
5941,-1315,15055,
6017,-1242,15184,
5968,-1292,15138,
6034,-1256,15150,
5989,-1296,15194,
6012,-1267,15082,
6010,-1230,15209,
6016,-1274,15066,
6004,-1252,15150,
5957,-1325,15058,
6005,-1225,15170,
5928,-1321,15079,
6005,-1232,15133,
5970,-1319,15072,
5987,-1268,15055,
5967,-1246,15130,
5979,-1278,15051,
6025,-1256,15210,
5932,-1288,15074,
6029,-1237,15205,
6000,-1283,15120,
6031,-1214,15197,
5911,-1254,15125,
6009,-1268,15114,
5978,-1255,15111,
5994,-1331,15055,
6039,-1252,15179,
5947,-1314,15013,
6037,-1272,15190,
5960,-1326,15066,
6039,-1227,15140,
5978,-1279,15145,
6011,-1245,15129,
5988,-1289,15114,
5972,-1301,15024,
6041,-1219,15204,
5992,-1298,15060,
6019,-1247,15137,
5921,-1296,15051,
5987,-1233,15156,
5938,-1263,15041,
6012,-1265,15094,
5979,-1279,15177,
5947,-1265,15033,
6021,-1277,15156,
5960,-1313,15047,
6010,-1220,15205,
5928,-1336,15038,
6028,-1251,15144,
5978,-1306,15072,
6047,-1232,15172,
5989,-1238,15193,
6030,-1288,15093,
6000,-1217,15195,
5950,-1345,15020,
6008,-1240,15194,
5947,-1297,15113,
6030,-1266,15111,
5978,-1269,15119,
5975,-1255,15121,
5966,-1250,15157,
5963,-1293,15026,
5960,-1266,15187,
5919,-1321,15032,
6007,-1228,15219,
5928,-1307,15016,
5998,-1247,15147,
5984,-1292,15083,
6053,-1263,15062,
5984,-1270,15141,
5970,-1254,15028,
5977,-1277,15173,
5983,-1264,15046,
6004,-1236,15171,
5952,-1337,15090,
6009,-1221,15176,
5992,-1277,15049,
6004,-1247,15152,
6005,-1278,15136,
6009,-1279,15056,
5983,-1271,15186,
5958,-1327,15002,
6031,-1225,15246,
5963,-1309,15011,
5999,-1251,15131,
5983,-1300,15058,
5984,-1232,15154,
5930,-1334,15126,
6016,-1258,15164,
5992,-1206,15189,
5977,-1315,15031,
6018,-1241,15246,
5978,-1300,15111,
6006,-1205,15236,
6006,-1311,15062,
6010,-1274,15079,
5959,-1268,15140,
5999,-1295,15053,
5988,-1269,15169,
5991,-1355,15057,
5984,-1239,15165,
5879,-1335,15079,
6024,-1240,15159,
5969,-1272,15072,
6042,-1253,15160,
5969,-1300,15106,
6000,-1255,15059,
6020,-1267,15148,
5964,-1265,15083,
6033,-1229,15225,
5950,-1313,15046,
5974,-1250,15155,
5922,-1295,15057,
6006,-1207,15125,
5938,-1305,15093,
6004,-1288,15104,
5974,-1287,15141,
5960,-1259,15105,
6009,-1239,15194,
5977,-1288,15071,
5991,-1224,15160,
5940,-1308,15094,
6060,-1269,15225,
5956,-1303,15146,
6023,-1287,15109,
5978,-1235,15190,
6003,-1293,15094,
6032,-1246,15156,
5948,-1276,15046,
5995,-1220,15173,
5981,-1286,15099,
6046,-1271,15157,
5955,-1283,15090,
5963,-1324,15088,
5965,-1253,15112,
5960,-1306,15024,
6020,-1254,15170,
5959,-1291,15017,
6002,-1230,15201,
5923,-1344,15059,
6004,-1238,15190,
5978,-1295,15090,
5995,-1242,15096,
5962,-1294,15158,
6008,-1307,15035,
6022,-1256,15170,
5990,-1311,15044,
6064,-1251,15165,
6007,-1315,15021,
6023,-1237,15062,
6005,-1278,15090,
5994,-1278,15042,
5909,-1231,15138,
5967,-1262,15105,
5976,-1272,15188,
5950,-1329,15088,
5993,-1273,15188,
5974,-1282,15106,
6016,-1259,15103,
5994,-1263,15136,
6026,-1286,15127,
5973,-1236,15153,
5988,-1281,15080,
5979,-1269,15130,
5940,-1316,15064,
6064,-1252,15184,
5965,-1312,15018,
5998,-1264,15148,
5952,-1309,15057,
6016,-1256,15107,
5971,-1267,15120,
5984,-1293,15098,
6018,-1268,15133,
5986,-1329,15045,
5968,-1273,15111,
5951,-1304,15102,
5996,-1233,15142,
5967,-1307,15092,
6017,-1246,15076,
5976,-1293,15142,
5967,-1314,15077,
6026,-1259,15171,
5975,-1308,15024,
6056,-1256,15165,
5937,-1378,15059,
6058,-1248,15193,
5965,-1331,15105,
6016,-1235,15048,
5952,-1273,15161,
5998,-1242,15080,
5975,-1246,15166,
5964,-1355,15059,
5990,-1249,15128,
5969,-1305,15029,
6018,-1258,15150,
5971,-1291,15077,
6033,-1298,15066,
5962,-1303,15134,
5970,-1260,15106,
6015,-1253,15167,
6003,-1292,14999,
6003,-1228,15161,
5936,-1300,15080,
6024,-1239,15226,
5978,-1305,15101,
6048,-1256,15105,
5973,-1321,15130,
6043,-1272,15097,
6004,-1239,15192,
5957,-1301,15072,
6015,-1270,15178,
5985,-1334,15081,
6033,-1238,15211,
5947,-1323,15093,
6010,-1253,15114,
5971,-1308,15087,
5962,-1282,15053,
5960,-1254,15119,
5981,-1322,15001,
5996,-1209,15153,
5941,-1342,15025,
6025,-1261,15139,
5936,-1317,15087,
6024,-1271,15110,
5989,-1288,15082,
6003,-1274,15090,
5984,-1251,15148,
5980,-1301,15119,
6011,-1256,15188,
5968,-1305,15096,
6024,-1272,15199,
5968,-1353,15113,
6020,-1231,15134,
5956,-1270,15119,
6021,-1259,15082,
5960,-1259,15069,
5985,-1323,15019,
6000,-1272,15137,
5954,-1280,15028,
6021,-1229,15140,
5943,-1335,15062,
6030,-1243,15165,
5945,-1283,15116,
6028,-1271,15135,
5979,-1300,15145,
5967,-1289,15026,
6021,-1270,15198,
5959,-1325,15020,
6021,-1222,15198,
5942,-1313,15040,
6046,-1249,15141,
5972,-1292,15143,
6002,-1255,15083,
5981,-1278,15170,
5990,-1274,15044,
6019,-1191,15170,
5959,-1303,15026,
6018,-1240,15192,
5939,-1335,15020,
6041,-1234,15122,
5937,-1281,15040,
5976,-1249,15141,
5982,-1253,15108,
5997,-1309,15037,
5989,-1241,15150,
5959,-1295,15051,
5981,-1242,15143,
5935,-1308,15052,
6036,-1250,15115,
5915,-1321,15053,
6057,-1248,15144,
5991,-1271,15184,
5965,-1275,15072,
5954,-1306,15163,
5958,-1298,15098,
6031,-1273,15207,
5955,-1333,15022,
5993,-1214,15162,
5959,-1314,15114,
5989,-1223,15145,
5984,-1260,15120,
5958,-1307,15009,
5994,-1266,15165,
5938,-1293,14985,
6003,-1204,15191,
5957,-1342,15017,
5944,-1197,15114,
5950,-1295,15040,
6013,-1277,15018,
5935,-1251,15170,
5971,-1247,15053,
6000,-1224,15229,
5948,-1309,15110,
5978,-1259,15170,
5964,-1293,15098,
6024,-1262,15193,
5952,-1314,15084,
5983,-1297,15111,
6013,-1275,15095,
5978,-1253,15055,
6030,-1230,15207,
5988,-1307,15070,
6031,-1237,15147,
5951,-1292,15040,
5982,-1256,15148,
5946,-1318,15023,
6032,-1223,15082,
5956,-1313,15095,
5985,-1259,14977,
5977,-1286,15153,
5957,-1308,15050,
5967,-1249,15148,
5972,-1345,15068,
5968,-1238,15147,
5981,-1300,15117,
6011,-1264,15151,
5958,-1292,15178,
5940,-1297,15074,
6041,-1238,15201,
5968,-1276,15074,
6055,-1234,15179,
5954,-1342,15033,
6016,-1233,15179,
5948,-1300,15042,
6038,-1239,15133,
5925,-1304,15107,
6012,-1282,15090,
6015,-1249,15185,
6005,-1288,15081,
5967,-1262,15196,
5953,-1301,15053,
6003,-1234,15186,
5960,-1305,15054,
6013,-1243,15161,
5947,-1283,15113,
6003,-1295,15040,
5934,-1292,15098,
6013,-1249,15036,
6005,-1245,15213,
5943,-1266,14989,
6011,-1261,15184,
5951,-1317,15043,
6027,-1231,15167,
6006,-1299,15126,
6017,-1254,15068,
5946,-1277,15103,
5976,-1313,15067,
5990,-1260,15181,
5965,-1324,15001,
6011,-1255,15145,
5963,-1308,15065,
6006,-1244,15161,
5952,-1316,15063,
5976,-1246,15133,
5943,-1315,15124,
5990,-1275,15112,
5983,-1244,15100,
5951,-1328,15035,
5976,-1243,15172,
5929,-1287,15074,
6008,-1226,15105,
5915,-1268,15076,
5956,-1255,15065,
5981,-1267,15169,
5993,-1271,15108,
6000,-1261,15173,
5983,-1299,15081,
6003,-1281,15237,
5953,-1317,15111,
6050,-1276,15133,
5967,-1296,15149,
6040,-1253,15145,
6003,-1252,15145,
5972,-1288,15058,
5946,-1272,15137,
5943,-1318,14984,
5966,-1242,15137,
5946,-1338,15028,
5991,-1236,15069,
5954,-1303,15083,
5998,-1273,15127,
5943,-1271,15140,
5987,-1287,15055,
5980,-1226,15157,
5978,-1323,15080,
6008,-1253,15206,
5915,-1305,15031,
6031,-1223,15177,
5946,-1345,15088,
6008,-1258,15094,
5977,-1248,15096,
6011,-1284,15059,
5982,-1237,15181,
5978,-1283,15071,
6004,-1259,15104,
5938,-1316,15039,
6001,-1263,15128,
5961,-1338,15031,
5973,-1295,15075,
5952,-1300,15125,
5971,-1232,15081,
6001,-1285,15114,
5915,-1289,15021,
5999,-1232,15171,
5917,-1333,15058,
6002,-1282,15123,
5947,-1310,15073,
5993,-1208,15095,
5910,-1286,15120,
5972,-1235,15098,
5991,-1241,15113,
5989,-1282,15118,
6000,-1254,15182,
5992,-1338,15119,
6064,-1242,15212,
5967,-1319,15140,
6021,-1222,15132,
5995,-1323,15143,
6010,-1313,15042,
5957,-1254,15129,
5962,-1293,15041,
5977,-1272,15138,
5907,-1325,15034,
6013,-1237,15141,
5918,-1307,15023,
5986,-1268,15081,
5935,-1278,15064,
5999,-1314,15033,
5954,-1302,15120,
5972,-1274,15043,
5965,-1270,15188,
5958,-1308,15119,
6027,-1285,15169,
5970,-1293,15100,
5954,-1237,15174,
5979,-1316,15124,
5974,-1280,15102,
5956,-1293,15134,
5983,-1278,15100,
5996,-1258,15182,
5933,-1315,15050,
5958,-1266,15085,
5915,-1309,15070,
5989,-1226,15125,
5942,-1309,15138,
5986,-1261,15131,
5924,-1318,15186,
5990,-1281,15075,
5959,-1262,15190,
5936,-1293,15064,
5971,-1207,15110,
5948,-1331,15083,
5976,-1283,15055,
5941,-1314,15121,
5927,-1246,15011,
5939,-1271,15121,
6054,-1354,15231,
5648,-2463,17092,
6497,-332,13152,
5432,-496,14244,
6399,-1033,15515,
5571,-1171,14742,
6076,-1160,15549,
5962,-1198,15079,
6011,-1094,15240,
6070,-1129,15187,
5936,-1276,14929,
5899,-1274,14898,
6003,-1103,15249,
5880,-1213,14947,
5929,-1139,15101,
5935,-1194,15108,
5942,-1184,14986,
5899,-1194,15073,
6012,-1135,15104,
5962,-1160,15184,
5967,-1224,15121,
5989,-1104,15252,
5924,-1225,15084,
6007,-1181,15150,
5947,-1196,15152,
5994,-1139,15182,
5962,-1203,15179,
6031,-1187,15080,
5987,-1160,15159,
5950,-1211,15139,
5987,-1150,15154,
5962,-1194,15088,
6011,-1187,15201,
5921,-1231,15082,
5993,-1124,15090,
5933,-1227,15039,
5950,-1187,15065,
5914,-1163,15099,
5918,-1200,15042,
5986,-1173,15178,
5939,-1209,15169,
5964,-1135,15210,
5971,-1188,15146,
5994,-1199,15160,
5947,-1209,15180,
6006,-1172,15154,
5989,-1178,15221,
5975,-1175,15107,
5995,-1186,15165,
5924,-1230,15029,
5990,-1163,15113,
5920,-1223,15012,
6002,-1142,15128,
5947,-1198,15097,
5998,-1136,15146,
5966,-1192,15181,
6011,-1174,15159,
5934,-1151,15161,
5956,-1251,15080,
6006,-1141,15146,
5953,-1229,15080,
5979,-1147,15107,
5942,-1220,15081,
5989,-1189,15139,
5955,-1162,15123,
5962,-1220,15070,
5998,-1154,15187,
5923,-1243,15053,
6015,-1126,15172,
5932,-1220,15087,
5983,-1191,15124,
5967,-1194,15148,
5977,-1214,15095,
5971,-1208,15091,
5959,-1178,15075,
5937,-1160,15183,
5928,-1170,15128,
5995,-1158,15151,
5941,-1237,15112,
5987,-1145,15126,
6000,-1234,15184,
5991,-1207,15194,
5999,-1182,15225,
5997,-1173,15106,
5977,-1200,15162,
5975,-1252,15125,
5956,-1144,15141,
5964,-1223,15086,
6038,-1173,15107,
5940,-1231,15063,
5987,-1187,15097,
5912,-1180,15108,
5948,-1187,15064,
5970,-1146,15181,
5960,-1195,15099,
5984,-1177,15123,
5973,-1210,15096,
6009,-1134,15139,
5917,-1192,15084,
5975,-1172,15157,
5969,-1198,15170,
5961,-1216,15069,
5985,-1192,15181,
5981,-1198,15061,
5997,-1176,15218,
5964,-1214,15112,
5982,-1146,15164,
5912,-1190,15107,
6026,-1188,15167,
5916,-1207,15100,
5948,-1227,15101,
5957,-1221,15119,
5966,-1190,15037,
6006,-1096,15191,
5914,-1201,15006,
5980,-1155,15101,
5968,-1190,15123,
5998,-1145,15174,
5965,-1230,15169,
5973,-1177,15122,
6020,-1184,15196,
6006,-1208,15127,
6003,-1160,15188,
5987,-1197,15135,
5993,-1172,15137,
5974,-1221,15079,
5995,-1182,15078,
5931,-1207,15131,
5962,-1187,14990,
6008,-1202,15097,
5971,-1223,15061,
5984,-1141,15070,
5951,-1233,15045,
6004,-1137,15132,
5953,-1204,15088,
6017,-1165,15191,
5966,-1208,15147,
6046,-1195,15116,
5984,-1188,15160,
5998,-1205,15109,
6019,-1164,15171,
5980,-1212,15077,
5987,-1127,15108,
6008,-1253,15095,
5993,-1177,15092,
6003,-1231,15144,
5973,-1179,15114,
5965,-1182,15081,
5964,-1221,15068,
5997,-1153,15175,
5983,-1248,15073,
6016,-1176,15123,
6002,-1205,15115,
6016,-1175,15095,
5992,-1229,15112,
6038,-1151,15099,
5972,-1157,15155,
5972,-1230,15030,
5955,-1178,15138,
5967,-1250,15064,
6017,-1159,15123,
5960,-1246,15046,
6001,-1188,15112,
5951,-1207,15148,
6015,-1168,15117,
6046,-1157,15275,
5881,-1278,14843,
6025,-1083,15204,
5921,-1318,14839,
6025,-1195,15197,
5972,-1209,15049,
6012,-1178,15128,
5946,-1230,15097,
6022,-1153,15118,
6010,-1195,15124,
6015,-1189,15143,
6022,-1168,15208,
5958,-1213,15087,
6069,-1155,15336,
5951,-1265,15061,
6004,-1178,15087,
5937,-1227,15112,
5997,-1178,15062,
5993,-1237,15100,
5975,-1186,15067,
5991,-1148,15157,
5968,-1259,15021,
5984,-1227,15155,
5989,-1242,15070,
6117,-1228,15318,
5901,-1236,15154,
6014,-1109,15044,
5939,-1115,14778,
6049,-1097,15276,
5890,-1193,14969,
6020,-1124,15176,
5954,-1124,15118,
5957,-1165,15147,
5963,-1184,15044,
5941,-1194,15079,
5928,-1186,15001,
5984,-1165,15122,
5988,-1165,15080,
6025,-1135,15192,
5959,-1203,15018,
6005,-1194,15151,
5986,-1205,15153,
6002,-1136,15180,
5974,-1187,15243,
5997,-1165,15116,
6002,-1198,15158,
5977,-1203,15095,
5980,-1195,15104,
5970,-1168,15062,
6025,-1168,15110,
5993,-1224,15035,
6043,-1324,15499,
5964,-1123,14875,
5976,-1059,15020,
5933,-1204,15041,
5962,-1139,15038,
5966,-1274,15140,
5983,-1139,15110,
6024,-1087,15185,
5997,-1261,15088,
6035,-1178,15153,
5983,-1211,15164,
5992,-1153,15161,
6046,-1155,15273,
6106,-1236,15257,
6056,-1248,15323,
5979,-1142,15254,
5886,-1162,14991,
6010,-1172,15201,
6023,-1187,15106,
5927,-1250,15131,
6007,-1122,15080,
5971,-1218,15123,
5960,-1180,15007,
5976,-1170,15089,
5960,-1222,15008,
6014,-1134,15074,
5974,-1169,15062,
6025,-1165,15083,
5952,-1210,15031,
6010,-1135,15144,
5976,-1177,15131,
6006,-1134,15154,
5971,-1187,15221,
5996,-1188,15177,
5971,-1148,15184,
5998,-1180,15133,
6042,-1138,15210,
5960,-1215,15136,
6016,-1167,15177,
5966,-1211,15166,
6023,-1160,15130,
5974,-1200,15124,
6003,-1163,15095,
5983,-1123,15139,
5950,-1179,15092,
5990,-1148,15088,
5912,-1148,14994,
5971,-1169,15061,
5893,-1172,15058,
5988,-1120,15060,
5951,-1182,15089,
5999,-1142,15082,
6026,-1167,15128,
5957,-1200,15108,
6011,-1106,15142,
5992,-1162,15096,
6030,-1120,15130,
5955,-1161,15115,
6016,-1140,15218,
5988,-1158,15141,
6018,-1155,15126,
6007,-1178,15192,
5975,-1190,15103,
5997,-1139,15199,
5960,-1169,15111,
5984,-1117,15161,
5962,-1160,15087,
6009,-1135,15046,
5995,-1142,15242,
5971,-1170,15010,
5946,-1112,15066,
5958,-1212,15004,
5962,-1100,15157,
5907,-1186,14949,
5952,-1108,15086,
6008,-1175,15115,
5995,-1114,15157,
6011,-1121,15216,
6032,-1143,15167,
6041,-1102,15250,
6042,-1213,15216,
6008,-1133,15288,
5991,-1200,15186,
6006,-1127,15209,
5935,-1156,15103,
6017,-1159,15121,
5980,-1163,15095,
5965,-1142,15034,
5978,-1140,15070,
5942,-1180,15012,
5970,-1116,15106,
5919,-1172,15011,
6011,-1130,15085,
5960,-1183,15063,
6008,-1146,15084,
5948,-1154,15053,
5986,-1102,15156,
6002,-1135,15120,
6011,-1112,15151,
6012,-1105,15191,
5984,-1181,15154,
5981,-1115,15207,
5988,-1202,15163,
5958,-1151,15119,
5965,-1191,15188,
5987,-1158,15081,
5959,-1140,15185,
5989,-1152,15112,
5998,-1123,15171,
5982,-1211,15108,
5965,-1092,15121,
5967,-1195,15118,
5965,-1205,15031,
5920,-1100,15160,
5949,-1160,14948,
5959,-1161,15132,
5974,-1158,15058,
5969,-1101,15166,
5949,-1151,15146,
6009,-1124,15219,
5993,-1167,15250,
6047,-1123,15275,
5962,-1149,15241,
6023,-1173,15163,
5967,-1144,15171,
5981,-1200,15103,
5962,-1134,15089,
5966,-1179,15032,
6018,-1128,15091,
5951,-1192,15015,
5971,-1147,15075,
5977,-1162,15107,
5990,-1151,15027,
5931,-1163,15067,
5973,-1130,15055,
5989,-1156,15141,
5993,-1195,15114,
5989,-1125,15148,
5962,-1189,15120,
6030,-1142,15177,
5936,-1172,15206,
5991,-1155,15077,
5946,-1163,15143,
5997,-1153,15069,
5983,-1149,15156,
5955,-1231,15103,
6010,-1180,15165,
6016,-1193,15136,
6018,-1131,15092,
5945,-1196,15168,
5991,-1165,15133,
5976,-1156,15203,
6017,-1181,15104,
5993,-1148,15113,
5943,-1209,15075,
6010,-1180,15099,
5923,-1200,15066,
5984,-1146,15109,
5952,-1176,15143,
5967,-1160,15062,
5976,-1182,15170,
5999,-1178,15111,
5969,-1196,15140,
5963,-1218,15106,
6009,-1173,15184,
5969,-1209,15112,
5975,-1173,15130,
5971,-1215,15149,
5977,-1170,15101,
5999,-1195,15184,
5997,-1179,15147,
5980,-1157,15134,
5968,-1244,15075,
5986,-1152,15178,
5951,-1250,15096,
6018,-1124,15069,
5940,-1202,15072,
5972,-1201,15037,
5908,-1208,15129,
5976,-1212,15076,
6020,-1171,15127,
5953,-1194,15060,
6016,-1178,15133,
5950,-1221,15160,
6025,-1164,15147,
5964,-1237,15124,
5969,-1173,15120,
6013,-1150,15185,
6015,-1201,15101,
5983,-1180,15178,
5953,-1196,15107,
6011,-1150,15188,
5959,-1201,15066,
6044,-1174,15145,
5949,-1239,15082,
5966,-1162,15106,
5949,-1205,15110,
6025,-1187,15058,
5960,-1208,15150,
5932,-1242,15087,
5976,-1137,15179,
5908,-1195,15103,
5979,-1183,15142,
5928,-1183,15103,
5978,-1157,15098,
5878,-1295,14994,
5977,-1154,15066,
5946,-1162,15116,
5939,-1226,15097,
6014,-1162,15220,
5968,-1223,15199,
5991,-1125,15260,
5978,-1212,15285,
6027,-1171,15224,
5996,-1221,15248,
6024,-1185,15169,
5995,-1166,15181,
5976,-1207,15112,
6017,-1229,15128,
5939,-1255,14979,
5979,-1206,15045,
5902,-1200,15011,
5928,-1167,15055,
5934,-1182,15011,
5955,-1179,15012,
5964,-1219,15057,
5917,-1194,15059,
5992,-1161,15140,
5994,-1194,15132,
6018,-1179,15169,
5970,-1203,15204,
6005,-1140,15236,
6017,-1156,15244,
6044,-1116,15204,
6033,-1186,15161,
6006,-1150,15157,
6026,-1152,15236,
5996,-1204,15135,
5980,-1137,15141,
5962,-1241,15135,
5969,-1167,15075,
5921,-1212,15076,
5977,-1189,15034,
5948,-1157,15069,
5927,-1174,15034,
5974,-1134,15097,
5952,-1160,15086,
6003,-1183,15069,
5952,-1199,15077,
6013,-1133,15084,
5975,-1154,15106,
6014,-1142,15076,
5994,-1165,15200,
5947,-1162,15108,
6050,-1143,15187,
5947,-1190,15121,
6015,-1127,15185,
5922,-1191,15047,
6042,-1164,15188,
5929,-1246,15052,
5995,-1091,15125,
5974,-1196,15056,
5954,-1168,15072,
5920,-1172,15042,
5953,-1117,15028,
6001,-1139,15159,
5958,-1182,15105,
6018,-1167,15128,
5971,-1178,15152,
6019,-1116,15143,
6003,-1169,15219,
6008,-1186,15137,
6006,-1144,15282,
5991,-1211,15098,
6022,-1155,15220,
6022,-1184,15144,
6069,-1156,15278,
5883,-1160,15030,
5980,-1146,15089,
5938,-1173,15066,
5979,-1137,15058,
5950,-1161,15060,
5939,-1179,15029,
6020,-1146,15080,
6009,-1182,15101,
6011,-1122,15122,
5946,-1194,15083,
5959,-1127,15048,
5984,-1162,15117,
5982,-1120,15133,
6007,-1105,15188,
5920,-1125,15123,
6022,-1143,15178,
5926,-1211,15100,
5979,-1149,15140,
5978,-1186,15075,
5987,-1137,15111,
5928,-1184,15055,
6010,-1173,15109,
5983,-1121,15152,
5969,-1164,15048,
5933,-1174,15112,
5979,-1128,15111,
6002,-1067,15177,
5939,-1171,15202,
5982,-1109,15188,
5950,-1151,15206,
5986,-1150,15164,
5989,-1128,15250,
6010,-1204,15082,
5982,-1134,15121,
5973,-1182,15057,
6009,-1129,15135,
5940,-1198,15089,
6013,-1161,15105,
5950,-1152,15087,
5998,-1134,15097,
5942,-1100,15162,
6018,-1185,15138,
6026,-1101,15180,
5962,-1156,15052,
6035,-1132,15195,
5983,-1166,15158,
6010,-1140,15157,
5959,-1144,15132,
5983,-1138,15066,
5975,-1141,15118,
5968,-1141,15097,
5993,-1157,15164,
5973,-1204,15067,
5998,-1128,15144,
5923,-1208,15051,
6021,-1128,15082,
5958,-1157,15115,
5968,-1144,15092,
6003,-1144,15187,
5944,-1201,14978,
5946,-1129,15155,
5957,-1200,15073,
5990,-1068,15160,
5893,-1167,15049,
6001,-1110,15175,
5929,-1151,15145,
6053,-1141,15151,
6003,-1119,15218,
5994,-1182,15146,
5993,-1157,15257,
6004,-1211,15168,
6027,-1120,15206,
5969,-1180,15163,
6013,-1153,15126,
5934,-1137,15106,
5981,-1113,15076,
5927,-1183,15064,
5942,-1162,15053,
5939,-1137,15074,
5947,-1193,15009,
5962,-1113,15143,
5969,-1156,15062,
5992,-1089,15181,
5955,-1153,15160,
6035,-1048,15192,
6026,-1161,15241,
5964,-1135,15109,
5961,-1126,15208,
5967,-1160,15130,
5976,-1129,15217,
5943,-1195,15110,
5994,-1134,15123,
5902,-1176,15080,
5973,-1114,15120,
5942,-1168,15133,
5968,-1143,15001,
5988,-1158,15168,
5961,-1143,15065,
5995,-1075,15192,
5943,-1166,15133,
6008,-1094,15190,
5952,-1181,15171,
6024,-1080,15191,
5954,-1147,15182,
6006,-1131,15114,
5972,-1169,15153,
5914,-1202,15101,
5967,-1133,15156,
5957,-1196,15072,
6004,-1108,15121,
5923,-1162,15117,
5988,-1134,15050,
5976,-1145,15124,
6015,-1172,15118,
5967,-1115,15174,
5983,-1147,15107,
6013,-1137,15184,
5942,-1163,15107,
5961,-1130,15212,
5929,-1166,15139,
6035,-1104,15186,
5980,-1168,15168,
5973,-1097,15058,
6009,-1126,15155,
5934,-1169,15030,
5959,-1138,15133,
5939,-1164,15114,
5959,-1143,15120,
5952,-1203,15070,
5980,-1138,15085,
5969,-1154,15129,
5984,-1120,15054,
5989,-1119,15157,
5961,-1166,15073,
