10193,-4617,13105,
9876,-5151,13561,
9348,-5757,13626,
8980,-5947,12920,
8576,-6141,12053,
8174,-6257,11285,
7750,-6320,10584,
7461,-6324,10220,
6894,-6451,9704,
6582,-6466,9655,
6447,-6541,9179,
6233,-6467,9336,
6222,-6388,9105,
6164,-6570,9835,
5768,-5944,8944,
5939,-6266,13947,
6108,-6805,8293,
6431,-6894,12913,
6511,-6325,13774,
5105,-5363,8904,
7176,-5806,14860,
7316,-5491,11677,
7647,-5368,14900,
7478,-5326,14658,
7417,-5036,14025,
7841,-4846,14782,
7807,-5084,13978,
5978,-4904,9910,
7078,-5407,16705,
7545,-5724,16597,
8699,-8871,7536,
7591,-9087,8862,
6737,-9922,16355,
6990,-7370,13630,
7427,-8452,12711,
7542,-7965,13029,
7588,-8014,13695,
7826,-8423,12851,
7864,-8650,12398,
7947,-8367,12128,
8292,-7764,11692,
8217,-8100,10704,
7977,-9301,12770,
7748,-9277,10632,
7585,-9221,11215,
7603,-9175,9692,
7157,-8690,11373,
7329,-9072,9021,
6790,-8178,9831,
6454,-9753,10911,
6568,-6754,12682,
6503,-9162,6765,
6175,-6207,8544,
6997,-6769,8240,
5931,-6334,10571,
5985,-6567,11061,
5649,-6100,9856,
5718,-6144,10386,
5639,-6305,11156,
5847,-6202,11014,
5692,-5900,13105,
5735,-6062,12215,
5948,-6134,11948,
6649,-4337,10513,
9305,-2227,29529,
8759,-7345,-349,
6543,-9136,-70,
8773,-3722,20023,
6420,-6168,18228,
7611,-5514,12734,
7277,-8603,12783,
7397,-6147,12532,
6198,-2004,16487,
6448,-11943,15020,
7485,-3574,17020,
6600,-8705,15467,
6647,-5091,18542,
7129,-2868,18383,
7261,-5720,19450,
6902,-7179,15186,
7131,-7097,14638,
6410,-6700,17463,
5966,-9897,19759,
5751,-9521,19930,
5834,-9003,20123,
5885,-10192,18226,
6018,-9261,20456,
5985,-7136,20382,
5661,-6999,21255,
5170,-7178,20732,
4719,-6999,24366,
4416,-6708,23103,
4385,-5550,24101,
3483,-5112,24637,
3971,-6194,24622,
3832,-5996,25562,
3287,-5667,25378,
3525,-6554,24584,
3293,-5980,25023,
3445,-6594,25097,
3519,-6564,24899,
3567,-6797,24956,
3645,-6824,24455,
3752,-7297,24264,
3875,-7015,22852,
3795,-7179,23574,
4064,-7600,22734,
4003,-7526,21751,
4136,-7888,22848,
3804,-6773,22173,
4016,-6748,21094,
2604,-7860,25180,
3088,-6081,21866,
3631,-9514,17130,
3507,-7700,19254,
3690,-6284,21536,
4069,-5838,24059,
4587,-7298,20859,
5403,-9261,19138,
5935,-9961,18937,
6090,-10421,19601,
6504,-10908,19783,
6797,-12226,20341,
6961,-11788,18572,
7265,-12221,18696,
7648,-12234,16630,
7421,-11835,17752,
6897,-11866,17236,
7103,-10964,17410,
6193,-10499,16852,
5313,-10034,17840,
5116,-9724,17945,
4581,-8722,17405,
4464,-9131,18196,
4296,-8816,17162,
3959,-9177,16453,
1566,-7821,18208,
2909,-13639,17537,
4154,-7459,19101,
4115,-14902,14034,
4778,-9711,13208,
4321,-13555,17198,
4721,-12242,18550,
5261,-12677,13513,
5708,-12925,15357,
5689,-13936,15327,
6268,-14428,21390,
6706,-11485,7822,
6779,-13566,23173,
6345,-14166,14048,
6872,-13761,14929,
6540,-13512,15342,
7055,-14513,15959,
7360,-13227,16752,
7161,-13522,16478,
6998,-14018,16776,
7035,-14084,17212,
6989,-13533,17697,
6788,-13484,17609,
6723,-13725,17390,
6579,-13803,17784,
6370,-13686,18163,
6403,-13312,18095,
6126,-13715,15891,
6316,-13408,16388,
6107,-13676,16472,
6063,-13773,15353,
5857,-13687,15026,
5935,-13824,14911,
6190,-13281,14248,
6172,-14199,13920,
6419,-13379,13660,
6458,-13899,11825,
6539,-14294,13068,
6745,-14010,12098,
6741,-14166,12175,
7190,-14064,12317,
7275,-14250,11521,
7354,-14404,10314,
7818,-14455,11205,
8110,-13183,11189,
8268,-14457,11526,
8487,-14536,11345,
8767,-14353,11143,
9630,-13790,11914,
10019,-13423,11558,
10020,-13904,12077,
10982,-12582,11785,
11224,-12092,11914,
11394,-11872,12222,
11666,-11786,12633,
11931,-11562,12290,
12266,-11916,12031,
12664,-11376,12118,
13430,-10370,9175,
13716,-9927,12455,
13936,-9169,9915,
14006,-8152,8336,
13752,-6540,11558,
13553,-5513,10556,
13675,-4079,9202,
13402,-3310,9687,
13257,-2540,10599,
13305,-1605,9904,
13302,-722,8456,
13268,-586,9138,
13299,-506,9087,
13247,-915,8495,
13425,-454,8213,
13410,-586,8555,
13405,-570,8613,
13645,-525,8407,
13582,-797,8949,
13519,-476,8727,
13542,-1179,8898,
13271,-1718,8954,
13362,-2110,9252,
13119,-2153,8751,
12871,-2562,8856,
12507,-3408,9295,
12464,-3418,8981,
12255,-3446,9601,
12201,-4324,8511,
12330,-5291,9836,
12344,-5097,4613,
12176,-5723,8938,
12192,-4048,8066,
12640,-4009,7877,
12620,-6820,8893,
11529,-5188,6682,
11317,-4995,9061,
11028,-4852,8889,
10917,-4544,8902,
10733,-3975,9045,
10655,-3780,8696,
10745,-3925,9388,
11367,-3647,9792,
12075,-3403,9707,
12730,-3156,10174,
13159,-3270,10000,
13025,-4338,10249,
12670,-4790,10115,
12964,-4698,11741,
13121,-4768,11352,
12728,-5190,11786,
12586,-5680,11231,
12217,-6206,9937,
11788,-6198,9459,
11225,-6455,8828,
10891,-6331,8305,
10297,-6830,7823,
9757,-6576,7478,
9064,-7542,8013,
8895,-7314,8317,
8697,-6645,7942,
10462,-8389,15200,
7354,-6139,10799,
7939,-6201,8651,
8153,-6758,10130,
7686,-4979,14563,
7678,-5678,14390,
7938,-6472,12734,
7593,-6983,14296,
7607,-7060,13089,
7878,-7416,14582,
7827,-7657,14407,
7609,-8773,15275,
7627,-7685,12414,
6712,-10361,17690,
6751,-8372,13227,
7194,-9609,16141,
6467,-9379,15201,
6788,-10368,14176,
6347,-10074,12221,
6400,-10768,13809,
6198,-10396,13625,
6318,-9377,15175,
6534,-7911,16808,
6195,-12077,11126,
6933,-10090,8740,
7891,-7629,8958,
5545,-15269,9218,
7663,-8265,8687,
6424,-10334,14170,
6602,-9861,12367,
6833,-8591,10740,
6882,-9104,10064,
6715,-9111,10670,
6556,-8453,10343,
6378,-8464,10535,
6294,-8060,9848,
6294,-7894,10220,
6175,-7381,10456,
6003,-7289,10325,
5934,-7168,9968,
5929,-7152,9227,
5911,-6987,9609,
5840,-6760,9710,
5756,-6818,9802,
5801,-6798,8718,
6083,-6989,8697,
5590,-6733,9530,
6240,-6366,9593,
6425,-6418,10433,
5520,-8669,12865,
6258,-7275,8346,
6879,-6012,9927,
6785,-8164,8571,
7432,-6675,9543,
7437,-7140,8586,
7733,-6618,9312,
7958,-6805,9496,
12238,1420,13573,
7446,-4636,-5247,
8692,-2090,7027,
4762,-16601,9434,
6187,-13506,244,
10023,-4578,4322,
7694,-9922,12269,
9107,-8611,14301,
10202,-4144,6814,
9752,-9275,12749,
9916,-8261,17156,
8954,-10020,17568,
8481,-10447,11951,
9702,-11775,9761,
9124,-10354,16466,
8881,-4179,13759,
8610,-10487,10902,
8426,-6043,16221,
8704,-4759,14855,
8919,-5408,14750,
9520,-4332,14711,
9401,-4767,15039,
9353,-5105,15682,
9426,-4639,15905,
9396,-4244,17195,
9057,-5102,17692,
9383,-4940,19295,
8996,-5599,19461,
8883,-5509,19232,
8766,-5765,19902,
8550,-5663,20524,
8512,-5467,20962,
8561,-5137,20885,
8518,-4714,21234,
8359,-4462,21870,
8529,-4233,21940,
8548,-3964,21949,
8669,-3647,21993,
8882,-2440,21992,
8762,-1844,22864,
8289,-3267,21892,
8112,-3961,22034,
7936,-2595,21057,
7213,-3319,22537,
6969,-3461,24490,
6584,-3666,24430,
6602,-5366,26666,
6650,-6477,26080,
6727,-6739,25632,
4727,-9234,28588,
7341,-6677,19879,
6961,-8945,22292,
6661,-7842,23363,
6927,-6193,24331,
6819,-6359,21191,
7695,-6278,17641,
6983,-7754,20232,
6140,-7099,23019,
5679,-6478,21184,
5318,-7229,19555,
4863,-8966,18181,
4487,-9368,18013,
3986,-9841,19546,
4193,-9551,17535,
4542,-10054,17770,
4727,-10075,17862,
5045,-11247,17425,
4776,-11839,17231,
5441,-10166,17501,
5525,-11113,15685,
5791,-11792,15243,
5826,-12559,15611,
6796,-12610,13426,
7037,-12309,14854,
7064,-13254,12630,
7569,-12808,13857,
7948,-13106,13936,
8017,-14153,13570,
8155,-13856,12394,
9371,-15182,14298,
8793,-16239,15112,
8440,-11813,14503,
7320,-14582,19402,
8257,-12291,8322,
7722,-11866,19937,
7067,-11580,19457,
6595,-10261,17213,
5975,-12387,17404,
5896,-10813,18034,
5924,-12024,20391,
5766,-12127,19822,
5406,-13241,20003,
5242,-13753,19235,
5312,-13841,18821,
5244,-14335,19224,
5411,-14539,17977,
5565,-14652,16644,
5690,-14649,17176,
5631,-14956,16784,
5608,-14969,16545,
5922,-14675,16188,
6107,-14434,15557,
6290,-14287,15394,
6291,-14419,15072,
6563,-14452,15454,
6623,-14736,15246,
6789,-15105,14772,
6947,-15500,15249,
7118,-15356,14694,
7311,-15224,14551,
7680,-15268,14545,
8160,-14991,14252,
8171,-15072,14020,
8510,-14918,14288,
8718,-14651,14088,
8766,-14720,14255,
8855,-14422,14467,
9166,-14754,14407,
9346,-14440,13577,
9493,-14270,13818,
9976,-14018,14095,
9917,-13813,13853,
10410,-13709,14375,
10818,-12386,13574,
11568,-11498,14202,
11768,-10662,13926,
12085,-10539,13389,
12414,-9606,14130,
12694,-9509,13573,
12884,-8916,13199,
12895,-8811,13605,
12875,-8780,13211,
12799,-8856,12766,
12884,-8729,12644,
12779,-8597,12215,
12685,-8081,11905,
12565,-7783,13477,
12727,-7174,12231,
12468,-7053,11944,
12557,-6579,12261,
12576,-5855,11555,
13129,-3905,10968,
12776,-4347,10317,
12923,-3393,10744,
13084,-2938,9505,
13329,-2533,9421,
13843,-1254,8591,
13709,-117,5558,
14057,-596,8146,
14385,-982,5535,
14093,410,4110,
14230,409,3831,
13956,-91,4600,
13651,-489,4670,
13213,-751,4392,
12877,-868,4638,
12118,-1794,5962,
11885,-2055,6622,
11398,-2205,6120,
10975,-1739,6583,
10598,-2195,6205,
10641,-964,6617,
9507,-1720,8440,
9918,-2255,7691,
10096,-1194,6918,
10808,-1104,9538,
11041,-1251,9489,
11601,-1220,9645,
11825,-1619,9600,
12025,-1934,10057,
12162,-2744,11094,
12102,-3113,10930,
11798,-3894,10998,
11291,-4748,10783,
10799,-5629,9227,
9947,-6672,9474,
9003,-7627,9112,
8535,-8073,8848,
7980,-8121,8420,
7659,-8051,8235,
7438,-8046,8691,
7233,-7899,8985,
7220,-7824,9411,
7105,-7870,10485,
6902,-7758,11997,
7142,-7314,12386,
7380,-7066,12310,
7581,-6945,12316,
7680,-6884,12808,
7728,-7054,13676,
7782,-6930,14530,
7375,-7433,15437,
12217,-8110,13031,
7721,-6853,21792,
7615,-6646,10288,
7139,-8032,18056,
6929,-6618,17008,
7009,-7117,14442,
6909,-6796,14924,
6780,-6887,15332,
6723,-7175,14946,
6658,-7248,14783,
6021,-5993,15813,
7700,-9130,15286,
7253,-4984,17462,
6490,-11226,15599,
7783,-7186,4475,
7294,-10093,20321,
6808,-7876,12824,
7759,-8005,12841,
6858,-10476,600,
7219,-12645,17069,
6832,-6366,12109,
6874,-8013,10761,
7216,-5548,12348,
6933,-6401,10452,
6745,-7221,11593,
6505,-7920,10078,
6397,-7170,11340,
3672,-9899,11351,
6152,-5979,14286,
5910,-6980,11422,
5356,-7637,11115,
4975,-7160,14508,
5297,-6356,10368,
5386,-5703,11858,
5398,-5379,10445,
5326,-5633,11098,
5464,-5443,10783,
5607,-5497,10125,
5442,-6299,9371,
5820,-6064,10147,
5776,-6259,10082,
6112,-6217,10430,
5665,-7405,8624,
6140,-8154,9163,
6348,-7885,9063,
6089,-8287,10012,
6246,-8237,10639,
6194,-8605,9883,
6435,-8171,10928,
6123,-7924,12417,
6327,-6972,12731,
6126,-6229,14287,
6100,-5820,13648,
6212,-5236,14603,
6053,-5056,15994,
6056,-4805,16171,
6201,-4485,16014,
6253,-4518,16537,
6061,-4627,16951,
6113,-5121,17286,
6049,-5561,17075,
6071,-6008,17227,
-10442,32385,-32764,
-13441,-32764,32764,
11827,-676,31532,
7777,-32246,32764,
11463,11654,-30470,
5032,-32764,32764,
1175,32764,32764,
21668,-15671,-32764,
9725,-3089,-6205,
6792,-13015,-12776,
10807,-3773,5030,
6736,-13626,24315,
8299,9671,25717,
11268,-2622,8663,
7388,-9847,22721,
9264,-4859,12715,
10093,-7098,20939,
9790,-2235,16410,
10715,-7213,14063,
10002,-6221,20762,
9724,-8006,17190,
10416,-8073,18883,
8491,-8260,23679,
8286,-9916,24489,
8308,-8132,25848,
6996,-9996,23479,
6981,-8338,23615,
6784,-8134,24964,
6764,-7399,25109,
6062,-7215,24348,
5973,-7360,25038,
6298,-7224,25347,
6919,-7318,25371,
7340,-7402,25517,
7531,-7835,25269,
7964,-8128,25038,
8469,-7924,24533,
8361,-8664,23509,
8238,-8557,23728,
8884,-8285,19126,
8107,-4862,17672,
6821,-10339,29710,
5020,-5186,19342,
4222,-5347,23970,
4898,-3694,22400,
5102,-4133,16612,
3197,-6444,26720,
2856,-6038,25655,
2892,-7297,17547,
2469,-8701,19754,
1992,-8457,19821,
1781,-9537,18743,
2570,-9999,14267,
2918,-10616,16351,
3255,-11059,14193,
3527,-11885,14923,
3997,-11633,14567,
4092,-12010,14506,
4481,-12209,14387,
4668,-12126,14446,
4808,-11643,14316,
4901,-13194,14300,
5587,-11925,10737,
5850,-12344,17634,
5851,-11588,13324,
5845,-12885,10567,
6802,-11218,11842,
6856,-12224,11865,
5434,-10264,17572,
6106,-10849,16180,
7010,-11360,17415,
6900,-15718,18023,
7085,-12665,17853,
6801,-13275,17414,
6718,-12754,19073,
6613,-14700,17161,
6698,-12954,15765,
6102,-13417,19152,
6201,-13253,18225,
6200,-12834,18810,
6105,-13192,18655,
5944,-12964,18486,
5814,-13269,18462,
5888,-13037,18516,
6060,-13012,17950,
6183,-13345,17151,
6183,-12973,16612,
6139,-12873,16102,
5901,-13102,15073,
6566,-13196,13958,
6895,-14090,16495,
7026,-13916,14708,
7142,-14084,14939,
7385,-14467,14949,
7673,-14098,14747,
8049,-13939,15957,
8396,-13366,15602,
8636,-13481,15782,
9163,-13035,16158,
9615,-12760,15747,
10059,-12026,16252,
10417,-12473,15341,
10770,-12069,15442,
10954,-11889,15923,
11321,-11662,16377,
11502,-11261,15887,
11580,-11351,15182,
11704,-11469,16511,
11647,-12011,15947,
11515,-12155,14763,
11882,-12292,14562,
12039,-11916,13537,
12455,-11483,14033,
13286,-10625,12803,
12683,-9772,12899,
13112,-10840,12458,
13249,-9189,12659,
13289,-8969,12462,
13472,-8586,10875,
13360,-7196,11067,
13627,-6926,9798,
13550,-6544,10005,
13394,-6647,10131,
13329,-6260,9982,
13196,-6413,9651,
13011,-6682,9251,
13044,-6458,8584,
13004,-6363,9244,
13003,-6382,8308,
13024,-6129,7826,
13021,-5932,7584,
12997,-5610,7757,
13067,-5272,7378,
13206,-4959,6856,
13170,-4667,6236,
13095,-4459,6616,
13181,-3820,7020,
13318,-3682,7048,
12998,-3725,7095,
13085,-3428,6216,
13063,-3358,6105,
13078,-3083,6062,
13119,-2864,6279,
13039,-2644,6022,
12890,-2724,6230,
12761,-2751,5997,
12724,-3011,6669,
12327,-2811,5799,
11630,-3048,7085,
11236,-4253,7693,
10858,-3931,7453,
10914,-4172,7886,
10141,-4156,6602,
10192,-3479,9861,
10663,-2075,9531,
10708,-2927,10786,
10805,-2446,10684,
11306,-2510,12403,
12301,-1596,11926,
12353,-1218,12452,
12582,-1842,12830,
10559,-5532,9789,
9850,-5757,9738,
9049,-6368,10113,
8439,-6566,9700,
7441,-6795,11067,
6778,-6520,11789,
6181,-6329,12435,
5941,-6133,14606,
5789,-6524,16778,
6174,-5782,16636,
5781,-6667,16422,
5949,-6048,15849,
5121,-7627,17026,
4917,-7599,16945,
4156,-8207,15523,
3855,-8019,17399,
3810,-8161,15916,
3757,-8026,14831,
3849,-7522,14070,
3821,-7476,13292,
3814,-7127,12777,
3773,-6668,11858,
3746,-6287,11014,
3861,-5838,11416,
3629,-5092,10708,
3536,-5139,10948,
3335,-5103,11070,
3526,-4694,10253,
3597,-4915,10869,
3605,-5450,10583,
3960,-4548,10541,
4084,-5579,11574,
5114,-4138,9372,
5083,-5296,7938,
5390,-5874,9513,
5551,-5858,10655,
5508,-7015,11208,
5400,-8087,11945,
5538,-8787,11595,
5469,-8168,12548,
5701,-7816,13875,
5785,-7077,13769,
6068,-6680,13897,
6143,-6158,14638,
6102,-5942,14486,
6045,-6266,15338,
6096,-6630,15932,
6171,-7116,17368,
6072,-7125,19199,
6518,-6209,19233,
6427,-4970,20395,
6944,-4208,20530,
6663,-1634,22639,
6086,-2939,23702,
5926,-2975,25532,
5289,-2805,24405,
4737,-2533,24560,
6130,-1666,22755,
5010,-475,25773,
5803,-4079,22816,
4895,-4349,26444,
3714,-3754,23936,
2985,-3140,25926,
2454,-4597,26126,
1272,-5476,25453,
1427,-3718,21540,
909,-4123,22195,
694,-5208,21130,
1036,-6532,20328,
1477,-8418,19340,
1740,-11085,18584,
2051,-11121,18320,
2597,-13567,14258,
3333,-14990,14281,
3416,-15078,15024,
5574,-10763,32764,
4592,-16220,15710,
4601,-15030,15184,
4174,-15194,15864,
4462,-13210,15190,
4417,-10999,16643,
4863,-11054,15177,
4657,-11651,14459,
4769,-12365,14902,
4555,-13734,15013,
4370,-14620,15385,
4493,-14760,17226,
5529,-13284,14462,
5393,-13214,17502,
6455,-11695,16150,
6869,-11143,16842,
10658,-12740,17814,
7828,-20618,16704,
10262,-12880,15683,
9258,-15165,11500,
8652,-14837,13724,
6987,-17289,17665,
12360,-9847,13044,
8953,-16247,13264,
10486,-13802,8204,
11306,-13014,11219,
11109,-9734,9428,
11157,-8116,8375,
11206,-6940,9104,
11219,-6689,9606,
11528,-7045,9372,
11426,-5909,8558,
12105,-4713,7779,
12099,-3160,9173,
13074,-2123,6522,
13238,-675,8641,
13160,-1165,8722,
12799,-2106,8218,
12509,-3222,7219,
12243,-3768,6983,
11961,-3934,8292,
11834,-3195,9177,
11648,-2887,7787,
11987,-2575,7748,
12966,-2167,7448,
13802,-2938,7926,
13926,-3961,8673,
13754,-5514,8569,
12848,-7007,8498,
12045,-7855,7200,
11299,-8055,7612,
10168,-8249,7647,
9794,-7624,7604,
9212,-6751,9300,
8955,-9340,8536,
9196,-7671,10963,
9671,-6381,15209,
8610,-7517,12981,
9584,-5873,14476,
9170,-9105,14882,
10362,-5816,16066,
10989,-4021,17070,
18613,28569,32764,
6751,-28612,-16718,
9853,-11787,9505,
11353,-4619,3182,
9267,-6409,12850,
9295,-5647,12398,
8647,-5241,12137,
8292,-3788,12805,
8560,-3758,15843,
7853,1610,13341,
7824,-1853,12144,
7937,-2611,11886,
8052,-2668,10155,
7958,-2676,9398,
7741,-3234,9866,
7954,-3720,10736,
7577,-4107,10287,
7841,-5253,11800,
7147,-5756,15921,
7384,-4569,23474,
8415,-8562,5811,
8231,-6587,8533,
7795,-5717,12237,
7561,-5133,9428,
7711,-7157,13822,
8054,-4095,12900,
2587,-13546,13881,
8112,-5935,7523,
7842,-5083,15920,
8267,-5622,14091,
8732,119,20470,
8092,-5239,11437,
7961,-3089,15719,
8341,-3219,18012,
8893,-4206,19111,
7975,-2315,18424,
8636,-3555,17667,
8727,-3457,21089,
8603,-4143,19917,
8996,-3602,20186,
8809,-3192,21773,
8574,-3324,19975,
8222,-4964,20424,
8238,-5556,19244,
8916,-6842,20853,
8832,-6940,19764,
8926,-9082,19159,
7872,-8250,20695,
6616,-8917,20419,
6599,-5391,18503,
6577,-7398,18067,
5674,-5383,17988,
3744,-5185,19873,
4059,-5541,18785,
4762,-6764,17300,
5902,-7634,15118,
7144,-8059,13988,
7498,-8462,9809,
7694,-9333,14282,
8001,-8558,12717,
8242,-9674,13439,
8317,-9385,13795,
8104,-9155,15026,
7923,-8878,16525,
7779,-7236,18432,
7162,-9078,17265,
6751,-6868,19931,
6683,-6518,18666,
6240,-6469,18875,
5964,-6828,18356,
5832,-5956,17414,
5498,-7227,17679,
6437,-6374,16446,
6694,-6615,16942,
7163,-6842,16457,
7454,-7329,16357,
7770,-7219,16612,
8023,-7013,16488,
8218,-7332,17070,
8375,-7398,17433,
9076,-6609,17436,
9680,-5497,17820,
9828,-4959,18399,
9960,-4495,17091,
10316,-4459,17677,
10258,-4612,16541,
10722,-4666,16894,
9617,-3165,14642,
11133,-4882,14582,
11153,-3990,14927,
14068,-4165,14750,
11872,-3418,14554,
12253,-3986,12804,
12057,-4198,13010,
12430,-4444,11619,
12166,-4093,12047,
11393,-2981,12011,
11010,-3644,12678,
10762,-4219,12363,
10890,-1057,11789,
10897,-468,10635,
10524,-582,11392,
10163,-1277,9673,
9609,-3648,10578,
9150,-3115,9543,
9040,-2889,8290,
10317,-2676,9179,
11061,-1599,8864,
11586,-2247,9113,
11362,-2721,8850,
10455,-4236,8662,
9269,-6260,7503,
10502,-5016,7299,
7573,-7955,7416,
6017,-6616,8132,
6010,-5555,9604,
6475,-5300,12465,
6446,-4737,10400,
6791,-4876,9898,
7307,-5346,12709,
7455,-4796,22073,
7711,-7380,13792,
7348,-7732,12254,
7131,-6793,13820,
7241,-5321,13088,
7288,-3933,15611,
7674,-2427,14573,
7754,-3302,14545,
7863,-3903,13983,
7882,-3182,13167,
7970,-3034,13279,
7844,-4563,9257,
7349,-4214,8576,
7208,-4560,11533,
6967,-4452,9096,
6769,-4214,9052,
6776,-3763,8696,
6521,-2083,7801,
6814,-3613,9282,
6693,-4860,9867,
7248,-5499,7426,
7157,-6528,8117,
7401,-7479,10660,
7556,-7795,8613,
7631,-8268,9243,
7801,-8755,9691,
7921,-9088,12764,
8372,-9613,10730,
8308,-9554,11095,
8390,-10304,11934,
8265,-10652,12150,
8184,-9893,13689,
8357,-8729,16068,
8251,-8256,18492,
8463,-6743,18966,
9115,-4435,19596,
9612,-3737,21329,
9866,-2554,20588,
10083,-3014,21448,
7516,154,26752,
9688,270,25287,
8319,-4437,20742,
8407,-2244,25623,
7234,-1706,24161,
8248,-2481,26106,
9218,-3480,21066,
10059,-4224,22476,
10767,-6553,20776,
10402,-7901,20101,
9481,-7663,20940,
8131,-6689,19694,
6412,-5004,18817,
5415,-4016,19570,
3509,-3472,16190,
3360,-5647,18599,
4515,-6385,16594,
5997,-9285,13359,
5883,-9758,19930,
6837,-11263,14492,
7757,-10210,15465,
7501,-12642,10311,
7299,-13893,13390,
7028,-14242,14830,
6733,-14216,13599,
5960,-12898,19026,
5335,-13189,20145,
4911,-11532,19129,
4013,-11047,18618,
3494,-11923,18919,
4322,-3749,23158,
3153,-12445,16645,
4398,-7599,16132,
1613,-13837,13214,
3581,-9734,15789,
5931,-5358,17680,
4917,-9454,15786,
5309,-9201,18565,
5946,-9761,18495,
6400,-9919,19161,
7281,-10542,18709,
7948,-10497,18391,
8338,-10707,18786,
9001,-10561,18667,
9928,-9598,17312,
11280,-9025,19703,
10181,-9143,21069,
11906,-6552,16965,
10360,-5941,17842,
11704,-8142,17270,
10513,-6989,17806,
11443,-9656,16246,
11357,-6793,16078,
10969,-8251,16816,
12158,-7635,16222,
12012,-7481,13775,
12001,-7286,12601,
11464,-8848,16106,
10874,-5952,14994,
11231,-4401,9675,
10772,-3258,11559,
10102,-2577,11816,
9454,-2380,12192,
9522,-2741,12241,
8896,-2012,12030,
8170,-2097,12460,
7641,-112,13049,
7841,-639,13338,
8762,1328,14618,
9246,3597,12822,
9202,2652,13274,
8807,1000,13196,
8352,158,10838,
6920,-1952,9593,
5958,-3682,9030,
4238,-4230,10311,
3481,-3449,11453,
1751,-3564,15318,
394,-3273,19514,
-368,-3987,22879,
-430,-4405,26044,
-686,-8565,23768,
-1410,-9177,26777,
-2004,-12602,24306,
-3356,-18969,19579,
-4324,-18714,20201,
-4938,-17721,21293,
-5120,-13917,22374,
-4956,-12583,25068,
-4427,-10695,23471,
-4132,-10029,22176,
-4040,-10378,20881,
-4294,-10250,18387,
-4547,-9573,16876,
-5284,-10194,16389,
-5882,-10953,16990,
-6426,-10921,17783,
-5907,-9545,15641,
-4566,-4269,12441,
-4536,-2140,10516,
-3948,923,11479,
-3478,2124,11155,
-3903,3014,12550,
-4372,2653,12886,
-5242,2738,18744,
-4676,1652,11384,
-8545,-2358,4788,
-4626,1921,12073,
-4444,1607,7628,
-3755,1733,6780,
-3806,2245,3472,
-3636,1528,2093,
-3563,538,-416,
-3715,-148,-964,
-3689,-336,-2664,
-3998,-550,-2005,
-4722,-501,-573,
-5983,809,1595,
-7263,1685,3210,
-9043,2066,6971,
-9944,1397,7458,
-11750,-1819,7949,
-12500,-3545,5050,
-12892,-4264,5086,
-12620,-4754,5472,
-12260,-3079,4225,
-12229,-2875,5313,
-15740,1445,7048,
-20160,-14713,2966,
-13682,-11319,17272,
-17627,-12914,11194,
-15322,-4283,15471,
-15199,-123,19647,
-14569,-2809,14850,
-14193,-2854,13119,
-13990,-2369,13815,
-13818,-5335,9829,
-14232,-6140,9937,
-14147,-6501,10313,
-14045,-8226,9249,
-14197,-9968,8808,
-13859,-10549,7798,
-12535,-9945,5536,
-15169,-11381,-3507,
-14251,-8062,7544,
-12867,-2742,4428,
-13858,-5297,8070,
-14511,-3635,10206,
-13650,-3440,6873,
-14369,-5170,3867,
-14651,-7052,7217,
-14525,-9265,6737,
-14676,-9170,3959,
-15312,-11017,5754,
-15808,-12029,6093,
-15300,-12335,5160,
-14872,-7691,8554,
-13827,-8172,8002,
-13678,-9692,4703,
-12828,-8607,6239,
-11632,-10158,3861,
-10647,-11449,517,
-12662,-14751,3669,
-9486,-7008,-1244,
-9098,-7275,257,
-8859,-5478,-100,
-8327,-4548,-957,
-8057,-5685,184,
-9406,-9072,3320,
-10596,-9073,6230,
-11453,-8305,7867,
-11307,-7210,8039,
-11524,-6575,8878,
-11152,-7214,7490,
-10627,-8208,5081,
-11473,-12017,4574,
-11848,-15271,3493,
-12526,-15512,4843,
-13795,-15092,9289,
-15083,-14339,10930,
-14450,-12201,13479,
-13992,-12284,13446,
-12832,-10268,8794,
-12106,-9667,5946,
-9744,-11038,5735,
-9829,-9993,3805,
-9532,-8345,2523,
-8338,-13791,-4261,
-11472,-17812,2120,
-10140,-14206,628,
-10413,-12005,3858,
-9541,-9998,3250,
-9039,-11122,-3077,
-6831,-3686,-5170,
-8000,-5352,3900,
-9015,-6744,2461,
-10178,-9472,6709,
-11082,-12106,7368,
-10753,-13454,6231,
-10517,-14037,8126,
-8711,-11234,7388,
-4397,-5896,-1083,
-6503,-8392,4606,
-7739,-10653,8154,
-7130,-9455,4228,
-6554,-12029,5491,
-6208,-12518,9237,
-5184,-11435,4915,
-4274,-12189,5376,
-2686,-8536,4504,
-755,-6225,3039,
379,-5100,2411,
1762,-7417,3731,
3669,-9277,7703,
2159,-9054,18742,
3436,-12073,7425,
3275,-12798,10466,
4437,-11454,11637,
4570,-11946,11241,
5246,-12480,9775,
5294,-11950,8754,
4628,-14027,10513,
2573,-12578,9286,
1658,-13299,19046,
2245,-14763,15428,
751,-5438,23237,
1946,-6783,20452,
2699,-9931,6759,
2101,-13104,10789,
2127,-14602,8998,
2112,-12696,11766,
1638,-13298,7634,
2598,-7697,14018,
3363,-9214,10605,
3871,-10808,7220,
2730,-14308,11544,
2720,-11322,13734,
2511,-11715,14421,
3081,-8433,15246,
4213,-10112,15413,
4490,-8155,10740,
4065,-8627,13499,
3903,-8547,17493,
3182,-6348,20752,
2848,-9517,19761,
2989,-10790,21380,
3885,-10709,16880,
4510,-12622,13459,
4079,-13946,11656,
3293,-13825,13794,
3271,-11174,17745,
3011,-10189,16610,
2937,-10059,17378,
2970,-10238,16963,
3195,-10847,17176,
3275,-11228,17730,
3133,-10987,18846,
3009,-10065,19917,
2881,-10065,20160,
3139,-7675,23270,
2563,-6516,26236,
2120,-6042,27303,
1163,-5653,27895,
782,-5110,28604,
547,-4445,25536,
489,-6311,28924,
1563,-6671,24888,
1810,-6893,24682,
2131,-9740,25220,
1607,-10393,26853,
1362,-11016,25292,
191,-10876,24086,
-493,-10740,22272,
-1635,-10100,24683,
-2041,-9228,24811,
-2045,-9718,22499,
-1274,-10744,22923,
-463,-9958,19423,
506,-11755,16733,
748,-11696,21254,
2035,-13988,18784,
2310,-14873,16372,
2941,-15562,16733,
3388,-17770,13977,
4222,-18483,16228,
5202,-16494,15149,
5856,-14763,16805,
6207,-13128,17490,
6296,-11631,18881,
6583,-10523,19599,
6728,-9408,20932,
6948,-8910,21258,
7090,-8132,21890,
7492,-7191,20711,
7566,-7353,20632,
7942,-6956,20683,
8153,-6811,19371,
8586,-6183,19392,
8847,-7816,17489,
9667,-8791,16205,
9801,-7274,16436,
10020,-8516,14379,
10086,-7418,15369,
10422,-7282,16254,
9821,-5239,18579,
9621,-4894,19077,
9384,-5154,17078,
9505,-5068,15457,
9144,-6039,14067,
8831,-6529,14221,
8956,-5460,13104,
9519,-6573,10418,
9367,-6222,10871,
8992,-5592,8919,
9109,-6308,8208,
8641,-6584,8343,
8525,-6934,6799,
8403,-7168,6451,
8457,-6547,6080,
8531,-6041,7798,
8616,-5427,7870,
8513,-4591,8700,
8224,-4687,9020,
8125,-3520,10549,
7533,-2904,10656,
7694,-3025,10858,
7689,-3044,10214,
8261,-2883,10948,
9506,-2047,10479,
9814,-2217,11226,
9628,-2494,11971,
9124,-2096,11151,
8348,-2797,11850,
7881,-3140,10448,
7384,-2945,9055,
7354,-2694,8525,
7555,-2568,8185,
8000,-2564,7427,
8533,-3220,7428,
9058,-3823,7303,
9270,-3236,9282,
9135,-4769,9740,
9459,-5249,10376,
9348,-5979,10579,
9490,-6164,11480,
9365,-7208,11986,
9134,-7762,12628,
9439,-8129,12970,
9777,-6797,12414,
9994,-6941,13328,
10077,-6397,13231,
9799,-6022,14420,
9474,-6123,14590,
9011,-6103,13687,
8655,-5670,15075,
8151,-6079,14626,
7821,-5320,14740,
7562,-6051,13370,
7304,-6318,13849,
7151,-6076,14501,
6764,-6435,14308,
6755,-7057,14406,
6709,-6941,15010,
6540,-7119,14924,
6718,-6524,15191,
7021,-6335,14799,
6970,-5548,16473,
6909,-5901,17671,
7095,-4199,17147,
7729,-3159,17730,
7693,-3410,16402,
8180,-2982,14695,
8218,-4310,15899,
8185,-3900,15698,
7995,-4305,16667,
7487,-4097,16897,
7199,-5548,20109,
7022,-6216,18411,
6513,-7224,20540,
6208,-7179,20440,
6176,-8631,20317,
5656,-9539,21057,
5338,-10397,20415,
4578,-11630,20878,
4142,-12312,21464,
3419,-12800,21626,
2806,-13121,21037,
2338,-13877,19758,
1972,-14626,20572,
2676,-14789,20816,
3752,-16027,21519,
4659,-17138,21321,
5428,-17737,21614,
5432,-17080,19108,
4733,-16585,21071,
4750,-13811,19080,
4037,-13968,19080,
3093,-12400,17666,
2595,-12401,16986,
2447,-12200,16841,
2758,-12297,15965,
3671,-12373,15831,
4381,-12290,15372,
5137,-12414,15283,
5749,-12604,15608,
6464,-12804,15167,
7091,-13331,14089,
7503,-13718,14572,
7666,-13758,14347,
7761,-13837,14580,
7762,-13751,15217,
7937,-13668,16108,
7997,-12912,15974,
8180,-12155,17355,
8208,-11429,16813,
8272,-10694,18760,
8430,-9813,18303,
8681,-9585,19021,
8948,-8924,18948,
9461,-8856,18491,
9904,-8497,18026,
10529,-8722,18039,
11152,-8628,16333,
11520,-8868,17096,
12303,-9033,17804,
12382,-8657,15752,
12311,-8337,15523,
12378,-7724,14888,
12269,-7393,13697,
12228,-6942,13025,
12117,-6433,12967,
11784,-6439,13440,
11594,-6001,12314,
11773,-5508,11360,
11596,-4726,10200,
11078,-4518,10184,
11317,-4469,9047,
11135,-3715,9573,
10823,-3729,7705,
10740,-3543,8241,
10736,-3572,7107,
10239,-3027,8751,
10138,-3355,7323,
10133,-3296,7526,
10252,-2998,7296,
10298,-3218,7385,
10296,-3216,7046,
10101,-3406,7238,
9687,-3269,8179,
9214,-3136,8488,
9375,-2142,10062,
10680,-500,11738,
11397,845,12957,
11875,1938,12941,
11940,1666,12838,
11413,409,11811,
10667,-1246,10309,
9889,-2349,11156,
9251,-2907,7613,
9370,-3017,8018,
9178,-4017,8405,
9198,-4821,8654,
9328,-5555,9923,
9632,-6391,9926,
10035,-7214,10247,
10053,-7885,10568,
9962,-8179,11181,
9588,-8678,12051,
9381,-8539,12586,
9257,-8224,13462,
9104,-8131,13928,
9042,-7698,14257,
9011,-7505,14396,
8839,-7164,14381,
8451,-6662,14552,
8142,-6334,15134,
7966,-5055,15475,
7652,-3987,16027,
7389,-3318,16510,
7320,-2598,16548,
7061,-2485,16153,
6980,-3164,15944,
6902,-3827,15146,
6847,-4410,14556,
6820,-5127,14233,
6786,-5951,14162,
6774,-7122,13665,
6725,-8096,13455,
6728,-8882,13095,
6667,-9897,12467,
6545,-10364,13020,
6391,-10829,13588,
6160,-11361,13603,
5839,-11703,14418,
5418,-11594,15866,
5350,-11298,16202,
5192,-11091,16952,
4969,-11252,17699,
4776,-11187,17969,
4609,-10903,18326,
4132,-10827,19666,
3823,-10307,20698,
3446,-10151,21135,
3259,-9500,21604,
2978,-9290,22222,
2659,-9293,22538,
2501,-10578,24182,
2019,-9315,23589,
1785,-9411,23081,
1715,-9141,22286,
1087,-10194,22035,
2084,-10173,22201,
3342,-11179,21275,
4292,-12404,21003,
4840,-12862,21562,
4752,-12495,21673,
4185,-11773,21816,
3597,-10751,20722,
2811,-10246,19982,
2322,-10347,19773,
2347,-10434,18906,
2855,-10651,18981,
3743,-11230,18612,
4648,-11334,18474,
5658,-11699,18951,
6723,-11810,18676,
7619,-12506,17782,
8192,-12935,17295,
8502,-13921,16496,
8658,-14463,16202,
8594,-14654,16265,
8519,-14310,16565,
8360,-13936,17125,
8171,-13526,18119,
8136,-12514,19079,
8262,-12067,19225,
8382,-10500,19868,
8706,-9746,21628,
9122,-8619,18969,
9461,-8084,19476,
9809,-7747,18751,
10222,-8034,18671,
10865,-7486,18148,
11345,-7166,17162,
11500,-6974,17212,
12223,-6786,17005,
12115,-6839,16423,
12010,-5586,16326,
12092,-6220,15655,
11932,-5991,14960,
11723,-6130,13811,
11414,-6141,13182,
10888,-6371,12287,
10892,-5366,11589,
10607,-4878,11105,
10277,-4777,10124,
10060,-4467,10339,
9892,-4447,9860,
10019,-3696,9990,
10061,-3398,9668,
10105,-3050,9948,
10031,-3270,9789,
10074,-3478,8794,
10043,-3528,8608,
9950,-3323,7574,
9496,-3572,7157,
9003,-3806,6767,
8636,-3592,6509,
8445,-3307,6311,
8460,-3050,6276,
9275,-3042,6394,
10131,-2999,6140,
9916,-3091,7114,
9647,-2920,7527,
9156,-2786,6915,
8287,-3004,6289,
7523,-3037,5809,
6447,-3513,5108,
6383,-2744,6162,
6582,-2214,7821,
7282,-2047,9379,
8154,-1982,11812,
8774,-2663,12893,
9346,-2903,14371,
9516,-3892,14375,
9554,-4475,15346,
9489,-4863,16016,
9504,-5308,16566,
9645,-5259,16843,
9867,-5675,17271,
10089,-5931,17399,
9998,-6691,17945,
10101,-6428,17218,
10029,-5529,16535,
9921,-4373,15959,
9495,-3577,15699,
9114,-3319,14822,
8667,-3449,13970,
8220,-4074,13433,
7711,-4689,12481,
7251,-5073,11832,
7136,-5351,11632,
7031,-5402,11380,
7115,-5162,11729,
7070,-4757,11975,
7192,-4249,12681,
7267,-3545,13813,
7253,-3268,13255,
7310,-2578,14448,
7481,-2547,15170,
7593,-2931,15214,
7629,-3352,15473,
7522,-4280,15425,
7439,-4952,15619,
7443,-5521,15511,
7515,-5920,15514,
7570,-6356,15596,
7612,-6646,15612,
7629,-8174,15759,
7641,-8667,16042,
7579,-9148,16119,
7283,-9905,15755,
7144,-10392,15947,
6775,-11065,17483,
6316,-11485,17854,
5897,-11374,17463,
5628,-11175,19179,
5617,-10658,19374,
5596,-9957,20069,
5825,-9506,20414,
5846,-9156,20719,
5752,-9039,20832,
5828,-9233,21854,
5965,-8427,21798,
5978,-8007,22322,
5968,-7460,22769,
6069,-6956,22576,
5914,-6632,23816,
4425,-2689,24958,
5702,-2430,22709,
6286,-6715,18059,
6266,-8296,24895,
5882,-6093,27199,
5321,-3294,23012,
5663,-4914,22816,
5348,-4948,24793,
4583,-5355,25507,
4651,-3554,25764,
3931,-3688,26039,
3580,-3590,24499,
3725,-4278,24702,
4313,-4466,25006,
4749,-4863,24564,
4926,-5284,24812,
5110,-6704,24538,
5173,-6394,23736,
5407,-6294,23473,
5350,-5565,22914,
5140,-6310,22655,
4966,-5673,23320,
4730,-5270,22279,
4626,-5731,22095,
4321,-6038,21415,
3825,-5864,21237,
3591,-5774,20382,
3259,-5893,19367,
2923,-6058,19241,
2709,-6184,19439,
2826,-6972,18685,
3174,-6853,18271,
3439,-7349,17929,
4022,-7982,18492,
4599,-8189,17782,
5192,-8463,17728,
5800,-8910,17465,
6324,-9294,18101,
6856,-9377,17776,
8175,-10373,18144,
8672,-10880,18046,
9363,-10990,19244,
9774,-11588,18719,
10137,-11814,19112,
10578,-12201,17842,
10792,-12025,18015,
11019,-12880,18277,
11225,-13038,17629,
11133,-14005,17055,
11024,-13732,18266,
11156,-14226,18300,
11168,-14301,18222,
11111,-14023,18742,
10884,-14056,19056,
10634,-13921,18479,
10320,-14033,18493,
10177,-13562,20393,
10160,-12704,20452,
9933,-12404,19642,
9683,-12355,19557,
9517,-12120,20524,
9376,-11486,20175,
9345,-10959,20433,
9312,-10385,20364,
9061,-10161,20654,
9015,-9685,20761,
8929,-9209,20458,
8691,-9250,20941,
8979,-8394,20506,
9398,-8141,19973,
9458,-8078,19911,
9555,-7629,18842,
9825,-7503,19359,
10018,-7114,18280,
10223,-7134,17661,
10710,-6791,17353,
11147,-5973,16206,
11293,-6558,16134,
11167,-6946,17334,
11333,-6291,16967,
11981,-6218,15765,
11632,-5409,14648,
12023,-5626,16352,
11730,-5365,14545,
11773,-6108,14960,
11942,-5742,14284,
11903,-5227,14480,
11725,-5230,14425,
11618,-5205,13875,
11703,-5199,13021,
11756,-4771,13627,
11627,-4432,11471,
11544,-3992,11563,
11353,-3700,12379,
11266,-3810,10572,
11275,-3679,10592,
11052,-3252,11161,
10978,-3645,10219,
10753,-3490,10087,
10557,-3165,9941,
10528,-2977,10340,
10478,-3578,11314,
10449,-3086,8554,
10436,-3610,8354,
10441,-3861,7908,
10457,-3593,7197,
10171,-3246,6884,
10374,-3070,7320,
10527,-3409,6032,
9873,-3550,6511,
9524,-3751,7136,
9491,-3588,7397,
9392,-3703,7535,
9434,-3280,7555,
9306,-3234,7608,
9497,-3773,6721,
9664,-3745,9335,
9209,-2303,7380,
9339,-2830,7674,
9405,-3375,8196,
9391,-3742,8248,
9444,-3017,7470,
9631,-3048,7786,
9586,-3145,6149,
9389,-4088,7021,
9301,-3775,7433,
9049,-4028,7864,
8881,-4105,7546,
8747,-4425,7642,
8582,-4023,7751,
8383,-3272,7992,
8180,-3828,7867,
8228,-3069,8244,
8214,-2275,8292,
8326,-1824,8763,
8519,-1325,8824,
9247,-1100,9788,
10103,-787,8937,
10839,-1011,8934,
11190,-593,8914,
11429,-873,8803,
11475,-872,9150,
11793,-858,9932,
11774,-916,9931,
11560,-1094,9483,
11484,-1199,9282,
11505,-1879,9978,
11476,-2170,9613,
11074,-2769,8704,
10872,-3176,8395,
10861,-2635,8131,
10362,-3390,7503,
10157,-3332,9172,
9733,-2162,8559,
9279,-1689,12164,
9181,-671,11488,
9046,-451,13301,
8686,1658,15204,
8720,2031,15961,
8732,1975,15855,
8794,2111,15815,
9042,2002,15864,
9316,1876,15881,
9465,1395,16402,
9574,1656,16128,
9673,266,16571,
9714,-1312,16583,
9673,-2193,16248,
9368,-3499,17036,
9705,-3009,17280,
9592,-4357,16961,
9269,-5182,16579,
9087,-4867,15762,
8913,-5039,16146,
8903,-4950,17512,
8750,-5140,16840,
8547,-5768,17496,
8628,-6081,16416,
8792,-5975,15813,
8719,-6074,16003,
8365,-6658,15680,
8526,-6551,15949,
8508,-6308,15937,
8490,-5496,14054,
8642,-5469,14048,
8294,-4989,14374,
8177,-5061,14692,
7954,-4730,14250,
7875,-4433,13736,
7892,-3989,13204,
7897,-3686,13368,
7679,-3187,13448,
7538,-2878,13787,
7387,-2242,13185,
7397,-2895,14433,
7225,-3216,14444,
7260,-3069,13671,
7213,-3055,13733,
7210,-3125,13410,
7174,-3139,13390,
7118,-3446,13217,
7231,-3250,13310,
7266,-3276,13525,
7343,-3307,13398,
7358,-3152,13886,
7483,-2680,14266,
7480,-2752,14205,
7467,-2782,14130,
7457,-2498,15122,
7538,-2533,14846,
7594,-2522,14827,
7699,-2381,14454,
7728,-2300,14826,
7654,-2463,14893,
7579,-2694,14938,
7593,-2556,14778,
7598,-2579,15035,
7486,-2801,14918,
7275,-2836,15122,
7427,-3027,15473,
7222,-2878,15840,
7098,-2804,16185,
6896,-2318,16371,
7264,-2884,16694,
7057,-3052,16805,
6860,-2540,17361,
6784,-2728,17546,
6848,-2567,18706,
6781,-2430,18881,
6561,-2324,18626,
6574,-2768,19242,
6366,-2687,19540,
6225,-3124,20118,
5917,-3238,20094,
5927,-3212,20694,
5783,-3367,21454,
5678,-3876,21432,
5497,-3991,21409,
5446,-4071,22141,
5342,-4871,22357,
4909,-4899,22146,
4912,-4813,22545,
4951,-5580,23401,
4754,-5996,23887,
4406,-6270,23302,
4468,-6019,23400,
4183,-6259,24393,
4126,-6216,25540,
3505,-4421,24804,
4384,-6817,26488,
2991,-6345,23804,
2912,-7520,24356,
3005,-7800,24746,
2636,-7458,24353,
2541,-7656,23756,
2065,-7859,23717,
1937,-8021,23864,
2085,-7622,23750,
2371,-7984,22708,
3025,-7975,23033,
3963,-8171,23387,
4803,-8177,23045,
5096,-8194,21831,
5500,-7859,19618,
5999,-10630,22843,
6083,-7768,19135,
6588,-12390,23327,
6624,-10863,22857,
6571,-9612,21534,
6453,-8851,20702,
6575,-8542,21032,
6499,-8617,20431,
6714,-8030,20320,
6580,-8756,19428,
6513,-8323,18713,
6252,-8411,17743,
6234,-8612,18768,
5815,-8941,16947,
5667,-9285,16871,
5676,-8837,17248,
5785,-8777,17600,
6163,-8583,17413,
6519,-8564,17454,
6895,-8467,17253,
7215,-8669,17771,
7458,-8691,17650,
7769,-9174,17817,
8205,-9137,17788,
8327,-9022,17501,
8591,-9656,17563,
8973,-9745,17130,
9076,-10072,17935,
9271,-10214,17946,
9342,-10168,18198,
9413,-10156,18277,
9834,-9713,18201,
9813,-10244,19183,
9881,-10035,19185,
9885,-10123,19144,
9852,-10077,19387,
9840,-9587,18938,
9765,-9829,19240,
9652,-9696,20146,
9590,-9685,19988,
9493,-9172,19817,
9388,-8673,20136,
9392,-8263,21221,
9287,-8645,20781,
9231,-7793,20373,
9193,-7330,19669,
9095,-6932,20259,
9218,-6753,20425,
9234,-6374,19090,
9303,-5192,18843,
9334,-5786,19316,
9338,-5988,17869,
9248,-5177,18080,
9267,-6280,17948,
9600,-5161,18139,
9825,-5346,17538,
9877,-5852,16710,
9901,-6028,16895,
9986,-5848,16459,
10146,-5831,16327,
10381,-6050,16299,
10543,-5929,15546,
10735,-6377,15096,
11025,-6128,14420,
11180,-6274,13873,
11347,-6223,13667,
11553,-5970,13018,
11590,-6047,12130,
11656,-6394,12360,
11588,-6707,11831,
11580,-6502,12071,
11551,-6364,11539,
11454,-6501,11612,
11297,-6430,11484,
11142,-6395,10864,
10975,-6579,10574,
10881,-6486,10451,
10763,-6275,9989,
10543,-6327,9733,
10364,-6392,10321,
10257,-5362,8865,
10156,-5605,9085,
10044,-5432,8767,
9940,-5833,9181,
9817,-5712,8859,
