8498,-6706,7826,
7932,-5948,8484,
7594,-5524,8802,
7481,-5325,9034,
7586,-5430,9402,
7955,-5089,9650,
8524,-4687,10017,
9093,-4505,9989,
9765,-4072,10072,
10059,-3908,10426,
10368,-3635,10834,
10554,-3237,10755,
10639,-3435,10796,
10793,-3944,10679,
10461,-4617,10379,
10495,-4983,10452,
10187,-5033,10322,
10074,-5193,9994,
9851,-5038,8883,
9551,-4680,9175,
9179,-4300,9695,
8693,-3941,8923,
8251,-3477,10476,
8024,-2701,10497,
7853,-2535,10604,
7519,-1647,11665,
7244,-1676,11638,
7025,-1626,12447,
6880,-1454,13092,
6633,-1532,13186,
6618,-2183,13622,
6677,-2924,13872,
6886,-2629,14113,
6963,-2635,14452,
7242,-2776,14368,
7526,-2095,14588,
7589,-2343,15103,
7443,-2358,15676,
7528,-1604,16616,
7435,-1218,17177,
7675,-1285,17220,
7972,-1662,17697,
8060,-631,17937,
8305,-741,17321,
8277,-2134,17766,
8515,-1513,18082,
8708,-1827,18416,
8811,-1697,18577,
8806,-2622,18879,
8778,-2193,19142,
8852,-2202,19207,
8716,-2517,19251,
8678,-2197,19229,
8541,-2152,19494,
8383,-2295,19216,
8192,-1902,19135,
8077,-1859,18941,
7742,-2003,18695,
7592,-1829,18515,
7306,-2168,18295,
7106,-2269,17659,
6968,-2401,16586,
6774,-2545,16578,
6771,-3010,16415,
6470,-3292,15506,
6346,-3408,15606,
6268,-3677,15462,
6174,-3765,15306,
6002,-3797,15652,
5918,-3666,15385,
5926,-3410,15209,
5508,-3975,14485,
5888,-5006,15899,
5730,-3045,14322,
5609,-4215,15336,
5566,-4614,15577,
5348,-4074,14322,
5178,-4531,15218,
5151,-4601,15448,
5268,-4255,14865,
5132,-4712,14875,
4892,-5544,14763,
4965,-5631,14961,
4786,-4981,14494,
4611,-5718,14358,
4679,-5773,14127,
4674,-5695,13656,
4539,-5775,13905,
4467,-5844,14009,
4358,-5828,14226,
4402,-5950,14172,
4362,-5747,14089,
4395,-5838,14319,
4441,-5655,14385,
4375,-5599,14265,
4392,-5640,14148,
4560,-5724,14040,
4802,-7110,14290,
5019,-6620,13181,
5005,-7824,12598,
4804,-8815,13204,
4900,-8629,13311,
4711,-9057,12839,
4708,-9061,13214,
4699,-8570,13643,
4816,-8171,14547,
4958,-6770,14808,
4798,-5872,14663,
4795,-7171,16360,
4864,-5642,16530,
5023,-4960,17258,
4883,-5746,18595,
4991,-5578,18366,
5022,-4384,18488,
4948,-5546,19690,
4758,-5905,20189,
4801,-5643,20325,
4923,-5375,21143,
4802,-6308,20361,
4719,-6800,20670,
4955,-6827,20803,
4990,-7032,20393,
5148,-7217,20168,
5454,-8578,20397,
5777,-9358,19315,
6036,-9828,18673,
6489,-9759,18962,
6992,-10720,19287,
7777,-10898,19317,
8517,-11506,20226,
9033,-12002,19146,
9673,-12098,19910,
10281,-11951,20505,
10451,-12410,20729,
10396,-12174,20478,
10176,-12226,20703,
9965,-12092,19702,
9745,-11378,19925,
9293,-11316,19926,
9018,-10836,19295,
8776,-10569,18653,
8232,-9220,17410,
7884,-9815,17506,
7409,-9539,16701,
6953,-9016,16316,
6662,-9396,15637,
6409,-9342,14993,
6190,-8749,14736,
6001,-8216,14359,
5740,-8285,13883,
5506,-8000,13729,
5312,-7631,13507,
5419,-5874,12972,
5565,-6236,13682,
5154,-6187,31656,
4746,-4532,15808,
6364,-16980,11904,
6329,-7206,15896,
8389,-654,30975,
7015,-5747,20932,
7499,-7119,15212,
8708,-7815,16557,
9319,-7144,17768,
10160,-5758,16715,
10877,-5754,17179,
11331,-6476,16700,
11569,-6949,16192,
11808,-6540,16084,
11956,-6499,17016,
12085,-6231,18331,
11871,-4772,16308,
11776,-7639,15877,
11481,-6644,15861,
11158,-7181,15313,
11033,-8060,16017,
10820,-7925,17546,
10452,-7995,16733,
10316,-5915,18132,
10529,-8007,19625,
9624,-10067,16634,
9527,-8838,15690,
9518,-8644,17715,
9290,-8973,16013,
9445,-9134,17552,
8914,-6749,17006,
8486,-5880,17156,
8162,-4806,17649,
7770,-4796,20276,
7333,-3808,19674,
7173,-3546,19694,
6940,-3138,20536,
6700,-2885,20368,
6625,-2667,20354,
6647,-2493,20131,
6644,-2842,19433,
6794,-3133,18841,
6905,-3837,17960,
7064,-4197,17400,
7234,-4702,15999,
7407,-5091,15709,
7490,-5016,15738,
7536,-5987,14834,
7602,-3887,13522,
7305,-5922,13408,
7602,-7324,14605,
7520,-6641,13482,
7500,-5483,14048,
7254,-5600,14093,
7144,-5493,13345,
7196,-5098,13857,
7003,-5245,14334,
7090,-4619,14809,
6953,-4909,13521,
6818,-4641,13042,
6737,-4703,12975,
6714,-4158,12127,
6723,-4505,12054,
6688,-4247,11407,
6623,-3494,10489,
6829,-3305,10462,
6630,-3583,9392,
6590,-3561,9377,
6564,-3489,9636,
6394,-3241,9090,
6388,-3371,9244,
6386,-2939,9891,
6275,-2369,9927,
6182,-1954,10202,
6084,-1461,10847,
5897,-1227,11128,
5540,-998,11681,
5349,-792,12564,
4926,-934,13209,
4206,-972,14158,
3728,-966,15332,
3251,-942,16278,
2805,-588,17188,
2514,-1256,17185,
2174,-1602,16926,
1889,-2090,17915,
1920,-3024,19208,
1847,-2547,18217,
1007,-2148,16951,
1458,-3955,17872,
1681,-3431,17516,
1981,-2857,17633,
2074,-2467,17577,
2153,-2889,17855,
2244,-2984,17566,
2232,-3029,17646,
2155,-3646,17385,
2124,-3667,17180,
1955,-3783,16437,
1761,-3491,15714,
1533,-3643,15454,
1203,-3819,15020,
819,-3256,14257,
521,-3476,13933,
237,-3484,13437,
-53,-3578,13003,
-323,-3593,12751,
-690,-3692,12418,
-1037,-3773,12134,
-1342,-3510,11846,
-1570,-3607,11823,
-1879,-3957,11287,
-2216,-3781,10916,
-2360,-3990,11692,
-2621,-3212,11654,
-2646,-2671,11875,
-2791,-2861,12056,
-3049,-2396,11972,
-3210,-2977,12424,
-3490,-2276,12810,
-3256,-1861,13395,
-3118,-1943,13168,
-2873,-3159,12379,
-2574,-2551,10785,
-2247,-1718,11632,
-2928,-1865,11213,
-3472,-1996,12700,
-2502,-4615,15395,
-4460,-99,10901,
-4173,404,15409,
-3983,-488,14400,
-3862,-1784,15208,
-3623,-2226,14983,
-3332,-1888,14996,
-3073,-1843,14719,
-2935,-1975,15402,
-2727,-2181,15346,
-2484,-2206,15127,
-2377,-2120,15192,
-2351,-2013,15209,
-2325,-2300,15063,
-2255,-3038,15376,
-2279,-3451,15008,
-2424,-3675,14985,
-2553,-3972,14239,
-2719,-4403,15190,
-2910,-4605,15975,
-2973,-5728,15151,
-2896,-5048,15734,
-2838,-4889,14418,
-2847,-4779,13968,
-2839,-4272,14858,
-3045,-5409,14265,
-2999,-5199,13841,
-3207,-4601,14311,
-3206,-4247,13895,
-3100,-4284,14237,
-3016,-4232,13555,
-3036,-4767,12847,
-3010,-4977,12829,
-2979,-5448,12226,
-3030,-5775,11997,
-2806,-5381,11208,
-2407,-5147,10682,
-2320,-5483,10181,
-2308,-5559,9714,
-2464,-6361,10043,
-2551,-6496,9916,
-2635,-6555,10518,
-2823,-6704,10829,
-3029,-6736,10804,
-3100,-6409,11294,
-3036,-5392,12037,
-3296,-4853,12359,
-3161,-4097,13103,
-3197,-4246,13367,
-3194,-3328,13859,
-3208,-2724,14247,
-3271,-2718,14866,
-3413,-2790,14707,
-3471,-2024,15371,
-3413,-1619,15304,
-3357,-1100,15358,
-3295,-1653,17426,
-1888,1016,16311,
-2916,-1363,16759,
-3005,26,12901,
-2594,-2253,17901,
-3191,-1461,15272,
-3646,-1860,18104,
-3485,-520,18618,
-3226,-561,16727,
-2948,-442,16979,
-2989,-433,17218,
-3299,-1104,12103,
-3210,-283,17801,
-3241,368,17365,
-3491,-1913,15905,
-3731,-1700,18998,
-3502,-363,18255,
-3398,-423,16838,
-4038,-401,17218,
-3321,-1163,17596,
-3059,-908,17386,
-3155,-1640,16404,
-3315,-1809,17301,
-3458,-2117,17365,
-3454,-1517,19511,
-3274,-3147,16992,
-3504,-2106,18033,
-3491,-2401,17788,
-3383,-2234,17262,
-3295,-2149,17542,
-3351,-1786,17144,
-3087,-1535,17924,
-3258,-1678,17775,
-3488,-2087,17611,
-3798,-2557,17912,
-3628,-2379,18598,
-3644,-1557,17993,
-3679,-1874,17662,
-3965,-3498,17285,
-3742,-2727,16952,
-3548,-2118,16532,
-3126,-2177,16111,
-2641,-1974,15467,
-1998,-1539,15132,
-1565,-1366,14261,
-1184,-1579,15182,
-990,-959,13012,
-1133,-1667,14648,
-1303,-1533,15312,
-1478,-2362,14857,
-1863,-1885,15187,
-2222,-1593,16278,
-2926,-1981,16365,
-3335,-2712,16824,
-3923,-3081,17059,
-4773,-4316,17418,
-5350,-5373,17606,
-5707,-5562,17225,
-6171,-6667,17575,
-6653,-7734,18612,
-7094,-8316,17997,
-7208,-8334,17534,
-7153,-8386,17307,
-7115,-8505,16611,
-7252,-9240,16356,
-7509,-9790,16272,
-7543,-10416,18336,
-8447,-10978,17631,
-9188,-11694,18278,
-9360,-11330,18572,
-9366,-12116,19988,
-9211,-11827,18728,
-8764,-11619,17675,
-8249,-10706,17861,
-7995,-10405,17766,
-7343,-9961,16739,
-6891,-9241,16733,
-6528,-8608,16700,
-6114,-7715,16406,
-5749,-7364,16816,
-5133,-6239,16378,
-4329,-5590,15406,
-3704,-4082,14919,
-3405,-4140,14454,
-3221,-2743,15202,
-3326,-2429,16277,
-4164,-1121,17736,
-3843,-1441,18819,
-4057,-1247,20476,
-4609,-2259,20112,
-3987,-300,20936,
-3258,588,19285,
-2545,-165,18780,
-1900,1361,17685,
-1602,1712,16961,
-543,2533,15840,
647,345,14825,
1408,4727,9538,
2717,1877,9277,
2488,1239,11756,
977,-2744,7270,
1439,-5965,17799,
449,-1188,13364,
1350,1510,15045,
2841,3743,16054,
918,-9957,23606,
-3715,-3220,23552,
-1232,8336,16608,
-1237,770,21381,
200,2706,19152,
1495,4409,18055,
2220,5531,16189,
2587,4936,10702,
3627,3751,10473,
8458,9799,1549,
2946,-7606,9884,
2804,-4804,12546,
3129,-4266,12969,
2089,-7064,6045,
1258,-7300,5799,
570,-8395,7210,
-1648,-8120,5045,
-357,-9608,7721,
-380,-8507,6415,
22,-3686,7466,
618,-1382,7005,
-177,376,1953,
1316,-2264,9491,
622,4590,10343,
651,5069,11917,
931,5435,11423,
1352,5428,12192,
922,6303,11558,
989,5327,10896,
924,5009,12439,
1131,7023,13491,
1481,5577,10268,
1437,5509,9439,
1333,4239,11651,
1704,4249,12380,
1826,6098,10251,
1789,5601,10394,
1589,5988,9667,
1582,5302,11666,
1290,4831,15252,
73,4553,17086,
-591,4333,17622,
-662,5006,17662,
-393,4439,18034,
-190,3476,18101,
-211,2471,18458,
-499,1738,18836,
-823,-464,19439,
-427,-1470,19889,
-563,-1825,18774,
-655,-2968,18826,
-835,-4335,18994,
-1046,-5442,19919,
-1378,-6384,22401,
-1753,-8357,17533,
-2392,-9559,20655,
-2456,-9695,19324,
-2796,-9660,17976,
-2540,-8429,20383,
-2641,-9376,22136,
-2612,-8513,20735,
-1004,-6921,21864,
497,-1743,20944,
-7863,-15477,9598,
-1942,-9927,25215,
-679,-12034,24476,
-198,-10364,25078,
-1092,-11147,24388,
-149,-6733,21565,
-655,-3897,21326,
-384,-2002,21430,
-583,-2820,21981,
-833,-3087,22013,
-782,-3405,22532,
-682,-2650,23013,
-315,-1708,22673,
-71,-1123,21351,
143,-584,19037,
226,-458,17602,
460,-303,16408,
992,905,15114,
690,1095,14111,
563,1142,13596,
735,1521,12958,
514,1658,13207,
401,550,13279,
357,-299,13865,
296,-263,14199,
445,120,13920,
-15861,-19410,1407,
5228,21246,8278,
-1360,-12881,10172,
2947,-3555,8601,
3350,4830,11073,
751,52,15782,
1618,1614,20607,
1898,884,10314,
1595,9397,12541,
-442,3175,18390,
1825,10027,10271,
2674,3764,10092,
6773,11048,18381,
2276,4738,19557,
3371,8289,14745,
1929,5083,13815,
2517,7746,14905,
2226,2702,17387,
2153,-2030,20087,
2852,-776,19650,
2844,115,18914,
1141,-5769,15649,
3287,-5484,22497,
3290,2570,24475,
4235,1686,25333,
3819,5939,20431,
5105,8991,18646,
4670,5772,16179,
4375,4863,10922,
5418,8345,11294,
5190,7630,11334,
4821,7237,11493,
6585,12949,11809,
6867,10132,2677,
7467,9215,11860,
5503,9969,18866,
4354,7304,20810,
6825,8245,16476,
5207,8502,23049,
6930,5338,16566,
6444,7936,11598,
4455,4034,13959,
10101,18269,23434,
4271,6292,5749,
8890,17433,4591,
8452,6948,13931,
1436,3545,7882,
18330,14744,20948,
8313,6476,12927,
9203,8583,22389,
7885,10540,15479,
11492,13946,12149,
8129,7904,19696,
8607,6598,18427,
6915,3958,18313,
10071,4861,16200,
6670,3477,9857,
9940,7108,12551,
8519,5594,3376,
8126,-1054,17136,
8276,182,9785,
11551,2888,13727,
3344,12056,-4143,
3564,1094,-10741,
2088,222,7094,
2559,-17345,6196,
8511,-12421,-8156,
13384,-27880,32764,
31363,-10720,32764,
18722,-3024,-17011,
5188,10713,5513,
18034,17639,28865,
9427,-2974,21126,
9251,-13072,15005,
3228,-13309,-12479,
2081,-2118,-634,
-2350,1735,5149,
4311,-15743,8990,
18258,-9683,-20515,
16847,32764,-13028,
10208,2412,-18727,
20428,32764,27516,
6871,816,-473,
11880,-5755,21679,
15921,55,17200,
7037,200,16986,
6857,1880,17035,
7360,3050,25140,
2663,-447,17535,
10941,12308,7978,
8079,7140,9891,
7212,4575,18381,
9196,4378,13966,
11541,5699,9945,
18350,-25958,15745,
10510,-9812,5088,
12612,-1601,11940,
13794,-4108,12712,
13344,1606,10467,
12117,-5141,11678,
6664,-1437,12193,
8620,-425,11552,
2424,-6775,-10707,
4070,-3329,16688,
3861,-4250,14418,
8716,39,4076,
4903,-2681,16377,
2151,-794,24452,
4528,-8618,13148,
6380,-1290,16508,
5005,1308,19623,
13091,-865,14177,
11935,-1766,20153,
8180,1105,13862,
6034,-472,18137,
6487,-1204,15985,
3938,-3106,536,
-3774,-3759,-8067,
915,-7832,-4474,
17872,-11920,10387,
1195,-219,-20421,
4646,-5309,13193,
562,-7620,13863,
12024,3646,27742,
1197,-4718,-2360,
1804,-6338,13400,
5269,-50,32764,
2615,-8412,-22627,
11656,9260,20724,
8482,-1416,20301,
5142,790,15622,
3383,1997,17650,
12237,-24180,32764,
-805,-5462,-14609,
5578,2407,26504,
6469,-12551,22298,
-584,-4160,13598,
18,-7279,26196,
6322,15342,13958,
4514,4031,32764,
2126,314,-18714,
-2338,-5376,27612,
3383,-5945,349,
838,-6933,17179,
7531,3837,20572,
9735,2267,15022,
8606,-2259,20543,
15222,516,1439,
11367,-4054,19341,
10867,-8412,21623,
-30346,16197,32764,
-7987,-1965,-4325,
-577,10335,14712,
9262,-11600,15404,
19574,1710,11977,
5914,5296,-24863,
9432,-1328,32764,
2764,-787,-15150,
15651,-17763,23394,
13326,10684,22743,
3717,-20031,-22451,
14940,-24489,22668,
23852,-9086,20888,
12814,-27052,20660,
9793,-8771,19782,
13520,-4655,18053,
-677,-5908,32764,
-136,1671,13446,
7821,-2957,32764,
-950,-6184,11432,
-3820,-4347,5289,
8130,2749,20486,
9245,6660,29816,
3892,-5264,5021,
4983,-5308,16440,
5271,-1374,13441,
6529,-4545,14457,
3752,-3291,15620,
5217,-2806,8671,
5836,-2373,14169,
5307,-181,15317,
4741,-3359,12559,
5651,-2016,13625,
5757,-2163,14100,
6211,-4089,14344,
6606,-2084,14829,
4708,-925,17221,
6445,1028,18121,
5621,-5536,15743,
6415,-2469,16950,
6062,-2801,11760,
5379,-1596,13535,
6025,-2085,13903,
5854,-2868,17255,
6365,-3477,11614,
5091,-3624,18891,
2622,-2437,20971,
4609,241,19224,
6664,-2343,13592,
7132,-991,11398,
5441,-4248,14361,
5218,-3375,11309,
5956,-4655,16010,
5587,-2901,14164,
5946,-2559,20598,
7046,-2329,13679,
4931,-4192,13610,
5431,152,16577,
6013,-4198,11906,
4967,-154,17584,
7728,-1237,11861,
6614,-3877,14514,
8552,-347,16096,
5365,-6566,13770,
3647,-6247,13672,
4469,-2199,12865,
5870,-388,18961,
8744,-1885,20012,
8304,497,15008,
6526,-3757,14253,
6219,-4824,14284,
7178,-3641,15299,
5832,-3694,16793,
5216,-1775,13547,
5986,316,12794,
6764,-2844,13214,
6355,-5639,15322,
6665,-6663,16530,
7678,-4445,12290,
4184,-5022,13894,
7130,-1430,13672,
4155,-2586,16414,
5457,-77,15118,
7408,-5889,14596,
5215,-5238,14124,
7847,-1581,13626,
5842,-2390,12500,
6328,-2261,16410,
5609,-2516,11268,
5565,-1021,11859,
5807,-4277,13969,
6390,-3250,15977,
5707,-2444,16931,
6507,-267,16735,
6620,-2874,14975,
5912,-3236,17295,
5592,-3185,14308,
5944,-3286,15503,
5637,-3556,14056,
5810,-3181,15814,
5764,-3208,14637,
5869,-3088,14853,
5703,-3048,15071,
5713,-2569,14620,
5674,-2394,14452,
5977,-3381,15417,
6207,-4444,15260,
6294,-3145,14805,
6231,-3639,14529,
5973,-3279,14918,
5952,-3227,14813,
5944,-3277,14860,
5935,-3141,14814,
5944,-3229,14815,
5969,-3204,14890,
5970,-3214,14809,
5991,-3224,14836,
5990,-3196,14871,
5958,-3246,14834,
5969,-3184,14799,
5926,-3283,14950,
5919,-3246,14879,
5985,-3266,14853,
5908,-3233,14865,
5961,-3188,14856,
5964,-3254,14873,
5967,-3196,14854,
5957,-3187,14943,
5884,-3265,14734,
5933,-3239,14894,
5934,-3169,14853,
5920,-3373,14848,
5954,-3203,14780,
5950,-3223,14767,
5958,-3218,14854,
5970,-3158,14785,
5948,-3220,14839,
5973,-3207,14857,
5965,-3267,14852,
5977,-3142,14815,
5952,-3229,14889,
5983,-3248,14973,
5999,-3201,14804,
5914,-3158,14879,
5959,-3210,14761,
5922,-3232,14847,
5948,-3244,14849,
5925,-3221,14848,
5950,-3207,14868,
5932,-3246,14833,
5921,-3224,14857,
5978,-3216,14871,
5965,-3189,14861,
5973,-3192,14826,
5969,-3223,14829,
5898,-3150,14795,
5976,-3257,14906,
5961,-3205,14884,
5955,-3250,14880,
5959,-3146,14858,
5884,-3237,14661,
5927,-3166,14643,
5866,-3286,14718,
5977,-3218,14938,
6060,-3354,15180,
5910,-3165,14790,
6031,-3186,15008,
5976,-3211,14776,
5994,-3148,14609,
5824,-3110,14867,
5826,-3332,14335,
5851,-3164,14641,
5963,-3319,14938,
6095,-3117,15134,
5865,-3075,15099,
6013,-3282,15219,
6020,-3240,14383,
6004,-3004,15064,
5970,-3613,15187,
6141,-3470,15250,
6076,-3089,14518,
5942,-2534,15049,
5924,-2950,14294,
5906,-3692,14487,
6109,-3068,15612,
6007,-2708,14518,
5849,-2981,14291,
5697,-3761,14575,
5839,-3568,15333,
6263,-3113,15444,
6139,-2989,15008,
6028,-3192,14647,
5755,-3451,14369,
5922,-3194,14466,
6064,-3146,15002,
5892,-3160,14908,
5857,-3275,14696,
5889,-3207,14461,
5871,-3081,14623,
5946,-3260,15025,
6039,-3187,15041,
5932,-2896,14690,
5859,-3396,14341,
5883,-3337,14941,
5968,-3328,15279,
6220,-3058,15316,
5999,-2799,15458,
5828,-3302,14800,
5948,-3178,14960,
6016,-3123,14817,
5824,-2868,14827,
5909,-3425,14480,
5907,-3108,14760,
5917,-3136,14782,
5964,-3129,14812,
5869,-3192,15035,
5960,-3135,14867,
5979,-3175,14846,
5957,-3138,14858,
5932,-3139,14963,
5957,-3154,14940,
6020,-3126,14898,
5971,-3201,14906,
5972,-3151,14937,
5905,-3190,14864,
5936,-3067,14693,
5909,-3143,14771,
5891,-3223,14823,
6042,-3210,14905,
5995,-3146,14884,
5925,-3086,14916,
5956,-3236,14943,
5987,-3148,14997,
6008,-3203,14918,
5925,-2996,14778,
5835,-3165,14657,
5818,-3037,14615,
5802,-3080,14414,
5826,-3117,14661,
5915,-3105,14870,
6050,-3210,15217,
6049,-3120,15127,
6031,-3247,15227,
6132,-3152,15409,
6132,-3060,15301,
6108,-3076,15360,
6101,-3335,14949,
5899,-3118,14718,
5874,-3075,14575,
5837,-3108,14677,
5811,-3119,14432,
5747,-3154,14433,
5785,-3038,14458,
5837,-3155,14640,
6028,-3061,15042,
6026,-3162,15127,
5974,-3075,15123,
6073,-3129,15077,
6038,-3159,15112,
6057,-3163,15184,
5991,-3192,15108,
5954,-3049,14846,
5857,-3125,14547,
5783,-3160,14514,
5842,-3098,14643,
5890,-3091,14642,
5843,-3099,14753,
5914,-3123,14800,
5969,-3115,14814,
6011,-3183,15078,
6081,-3090,15151,
6037,-3224,15125,
6054,-3143,15158,
6069,-3149,15028,
5980,-3102,14884,
5908,-3066,14818,
5852,-3108,14727,
5855,-3096,14649,
5875,-3098,14637,
5862,-3037,14528,
5908,-3113,14760,
5994,-3079,14905,
6014,-3121,14883,
5946,-3168,15168,
6064,-3124,15096,
6042,-3161,15107,
6042,-3137,14997,
5993,-3129,15081,
5968,-3045,14864,
5893,-3124,14786,
5896,-3074,14745,
5886,-3075,14698,
5909,-3089,14721,
5901,-3138,14736,
5923,-3091,14791,
5960,-3064,14751,
5912,-3131,14908,
5991,-3085,14945,
5994,-3135,14974,
5967,-3080,14911,
5983,-3090,14910,
5967,-3095,14844,
5885,-3140,14810,
5925,-3149,14805,
5924,-3096,14768,
5914,-3143,14785,
5954,-3072,14745,
5941,-3164,14881,
5984,-3081,14902,
6019,-3172,15021,
6002,-3152,15072,
6026,-3070,15034,
6027,-3137,15024,
5991,-3082,14994,
5976,-3202,14929,
5905,-3084,14870,
5904,-3166,14892,
5925,-3087,14792,
5929,-3131,14828,
5965,-3059,14810,
5935,-3157,14852,
5928,-3081,14924,
5971,-3137,14890,
5967,-3125,14992,
5974,-3084,14871,
5942,-3091,14973,
5961,-3059,14915,
5973,-3123,14872,
5989,-3054,14848,
5937,-3132,14834,
5922,-3053,14800,
5924,-3111,14762,
5953,-3098,14819,
5912,-3061,14813,
5964,-3156,14903,
5968,-3081,14920,
5999,-3182,14912,
5931,-3027,14964,
5942,-3090,14920,
5931,-3103,14932,
5924,-3098,14891,
5962,-3129,14877,
5963,-3053,14845,
5919,-3176,14829,
5945,-3044,14831,
5901,-3108,14860,
5915,-3091,14916,
5934,-3126,14920,
5942,-3102,14861,
5977,-3102,14881,
5972,-3065,14969,
5988,-3079,14946,
5935,-3101,14974,
5959,-3056,14932,
5925,-3072,14866,
5930,-3092,14858,
5907,-3151,14811,
5935,-3069,14835,
5878,-3084,14728,
5906,-3068,14845,
5935,-3095,14897,
5966,-3127,14916,
5952,-3078,14863,
5942,-3050,14953,
5928,-3091,14928,
5956,-3148,14899,
5979,-3075,14953,
5973,-3071,14918,
5947,-3060,14938,
5937,-3061,14879,
5916,-3117,14884,
5995,-3009,14836,
5879,-3082,14795,
5917,-3042,14758,
5917,-3124,14838,
5964,-3087,14860,
5932,-3083,14873,
5955,-3099,14935,
5997,-3073,14931,
5926,-3120,14961,
5978,-3048,14984,
5964,-3096,14910,
5916,-3004,14844,
5945,-3085,14890,
5963,-3057,14791,
5927,-3091,14795,
5891,-3023,14806,
5933,-3063,14818,
5954,-3084,14889,
5998,-3052,14839,
5988,-3018,14941,
6003,-3057,14918,
5948,-3119,14939,
5932,-3074,15045,
5996,-3081,14962,
5953,-3090,14951,
5918,-3049,14859,
5949,-3117,14825,
5952,-3025,14830,
5951,-3105,14780,
5924,-3008,14874,
5906,-3067,14902,
5962,-3056,14900,
5972,-3118,14961,
5981,-3096,14953,
5965,-3052,14938,
5975,-3091,14932,
5979,-2987,14926,
5954,-3123,14875,
5957,-3039,14822,
5924,-3084,14833,
5947,-3034,14775,
5893,-3080,14885,
5931,-3086,14849,
5960,-3013,14862,
5888,-3109,14875,
5973,-3075,14870,
5955,-3132,14943,
5968,-3035,14910,
5912,-3108,14921,
5964,-3054,14857,
5953,-3041,14874,
5310,-4092,15676,
6051,-2635,14112,
6230,-2956,14696,
5693,-2752,15485,
5867,-3445,14817,
5855,-2937,15201,
5987,-3001,14932,
5923,-3012,14889,
6033,-3095,14784,
5987,-3025,15013,
5933,-3060,14959,
5975,-3021,14970,
5970,-2960,14894,
5933,-3043,14918,
5937,-2956,14881,
5967,-3015,14865,
5952,-2944,14906,
5925,-3096,14843,
5943,-2974,14866,
5952,-3021,14923,
5969,-3016,14880,
5929,-2957,14907,
6011,-3041,14921,
6004,-2962,14901,
5954,-3013,14953,
5981,-3002,14875,
5941,-3021,14938,
5969,-3020,14851,
5935,-2994,14876,
5922,-3056,14809,
5909,-2990,14875,
5931,-3076,14861,
5928,-2959,14878,
5921,-3039,14854,
5921,-3000,14872,
5952,-3016,14931,
5943,-2981,14959,
5982,-2925,14863,
5962,-3012,14958,
5947,-3011,14904,
5923,-3018,14918,
5948,-2971,14880,
5932,-3046,14919,
5956,-2976,14890,
5964,-2999,14929,
5983,-2970,14927,
5948,-2943,14942,
5963,-3011,14880,
5973,-2952,14943,
5956,-3016,14923,
5991,-2950,14966,
5897,-3055,14903,
5994,-2959,14909,
5930,-3042,14892,
5947,-3024,14874,
5935,-2974,14880,
5950,-2990,14859,
5910,-2957,14886,
5964,-3035,14934,
5940,-2972,14895,
5904,-3022,14935,
5996,-2978,14858,
5902,-3000,14928,
5942,-2980,14939,
5948,-3001,14942,
5978,-2951,14911,
5969,-2980,14918,
5917,-3029,14919,
5958,-2962,14941,
5947,-3022,14922,
5964,-2971,14895,
5946,-3086,14912,
5975,-2961,14911,
5934,-3044,14927,
5968,-3007,14913,
5948,-2942,14918,
5964,-2990,14950,
5945,-2957,14889,
5920,-3027,14962,
5903,-2908,14841,
5921,-3004,14960,
5950,-2908,14886,
5933,-3058,14916,
5934,-2924,14916,
5945,-2980,14933,
5953,-2998,14931,
5975,-2944,14903,
5962,-3005,14932,
5980,-2972,14957,
5924,-2973,14890,
5953,-3004,14873,
5927,-3025,14927,
5973,-2967,14888,
5916,-2987,14904,
5954,-2949,14924,
5951,-2964,14892,
5947,-3056,14941,
5904,-2931,14911,
5923,-3070,14982,
5947,-2930,14912,
5945,-2980,14923,
5951,-3008,14961,
5956,-2963,14936,
5928,-2972,14911,
5921,-2972,14900,
5953,-3029,14900,
5972,-2943,14912,
5962,-3007,14912,
5918,-2958,14911,
5971,-2979,14928,
5925,-2954,14941,
5949,-2961,14937,
5957,-2993,14916,
5894,-2844,14791,
5957,-3041,15000,
5969,-2930,14920,
5923,-3062,14926,
5915,-2908,14858,
5920,-2963,14888,
5913,-2899,14902,
5949,-2972,14933,
5924,-2984,14896,
5920,-2911,14909,
5960,-2975,14914,
5950,-2906,14917,
5944,-2979,14995,
5983,-3012,14993,
5933,-2951,14933,
5981,-2960,14971,
5937,-2915,14939,
5904,-3001,14949,
5944,-2918,14888,
5906,-3014,14928,
5947,-2940,14905,
5934,-2963,14908,
5904,-2922,14894,
5865,-2979,14919,
5954,-2947,14949,
5934,-2940,14947,
5944,-2990,14991,
5908,-2967,14949,
5927,-2962,14998,
5919,-2882,14915,
5933,-2954,14923,
5924,-2886,14879,
5925,-2934,14932,
5918,-2936,14870,
5916,-2935,14937,
5900,-2977,14866,
5941,-2899,14869,
5912,-3017,14974,
5940,-2859,14927,
5955,-2999,14945,
6006,-2975,15035,
5883,-2952,14970,
5960,-2985,14999,
5895,-2928,14915,
5922,-2968,14949,
5960,-2937,14876,
5890,-2943,14912,
5911,-2921,14836,
5925,-2996,14944,
5956,-2930,14916,
5893,-2955,14966,
5925,-2962,14987,
5967,-2936,14932,
5937,-2965,14996,
5944,-2898,14995,
5891,-2976,14990,
5970,-2892,14947,
5943,-2932,14936,
5918,-2938,14918,
5896,-2977,14851,
5926,-2883,14867,
5926,-2951,14877,
5908,-2943,14923,
5899,-2916,14854,
5935,-2912,14955,
5962,-2910,14964,
5885,-2982,14943,
5941,-2853,14910,
5925,-3010,14961,
5949,-2919,14916,
5905,-2969,14910,
5922,-2948,14969,
5926,-2880,14925,
5907,-3017,14867,
5975,-2882,14923,
5909,-2983,14998,
5927,-2834,14876,
5883,-3003,14953,
5956,-2916,14963,
5943,-2929,14967,
5925,-2953,14981,
5936,-2911,14991,
5889,-2963,15005,
5959,-2878,14869,
5943,-2990,14912,
5915,-2921,14900,
5906,-2969,14941,
5929,-2912,14899,
5860,-2974,14910,
5931,-2944,14910,
5920,-2925,14929,
5958,-2953,14937,
5938,-2911,14922,
5913,-2970,14983,
5972,-2914,14917,
5896,-2949,14926,
5915,-2906,14903,
5888,-2926,14917,
5884,-2948,14896,
5900,-2921,14959,
5888,-2941,14932,
5922,-2900,14903,
5891,-2961,14919,
5964,-2850,14887,
5890,-2982,14945,
5938,-2921,14964,
5956,-2914,14950,
5922,-2935,14975,
5881,-2936,14990,
5926,-2993,14947,
5930,-2886,14922,
5901,-2942,14920,
5962,-2889,14914,
5911,-2971,14938,
5966,-2920,14928,
5914,-2936,14931,
5929,-2937,14913,
5913,-2908,14890,
5913,-2944,14943,
5929,-2884,14918,
5940,-2940,14940,
5919,-2894,14962,
5880,-2985,14923,
5917,-2904,14887,
5901,-2931,14925,
5945,-2879,14930,
5939,-2912,14922,
5925,-2931,14899,
5926,-2872,14900,
5905,-2949,14956,
5932,-2873,14905,
5914,-2957,14961,
5930,-2914,14927,
5926,-2918,14972,
5941,-2902,14911,
5937,-2931,14977,
5911,-2930,14918,
5901,-2863,14937,
5912,-2954,14896,
5950,-2889,14952,
5901,-2959,14958,
5944,-2869,14912,
5951,-2935,14985,
5954,-2920,14937,
5943,-2916,15000,
5917,-2942,14958,
5922,-2876,14960,
5892,-2959,14927,
5917,-2842,14930,
5879,-2922,14976,
5966,-2875,14896,
5886,-2930,14927,
5910,-2906,14882,
5923,-2897,14915,
5920,-2887,14923,
5935,-2890,14920,
5932,-2933,14941,
5915,-2894,14964,
5952,-2947,14949,
5954,-2876,14947,
5875,-2955,14984,
5919,-2879,14930,
5899,-2953,14924,
5864,-2945,14923,
5908,-2910,14930,
5895,-2948,14944,
5922,-2865,14896,
5888,-2966,14920,
5916,-2850,14924,
5927,-2959,14976,
5904,-2917,14960,
5898,-2920,14951,
5910,-2933,14974,
5914,-2839,14924,
5929,-2954,14954,
5919,-2868,14938,
5914,-2945,14915,
5924,-2831,14874,
5862,-2975,14943,
5925,-2895,14947,
5939,-2918,14878,
5907,-2892,14988,
5894,-2894,14912,
5944,-2928,15002,
5978,-2873,14963,
5879,-2963,14943,
5937,-2858,14899,
5875,-2939,14977,
5911,-2871,14920,
5844,-2942,14935,
5924,-2944,14906,
5896,-2871,14923,
5912,-2930,14908,
5924,-2873,14923,
5886,-2924,14967,
5913,-2860,14974,
5904,-2946,14979,
5944,-2889,14991,
5951,-2856,14928,
5914,-2938,14961,
5925,-2922,14974,
5913,-2953,14949,
5908,-2835,14887,
5894,-2950,14959,
5897,-2861,14924,
5885,-2939,14932,
5938,-2863,14886,
5897,-2871,14932,
5926,-2922,14953,
5876,-2856,14930,
5853,-2940,14927,
5893,-2874,14911,
5897,-2930,15016,
5941,-2836,14948,
5904,-2934,14961,
5940,-2861,14906,
5881,-2847,14887,
5901,-2911,14893,
5880,-2864,14954,
5895,-2926,14946,
5903,-2878,14975,
5869,-2927,15009,
5936,-2872,14970,
5888,-2921,14931,
5931,-2893,14941,
5873,-2880,14975,
5878,-2889,14943,
5903,-2865,14947,
5897,-2927,14917,
5902,-2862,14934,
5899,-2934,14911,
5898,-2843,14909,
5873,-2870,14929,
5892,-2894,14937,
5913,-2879,14900,
5922,-2880,14944,
5896,-2839,15005,
5884,-2965,15034,
5914,-2860,14940,
5899,-2960,14940,
5897,-2822,14922,
5880,-2924,14969,
5900,-2880,14848,
5856,-2908,14882,
5923,-2866,14844,
5878,-2872,14937,
5920,-2892,14943,
5912,-2879,14890,
5886,-2908,14997,
5908,-2835,14909,
5885,-2906,14976,
5952,-2870,14970,
5884,-2883,14940,
5891,-2871,14963,
5888,-2857,14897,
5917,-2878,15002,
5876,-2867,14841,
5957,-2947,15034,
5894,-2849,14958,
5883,-2766,14915,
5965,-2937,15093,
5934,-2911,15027,
5959,-2938,15083,
5865,-2912,14918,
5909,-2860,14920,
5916,-2877,14914,
5895,-2874,14927,
5889,-2847,14903,
5884,-2918,14920,
5914,-2858,14838,
5882,-2885,14898,
5923,-2874,14918,
5889,-2911,15004,
5919,-2841,14954,
5890,-2817,14938,
5899,-2943,15036,
5913,-2874,14927,
5852,-2925,14956,
5868,-2846,14890,
5903,-2895,14905,
5898,-2823,14871,
5861,-2921,14901,
5861,-2855,14869,
5864,-2847,14925,
5879,-2927,14945,
5907,-2840,14925,
5838,-2881,14972,
5921,-2851,14920,
5897,-2884,14978,
5905,-2870,15009,
5900,-2873,14994,
5904,-2878,14953,
5922,-2863,14961,
5883,-2900,14900,
5875,-2864,14925,
5889,-2904,14909,
5889,-2791,14921,
5863,-2902,14911,
5873,-2867,14885,
5873,-2892,14919,
5881,-2814,14937,
5862,-2891,14920,
5894,-2873,14898,
5898,-2805,14929,
5856,-2891,14876,
5891,-2796,14838,
5805,-2921,14836,
5904,-2820,14840,
5860,-2878,14951,
5917,-2894,14965,
5886,-2863,15013,
5951,-2957,15057,
5953,-2863,14991,
5931,-2944,15120,
5994,-2802,15017,
5901,-2879,15106,
5954,-2879,15054,
5907,-2867,14966,
5892,-2842,14935,
5910,-2859,14867,
5873,-2871,14888,
5892,-2879,14872,
5849,-2867,14917,
5916,-2825,14923,
5837,-2873,14910,
5922,-2830,14951,
5879,-2871,14994,
5916,-2825,14954,
5864,-2833,15014,
5935,-2855,15013,
5890,-2848,15031,
5902,-2888,15012,
5938,-2821,14915,
5869,-2908,15010,
5883,-2847,14953,
5867,-2896,14982,
5891,-2770,14841,
5883,-2829,14906,
5907,-2872,14959,
5903,-2806,14886,
5868,-2910,15000,
5787,-3423,13885,
5232,-3027,16759,
5635,-4010,12483,
7235,-5082,12508,
6389,-6273,15813,
6207,-3667,10343,
6449,-5004,15977,
5997,-4199,11054,
5782,-2613,13962,
5608,-411,19605,
5341,-987,14848,
6136,-3136,16810,
5288,-2842,13167,
5369,2251,16230,
4441,-163,12903,
5996,-814,16660,
5394,-2592,15160,
6793,-826,14794,
5490,-2045,15216,
5404,-2386,15210,
4205,-23076,-15489,
8552,-11372,32050,
9588,9399,2853,
3439,295,17767,
4812,-1684,14704,
5517,-1684,16868,
4223,-4351,14755,
6059,-694,14729,
8429,-1828,19765,
8868,-1153,17695,
12459,1135,11733,
9560,3315,23479,
1413,-7225,14182,
2040,-3446,9576,
2949,-4902,7492,
6835,-1426,11302,
10721,-4733,14641,
9557,297,10258,
6603,287,18891,
2274,-10862,15905,
5176,102,15560,
5444,-9212,16964,
5780,-11877,14250,
5208,-8916,12815,
5588,-6541,15901,
4697,-3942,18141,
2916,-2238,13990,
2746,-2251,13968,
5947,-5344,18174,
5270,-4267,13108,
2235,-7792,712,
12752,-9220,32764,
1792,-1075,3726,
4820,-2420,11388,
3074,-1970,13994,
7132,2937,15240,
1547,5366,12744,
2452,-179,11597,
5092,-795,15712,
5294,-1471,15152,
5172,-3282,16396,
3660,-1216,10551,
5684,10181,19130,
4847,3464,21679,
2082,-2858,21303,
1691,-8558,16037,
4659,-1931,15730,
6674,-239,16474,
11521,-10327,16050,
7119,-1117,14079,
8241,2128,18205,
3756,2788,16284,
5207,2030,20134,
4863,-5063,12603,
8147,-4649,12389,
3634,-8635,10836,
5683,-7933,12950,
7325,-2708,14597,
4187,-1199,17281,
3409,6520,27408,
8410,-1845,29787,
4684,-1170,10371,
5490,-4252,18542,
5901,-5582,15733,
-2575,-11731,9972,
1015,-5632,8608,
1686,-3718,8775,
6005,-5520,13790,
2784,-2392,8670,
2397,756,9279,
2228,2408,9452,
-1868,-8785,25544,
1688,-1938,16111,
3136,102,16849,
2457,-615,17517,
1364,-1249,17201,
2170,-1571,15851,
2858,-2793,16899,
2365,-8297,15528,
4308,2142,14429,
2137,-4472,8025,
3081,3696,15399,
7963,7233,11893,
1464,-5033,17364,
5475,-3958,20769,
7919,-3751,8262,
8029,-330,16864,
6124,-403,20129,
2875,-2194,16423,
4838,8507,18858,
7849,5882,31013,
3704,-1267,20798,
3391,-3510,5887,
-395,-2283,3694,
1726,-3193,15779,
1789,1393,14830,
4072,3104,19769,
5165,-653,19310,
6092,-4456,13546,
4120,-531,15057,
4026,-2565,11692,
4792,-1855,15756,
7373,2011,-892,
-5907,-4286,-27769,
3597,-2380,12794,
3403,828,12307,
6156,-198,16276,
5850,-3660,22342,
4033,-4702,24797,
6494,-10718,21361,
4827,-4709,13867,
4543,-3079,15028,
3479,-5324,16965,
3343,-6386,11384,
3767,-5652,11387,
2041,2022,9708,
5509,1392,15632,
4574,3734,13167,
5938,4504,17818,
4816,5453,20945,
4657,4884,20922,
5714,328,14514,
6735,1180,12560,
3789,677,14432,
2431,553,14262,
1311,101,13001,
1175,1551,13232,
1799,2711,13431,
3601,3640,12112,
6617,1772,9538,
12765,-5424,32764,
3509,5272,-2888,
8071,-1888,19711,
4195,-214,4729,
10887,-2036,20714,
6074,-2523,17129,
7554,-2449,11166,
7590,-1367,13476,
5443,-3149,17163,
11803,4375,12663,
7647,-5224,15996,
6170,-909,7627,
5988,-4170,10556,
4234,-8745,21328,
6193,-771,12120,
5873,-1091,14882,
6464,-2353,15460,
6550,-477,15380,
7412,-1202,15950,
6570,-283,14106,
5171,-1697,14957,
5169,-1793,16028,
6169,-979,14092,
6456,-1265,15253,
6389,-1072,14898,
6544,-1040,14712,
5985,-1388,15062,
6015,-1108,15120,
6075,-1174,15036,
6040,-1103,14959,
6053,-1190,15220,
6114,-1087,14914,
6165,-1133,14939,
6143,-1312,15229,
6136,-1112,14828,
6130,-1264,15020,
6111,-1252,15040,
6167,-1137,15091,
6178,-1209,15093,
6122,-1227,15193,
6157,-1228,15195,
6130,-1213,15129,
6164,-1224,15179,
6135,-1225,15136,
6143,-1191,14980,
6147,-1242,15018,
6190,-1192,15013,
6090,-1215,14976,
6077,-1209,14959,
6070,-1158,14993,
6129,-1169,15059,
5944,-1315,14702,
5770,-1414,14728,
5621,-1124,15404,
5769,-1024,15014,
6089,-1091,15181,
6368,-1339,14924,
6057,-1044,15604,
6003,-972,14607,
6103,-1234,14878,
6556,-1070,14906,
6579,-1071,14105,
6222,-801,15326,
6483,-1328,15344,
5966,-1375,15337,
6318,-1203,15115,
6338,-1172,14726,
6401,-889,15012,
6234,-1229,15225,
6246,-1104,15211,
6094,-1381,14824,
6087,-1287,15328,
6208,-1437,15566,
-90,16556,21311,
9293,2543,15775,
7666,2908,13284,
4907,1607,14122,
3155,-258,20979,
4630,1845,9583,
6248,2125,15111,
5057,583,13798,
6321,-2360,14686,
7596,-426,16189,
6280,-428,14339,
6672,-2156,15126,
5897,-1151,15648,
6893,-2301,16240,
5762,-1276,12304,
6567,-3249,17250,
6282,-6083,18225,
7901,3459,18570,
6581,-2011,15487,
5993,-280,15114,
4745,-823,13650,
5965,-1892,14609,
5139,-1521,14536,
6819,-1496,16479,
6465,-913,17231,
6521,-743,15459,
5456,-748,15529,
5642,-889,14802,
5655,-1036,14480,
6613,-2449,15849,
5812,-1945,13447,
5807,-1605,15956,
6224,-88,16260,
5605,-76,10664,
6944,103,17681,
6609,-1730,21548,
6791,501,14485,
6042,-789,14445,
6080,-1367,15373,
6438,-2683,15208,
7186,-1481,16788,
7281,-2867,16083,
5736,-1256,14572,
6037,-1425,15282,
5412,692,16463,
5156,827,14876,
4458,511,12199,
5651,-904,14310,
6082,-780,15617,
6197,-960,15290,
5960,-1205,14684,
5859,-1079,14185,
6139,-1145,15184,
6067,-1570,15329,
6381,-2630,14188,
5902,-1152,14541,
5826,-1611,15536,
5846,-2947,12898,
6032,-3892,11763,
7557,-5210,16623,
5656,-4011,16966,
7190,-4206,13621,
6690,-1352,20818,
5802,-261,14118,
6107,673,15553,
6118,-623,12638,
5022,244,12939,
5269,147,16501,
5258,748,16133,
4952,1686,15012,
5358,832,16045,
5725,-619,15154,
5898,-294,15753,
6009,-1936,14583,
6147,-1333,15462,
5981,-1023,15287,
6293,-1071,15937,
5748,-1447,16200,
6095,-352,15017,
6020,-1490,14625,
6400,-1138,15257,
6144,-1058,15322,
6042,-1128,14980,
6124,-1174,15050,
6214,-1383,15062,
6176,-1117,15160,
5918,-1002,14912,
5915,-1318,14771,
6198,-1050,15619,
6135,-1086,15413,
5955,-1146,14974,
6115,-1116,15167,
6084,-1070,15039,
6137,-1078,15223,
6308,-1097,15482,
5983,-1082,15080,
5942,-1390,14793,
6050,-1243,15192,
6118,-1089,15314,
6031,-1199,15012,
6055,-1125,14837,
6023,-1154,14968,
6037,-1290,15002,
6202,-1204,15227,
6053,-1329,15130,
6032,-1322,15025,
6021,-1048,15238,
6034,-1138,15058,
6068,-1242,15069,
6060,-1266,15122,
6055,-1232,15113,
6065,-1273,15184,
6077,-1289,15066,
5980,-1225,14999,
6001,-1201,15049,
5998,-1237,15026,
5997,-1326,15168,
6063,-1256,15245,
6076,-1287,15109,
6110,-1291,15208,
6142,-1297,15191,
6076,-1332,15119,
6055,-1368,14978,
6063,-1231,15094,
6015,-1278,15124,
6021,-1286,15050,
5998,-1301,14966,
6079,-1267,15117,
6104,-1225,15125,
6085,-1286,15017,
6064,-1256,15023,
6041,-1322,15005,
6027,-1313,15124,
6024,-1326,15077,
6063,-1319,15189,
6042,-1220,15137,
6015,-1231,15117,
6071,-1269,15091,
6094,-1238,15172,
6076,-1287,15139,
6035,-1312,15088,
6032,-1348,15100,
6037,-1335,15032,
6037,-1341,15078,
6033,-1285,15088,
6063,-1267,15101,
6059,-1242,15121,
6032,-1244,15141,
6050,-1250,15078,
6026,-1269,15115,
6019,-1335,15031,
6149,-1268,15314,
6017,-1254,15206,
6074,-1201,15311,
6133,-1216,15413,
6102,-1247,15225,
6052,-1245,15173,
6107,-1265,15157,
5991,-1335,15040,
6038,-1284,15091,
6006,-1322,15039,
6012,-1322,15114,
5989,-1343,15048,
6017,-1301,15086,
6087,-1323,15128,
6180,-1210,15295,
6219,-1282,15232,
5819,-1324,14883,
6243,-1401,15591,
6087,-1245,15180,
6014,-1282,15071,
6135,-1241,15333,
6038,-1285,15237,
6039,-1354,15181,
6047,-1318,15114,
6046,-1287,15153,
6062,-1341,15098,
6016,-1305,15104,
6003,-1362,15073,
6022,-1375,15120,
6027,-1374,15102,
6030,-1304,15132,
6058,-1313,15168,
6078,-1333,15180,
6069,-1312,15133,
6037,-1353,15106,
6046,-1368,15058,
6014,-1377,15060,
6010,-1367,15084,
6020,-1360,15088,
6003,-1301,15095,
6061,-1356,15130,
6042,-1306,15147,
6031,-1329,15068,
6076,-1365,15103,
6043,-1315,15091,
6035,-1389,15081,
6020,-1373,15087,
6010,-1346,15146,
6042,-1308,15160,
6041,-1317,15171,
6045,-1281,15152,
6050,-1291,15158,
6047,-1327,15124,
6030,-1334,15083,
6008,-1366,15072,
6006,-1379,15044,
6013,-1345,15157,
6027,-1359,15100,
6023,-1326,15135,
6069,-1310,15103,
6047,-1288,15105,
6026,-1296,15120,
6020,-1341,15108,
6029,-1362,15101,
6014,-1411,15065,
6005,-1370,15115,
5998,-1357,15070,
6004,-1351,15121,
5998,-1292,15090,
6019,-1338,15183,
6043,-1325,15121,
6034,-1317,15065,
5998,-1394,15088,
6010,-1390,15007,
5989,-1340,15087,
6014,-1344,15137,
6040,-1337,15160,
6073,-1331,15187,
6080,-1341,15147,
6067,-1307,15187,
6073,-1343,15114,
6039,-1348,15078,
6031,-1352,15066,
6005,-1400,15062,
5996,-1367,15031,
6057,-1338,15122,
6002,-1300,15108,
6061,-1292,15167,
6057,-1349,15126,
6088,-1334,15180,
6052,-1360,15077,
5988,-1389,15026,
6007,-1372,15009,
6010,-1407,15074,
6034,-1392,15140,
6023,-1297,15185,
6035,-1295,15159,
6088,-1315,15116,
6071,-1362,15132,
6022,-1356,15108,
6051,-1390,15042,
6018,-1383,15035,
6008,-1380,15011,
6023,-1381,15097,
6015,-1262,15149,
6070,-1310,15156,
6075,-1325,15198,
6101,-1312,15154,
6048,-1355,15155,
6040,-1329,15086,
6037,-1383,15073,
6023,-1324,15083,
6017,-1348,15099,
6006,-1276,15123,
6056,-1335,15143,
6081,-1294,15173,
6080,-1295,15181,
6030,-1355,15063,
6077,-1356,15089,
