5978,-1141,15106,
5966,-1084,15092,
5939,-1138,15157,
5973,-1158,15117,
6000,-1162,15229,
6009,-1177,15268,
6074,-1142,15249,
6005,-1174,15252,
6004,-1181,15163,
5981,-1189,15177,
5952,-1117,15115,
5965,-1194,15091,
5943,-1146,14998,
5954,-1161,15056,
5950,-1143,15041,
6018,-1168,15125,
5917,-1173,15099,
6020,-1120,15196,
5951,-1166,15131,
6038,-1123,15178,
5951,-1186,15155,
5995,-1148,15127,
5989,-1192,15221,
5991,-1160,15083,
6038,-1160,15146,
5957,-1182,15021,
5974,-1093,15074,
5940,-1186,15046,
6006,-1141,15061,
5928,-1175,15090,
5946,-1159,15044,
5932,-1161,15142,
5920,-1270,14982,
6006,-1131,15154,
5952,-1138,15050,
6011,-1183,15149,
5904,-1171,15092,
5990,-1095,15207,
5986,-1179,15223,
6022,-1151,15233,
6001,-1150,15313,
6051,-1201,15259,
6018,-1157,15258,
5975,-1205,15104,
5977,-1149,15188,
5978,-1182,15105,
5987,-1124,15122,
5907,-1161,15026,
5964,-1134,15059,
5911,-1155,15093,
5949,-1141,14985,
5974,-1178,15092,
5957,-1203,15054,
6027,-1129,15170,
5926,-1197,15144,
6007,-1121,15150,
5970,-1160,15169,
5997,-1134,15150,
5938,-1137,15136,
5960,-1181,15119,
5961,-1155,15185,
5931,-1246,15064,
5957,-1133,15151,
5950,-1194,15036,
6034,-1135,15117,
5937,-1171,15099,
5971,-1162,15106,
5981,-1179,15175,
5973,-1171,15139,
5936,-1148,15152,
5947,-1199,15062,
5986,-1171,15197,
5933,-1168,15138,
6024,-1163,15088,
5955,-1194,15131,
5976,-1115,15121,
5941,-1182,15125,
5913,-1183,15122,
5935,-1207,15133,
5931,-1204,15103,
5989,-1166,15159,
5972,-1226,15091,
6033,-1201,15132,
5965,-1214,15106,
5972,-1209,15122,
6000,-1192,15192,
5986,-1210,15130,
5944,-1186,15157,
5964,-1203,15089,
5979,-1200,15141,
5937,-1211,15113,
5975,-1194,15120,
5939,-1228,15149,
5930,-1185,15099,
5949,-1247,15139,
5965,-1189,15107,
5938,-1188,15118,
5930,-1205,15047,
5953,-1169,15129,
5885,-1292,15010,
5974,-1168,15112,
5957,-1228,15110,
6034,-1258,15116,
6143,-1481,15536,
5924,-1059,15299,
5869,-1203,15014,
5982,-1204,15106,
5979,-1187,15166,
5969,-1191,15166,
5998,-1150,15237,
5948,-1205,15155,
6006,-1207,15128,
5999,-1164,15141,
5907,-1186,15046,
5925,-1195,15119,
5957,-1166,15100,
5986,-1181,15146,
5897,-1158,15056,
5993,-1155,15149,
5958,-1242,15121,
5949,-1145,15147,
5970,-1217,15159,
5968,-1169,15130,
5945,-1239,15158,
5989,-1188,15156,
5998,-1159,15226,
5958,-1190,15091,
6019,-1166,15184,
5977,-1194,15117,
6018,-1133,15192,
5914,-1223,15215,
6018,-1180,15154,
5982,-1176,15158,
6010,-1190,15201,
5984,-1154,15153,
5984,-1202,15140,
6020,-1127,15089,
5930,-1158,15092,
5990,-1143,15047,
5922,-1148,15068,
5941,-1148,15068,
5960,-1179,15023,
5930,-1145,15013,
5954,-1175,15068,
5951,-1158,15058,
5961,-1141,15150,
5945,-1161,15083,
6010,-1109,15225,
6005,-1196,15162,
5989,-1111,15161,
5946,-1161,15218,
5976,-1103,15145,
6010,-1121,15227,
5959,-1142,15080,
5999,-1138,15156,
5920,-1168,15098,
5973,-1078,15071,
5952,-1186,15074,
6012,-1124,15124,
5891,-1144,15062,
5989,-1163,15113,
5944,-1123,15150,
5974,-1158,15100,
5980,-1040,15199,
5946,-1057,15106,
6003,-1126,15127,
5982,-1168,15176,
6034,-1110,15169,
6004,-1123,15173,
6002,-1131,15145,
6015,-1149,15176,
5995,-1127,15091,
5965,-1104,15196,
5930,-1164,15156,
5990,-1094,15169,
5977,-1146,15107,
6017,-1079,15093,
5959,-1187,15105,
6007,-1119,15053,
5936,-1111,15115,
5921,-1149,15036,
5938,-1093,15122,
5947,-1163,15088,
5971,-1063,15155,
5915,-1133,15050,
5957,-1072,15107,
5948,-1145,15152,
6010,-1095,15068,
5934,-1095,15151,
5964,-1165,15059,
5974,-1103,15169,
5958,-1179,15152,
5996,-1108,15213,
5963,-1163,15175,
6003,-1114,15151,
5978,-1137,15171,
5990,-1095,15149,
5981,-1132,15173,
5948,-1135,15091,
5981,-1149,15170,
5936,-1179,15050,
5980,-1086,15145,
5928,-1148,15004,
5978,-1097,15103,
5889,-1148,15033,
5944,-1073,15102,
5978,-1123,15143,
6007,-1123,15106,
5941,-1126,15202,
5956,-1115,15164,
5989,-1122,15228,
5979,-1161,15201,
6038,-1107,15176,
5965,-1145,15154,
5964,-1131,15127,
5977,-1183,15197,
5961,-1120,15073,
5985,-1126,15163,
5924,-1177,15014,
5963,-1116,15066,
5903,-1149,15021,
5976,-1116,15104,
5931,-1135,15123,
6032,-1094,15166,
5923,-1112,15149,
5960,-1127,15148,
5968,-1073,15234,
5957,-1167,15154,
5987,-1136,15184,
5933,-1138,15139,
5989,-1096,15131,
5941,-1146,15152,
5935,-1127,15109,
5965,-1173,15195,
5967,-1136,15096,
5985,-1095,15152,
5959,-1130,15073,
5976,-1126,15124,
5896,-1157,15040,
5994,-1074,15225,
5911,-1144,15122,
5989,-1092,15176,
5937,-1111,15194,
6013,-1122,15155,
5963,-1170,15206,
5990,-1172,15111,
6000,-1121,15188,
5969,-1172,15142,
6009,-1079,15167,
5948,-1146,15136,
5967,-1077,15147,
5944,-1128,15129,
5929,-1142,15068,
5995,-1101,15158,
5985,-1138,15085,
6013,-1119,15198,
5935,-1177,15090,
6002,-1053,15190,
5958,-1132,15147,
6023,-1113,15136,
5905,-1147,15122,
5991,-1157,15127,
5953,-1115,15165,
5968,-1191,15086,
5953,-1103,15158,
5933,-1155,15099,
5977,-1142,15124,
5929,-1146,15075,
6009,-1108,15083,
5926,-1089,15198,
5938,-1133,15048,
6004,-1131,15167,
5948,-1165,15065,
6019,-1096,15262,
5923,-1175,15030,
5983,-1091,15122,
5932,-1165,15060,
5986,-1085,15120,
5922,-1077,15116,
5936,-1126,15066,
5991,-1116,15200,
5990,-1124,15133,
6039,-1069,15280,
6000,-1146,15184,
6053,-1093,15213,
5996,-1147,15194,
6041,-1076,15230,
5935,-1102,15206,
5957,-1113,15095,
5949,-1122,15133,
5913,-1172,15073,
5942,-1094,15110,
5921,-1163,14987,
5975,-1075,15099,
5894,-1149,15025,
5958,-1111,15077,
5933,-1118,15120,
5966,-1082,15145,
5975,-1081,15224,
5959,-1131,15112,
5977,-1134,15225,
5934,-1156,15181,
6013,-1122,15247,
5955,-1172,15106,
6014,-1095,15221,
5983,-1159,15145,
5976,-1105,15099,
5961,-1101,15159,
5921,-1108,15035,
5925,-1126,15083,
5942,-1170,15064,
5961,-1101,15123,
5961,-1161,15034,
5954,-1091,15121,
5954,-1161,15192,
6001,-1052,15228,
5962,-1120,15220,
5995,-1140,15229,
6009,-1123,15281,
6029,-1115,15237,
6017,-1096,15293,
5948,-1176,15120,
5986,-1115,15118,
5932,-1174,15077,
5954,-1129,15039,
5944,-1149,15065,
5942,-1126,15039,
5946,-1098,15096,
5921,-1120,15028,
5940,-1091,15103,
5951,-1123,15096,
5996,-1063,15142,
5963,-1134,15125,
5992,-1121,15109,
5956,-1119,15165,
6024,-1094,15159,
5984,-1094,15248,
5935,-1157,15154,
5961,-1099,15228,
5939,-1174,15121,
5992,-1088,15196,
5925,-1158,15144,
6005,-1115,15179,
5935,-1151,15116,
5979,-1163,15054,
5977,-1130,15163,
5970,-1152,15073,
5965,-1149,15207,
5954,-1154,15067,
5961,-1070,15175,
5916,-1127,15117,
6005,-1089,15191,
5906,-1100,15144,
5966,-1138,15113,
5991,-1094,15235,
6000,-1109,15147,
6048,-1109,15285,
5955,-1168,15112,
6058,-1074,15217,
5965,-1171,15125,
5977,-1104,15099,
5923,-1122,15115,
5955,-1098,15076,
5900,-1077,15079,
5957,-1184,14972,
5983,-1122,15084,
5930,-1152,15011,
5958,-1112,15207,
5963,-1118,15110,
5998,-1101,15199,
5996,-1118,15204,
5994,-1115,15141,
6001,-1134,15216,
6000,-1163,15125,
5962,-1115,15217,
5922,-1153,15130,
6005,-1124,15205,
5910,-1137,15078,
6029,-1073,15172,
5968,-1149,15123,
5991,-1154,15091,
5979,-1185,15116,
5934,-1135,15066,
5977,-1127,15151,
5931,-1147,15070,
5991,-999,15212,
5936,-1139,15148,
6024,-1089,15193,
5980,-1144,15213,
6020,-1092,15196,
6010,-1132,15208,
5963,-1165,15102,
5973,-1124,15209,
5966,-1160,15152,
6022,-1104,15167,
5947,-1142,15087,
5965,-1090,15111,
5929,-1121,15118,
5934,-1121,15066,
5952,-1159,15134,
5940,-1138,15086,
5958,-1127,15205,
5962,-1156,15107,
6008,-1091,15205,
5924,-1138,15154,
5986,-1091,15167,
5956,-1127,15140,
5996,-1106,15164,
5998,-1117,15233,
5945,-1152,15097,
5994,-1071,15197,
5943,-1134,15051,
5953,-1090,15144,
5955,-1122,15079,
5967,-1105,15123,
5927,-1151,15151,
6018,-1058,15119,
5967,-1110,15155,
5953,-1101,15098,
5990,-1150,15176,
5932,-1209,15040,
6003,-1076,15204,
5906,-1131,15054,
5947,-1067,15113,
5970,-1156,15152,
6018,-1091,15205,
5977,-1124,15255,
6030,-1097,15186,
6017,-1123,15233,
5950,-1145,15142,
5975,-1101,15212,
5903,-1128,15091,
5953,-1096,15171,
5926,-1121,15094,
5979,-1170,15058,
5942,-1122,15079,
5930,-1137,15076,
5956,-1076,15148,
5932,-1133,15087,
5981,-1111,15178,
5925,-1173,15133,
5990,-1061,15194,
5985,-1154,15173,
6011,-1059,15256,
5965,-1143,15213,
5980,-1085,15202,
5942,-1143,15246,
5960,-1137,15097,
5990,-1096,15185,
5936,-1148,15068,
5982,-1083,15148,
5901,-1176,15158,
5978,-1116,15070,
5926,-1167,15140,
5951,-1144,15064,
5937,-1114,15121,
5937,-1149,15105,
5958,-1090,15189,
5959,-1154,15106,
5998,-1115,15161,
5911,-1161,15118,
5982,-1091,15126,
5944,-1131,15187,
5931,-1142,15080,
5927,-1091,15174,
5946,-1113,15113,
5965,-1118,15173,
5966,-1180,15132,
5986,-1078,15184,
5914,-1150,15118,
5963,-1117,15159,
5943,-1119,15157,
5934,-1147,15074,
5974,-1146,15204,
5952,-1165,15128,
5977,-1116,15218,
5893,-1174,15047,
5954,-1081,15111,
5954,-1179,15121,
5992,-1097,15145,
5926,-1188,15188,
5959,-1122,15131,
5930,-1158,15177,
5949,-1177,15088,
5973,-1121,15198,
5971,-1152,15103,
5976,-1110,15171,
5916,-1167,15134,
5996,-1094,15168,
5959,-1128,15198,
5981,-1157,15115,
5984,-1130,15217,
5932,-1175,15084,
5974,-1118,15173,
5949,-1160,15068,
5946,-1119,15161,
5925,-1185,15102,
6023,-1094,15193,
5910,-1150,15163,
5960,-1150,15131,
5940,-1124,15176,
5951,-1193,15076,
5977,-1144,15207,
5960,-1156,15096,
5963,-1132,15190,
5911,-1185,15102,
5995,-1091,15132,
5954,-1162,15171,
5965,-1144,15104,
5938,-1141,15205,
5917,-1140,15114,
5999,-1147,15216,
5925,-1160,15104,
5964,-1084,15219,
5949,-1151,15120,
5988,-1086,15160,
5946,-1192,15169,
5975,-1117,15093,
5935,-1118,15197,
5972,-1193,15117,
5940,-1146,15174,
5927,-1219,15110,
5980,-1115,15226,
5946,-1164,15089,
5996,-1067,15182,
5914,-1148,15132,
5922,-1140,15098,
5938,-1161,15167,
5972,-1142,15074,
5907,-1129,15137,
5946,-1159,15070,
6012,-1134,15124,
5954,-1181,15185,
5977,-1132,15183,
5954,-1155,15178,
5992,-1158,15203,
5936,-1140,15211,
5953,-1130,15116,
5963,-1110,15236,
5915,-1137,15103,
6004,-1153,15197,
5893,-1148,15105,
5977,-1127,15124,
5951,-1200,15058,
5989,-1103,15106,
5949,-1159,15133,
6008,-1144,15072,
5948,-1118,15216,
5946,-1136,15115,
5953,-1057,15229,
5957,-1128,15136,
5976,-1056,15181,
5960,-1186,15163,
6006,-1114,15200,
5942,-1101,15186,
5970,-1134,15137,
5987,-1122,15216,
5968,-1144,15057,
5969,-1107,15198,
5912,-1152,15053,
5976,-1095,15179,
5894,-1168,15170,
5983,-1112,15143,
5935,-1120,15176,
5961,-1114,15116,
5986,-1126,15204,
5971,-1152,15118,
6006,-1116,15144,
5942,-1182,15127,
5970,-1095,15195,
5942,-1149,15126,
5986,-1091,15163,
5930,-1154,15115,
5962,-1105,15125,
5944,-1102,15160,
5923,-1134,15070,
6011,-1073,15214,
5916,-1118,15106,
5979,-1073,15244,
5922,-1143,15147,
6010,-1093,15197,
5953,-1166,15194,
5947,-1106,15094,
5915,-1118,15186,
5983,-1141,15128,
5949,-1094,15173,
5970,-1156,15096,
5964,-1103,15188,
5932,-1130,15123,
6007,-1096,15182,
5934,-1142,15184,
5975,-1129,15113,
5929,-1096,15210,
5987,-1150,15141,
5981,-1109,15198,
5948,-1180,15107,
5984,-1096,15174,
5944,-1162,15143,
6009,-1090,15139,
5929,-1118,15168,
5969,-1102,15124,
5948,-1108,15122,
5963,-1130,15098,
5967,-1097,15228,
5968,-1126,15096,
6016,-1074,15214,
5936,-1132,15104,
5975,-1070,15187,
5977,-1149,15135,
5957,-1094,15111,
5955,-1117,15142,
5959,-1102,15113,
5937,-1081,15168,
5952,-1107,15068,
5960,-1092,15181,
5921,-1149,15094,
5992,-1081,15140,
5919,-1154,15158,
6011,-1069,15164,
5947,-1100,15163,
6015,-1115,15164,
6000,-1069,15198,
5955,-1139,15095,
5990,-1093,15234,
5938,-1153,15122,
5989,-1097,15179,
5932,-1104,15106,
5996,-1084,15168,
5913,-1098,15155,
5983,-1168,15122,
5914,-1094,15128,
5947,-1099,15078,
5984,-1081,15174,
5934,-1135,15123,
5989,-1083,15173,
5962,-1147,15115,
5957,-1067,15145,
5969,-1088,15211,
5979,-1085,15171,
5949,-1141,15160,
5955,-1185,15113,
5929,-1036,15192,
5935,-1111,15125,
6001,-1084,15135,
5945,-1140,15147,
5987,-1075,15166,
5937,-1108,15174,
5981,-1131,15139,
5978,-1082,15225,
5941,-1127,15116,
5969,-1098,15174,
5937,-1167,15128,
5971,-1077,15201,
5913,-1134,15122,
6018,-1098,15107,
5921,-1098,15175,
5964,-1110,15126,
6014,-1066,15196,
5959,-1128,15098,
5948,-1084,15198,
5953,-1155,15121,
5997,-1029,15225,
5923,-1117,15088,
5971,-1058,15155,
5927,-1133,15146,
5987,-1093,15168,
5977,-1118,15179,
5957,-1131,15137,
5977,-1102,15228,
5960,-1144,15181,
6000,-1086,15208,
5986,-1097,15160,
5997,-1070,15171,
5946,-1102,15120,
5981,-1131,15124,
5987,-1108,15151,
5984,-1097,15087,
5961,-1065,15137,
5925,-1144,15041,
6001,-1043,15177,
5929,-1151,15089,
6043,-1066,15155,
5938,-1115,15152,
5986,-1074,15163,
5912,-1074,15177,
6015,-1101,15180,
5956,-1059,15191,
5947,-1118,15123,
5952,-1045,15187,
5964,-1120,15143,
6001,-1070,15174,
5962,-1079,15134,
6001,-1110,15168,
5961,-1098,15210,
5998,-1082,15140,
5986,-1104,15190,
5928,-1101,15125,
5984,-1052,15185,
5899,-1126,15146,
6031,-1065,15224,
5931,-1079,15130,
6008,-1083,15177,
5928,-1102,15128,
5959,-1076,15156,
5940,-1077,15151,
5935,-1137,15128,
6017,-1044,15232,
5951,-1139,15128,
5976,-1047,15154,
5971,-1088,15129,
6030,-1063,15146,
5982,-1097,15122,
5944,-1115,15141,
5976,-1063,15172,
5963,-1098,15124,
5994,-1079,15171,
5966,-1117,15127,
5987,-1049,15201,
5928,-1087,15173,
5992,-1046,15168,
5958,-1109,15214,
5957,-1092,15127,
5959,-1086,15198,
5973,-1126,15110,
5974,-1052,15138,
5918,-1140,15124,
6012,-1057,15193,
5954,-1094,15144,
6002,-1018,15128,
5940,-1081,15138,
6002,-1080,15089,
5954,-1082,15142,
5944,-1083,15124,
6004,-1074,15220,
5951,-1108,15131,
5993,-1082,15176,
5943,-1097,15167,
6027,-1066,15183,
5945,-1081,15161,
5987,-1064,15151,
5960,-1073,15225,
5964,-1128,15109,
5973,-1089,15247,
5962,-1116,15140,
5979,-1053,15180,
5922,-1151,15082,
5974,-1034,15167,
5962,-1095,15113,
5974,-1086,15149,
5947,-1082,15180,
5951,-1119,15144,
5972,-1083,15140,
5984,-1173,15097,
5983,-1063,15172,
5948,-1105,15148,
5980,-1083,15132,
5929,-1098,15141,
5976,-1075,15129,
5971,-1049,15185,
5971,-1110,15148,
5957,-1050,15203,
5898,-1156,15069,
6001,-1090,15200,
5946,-1097,15130,
5971,-1096,15184,
5916,-1092,15116,
5987,-1095,15190,
5988,-1093,15161,
6018,-1099,15140,
6001,-1061,15194,
5928,-1145,15098,
6006,-1078,15201,
5911,-1100,15145,
6023,-1043,15141,
5942,-1087,15154,
5997,-1053,15118,
5958,-1058,15145,
5953,-1108,15121,
5903,-1078,15162,
5913,-1135,15113,
6018,-1079,15191,
5916,-1129,15080,
5986,-1062,15201,
5932,-1113,15113,
5960,-1070,15085,
5947,-1071,15150,
5963,-1076,15148,
5978,-1024,15201,
5937,-1130,15116,
6007,-1062,15211,
5971,-1098,15172,
5996,-1105,15191,
5921,-1112,15148,
5982,-1074,15146,
5928,-1047,15151,
5982,-1075,15132,
5988,-1066,15190,
5955,-1153,15099,
5988,-1055,15165,
5941,-1107,15130,
6021,-1020,15166,
5906,-1121,15138,
5983,-1088,15200,
5941,-1103,15120,
5982,-1112,15113,
5958,-1093,15183,
5961,-1102,15143,
5973,-1053,15223,
5954,-1059,15075,
5948,-1056,15179,
5941,-1061,15158,
5937,-1066,15165,
5938,-1096,15178,
5968,-1083,15111,
5987,-1088,15183,
5996,-1118,15180,
6008,-1022,15209,
5941,-1125,15104,
5973,-1043,15169,
5926,-1076,15130,
6016,-1051,15129,
5925,-1095,15131,
6005,-1056,15122,
5935,-1063,15171,
6002,-1098,15120,
6009,-1058,15124,
5909,-1129,15107,
5988,-1021,15146,
5954,-1088,15172,
5988,-1066,15124,
5955,-1070,15222,
5990,-1091,15177,
5963,-1055,15182,
5994,-1105,15078,
5966,-1067,15200,
5968,-1107,15099,
5991,-1034,15168,
5953,-1123,15126,
5998,-1037,15141,
5942,-1099,15170,
5984,-1076,15133,
5920,-1079,15131,
5990,-1096,15130,
6014,-1065,15226,
5965,-1140,15135,
5991,-1059,15192,
5920,-1089,15148,
6005,-1055,15118,
5917,-1086,15168,
6002,-1045,15122,
5963,-1053,15128,
5937,-1106,15148,
5944,-1057,15184,
5928,-1118,15138,
6012,-1077,15110,
5953,-1142,15084,
5997,-1065,15120,
5946,-1068,15190,
5983,-1069,15168,
5956,-1067,15223,
5967,-1064,15153,
5997,-1054,15208,
5966,-1097,15129,
6023,-1066,15157,
5931,-1128,15058,
5999,-1046,15151,
5911,-1108,15128,
6003,-1088,15117,
5914,-1062,15145,
5940,-1089,15119,
5954,-1070,15176,
5944,-1118,15129,
6007,-1008,15180,
5950,-1126,15135,
5971,-1035,15183,
5950,-1059,15189,
5997,-1056,15148,
5990,-1094,15186,
5972,-1069,15132,
5975,-1074,15185,
5965,-1105,15069,
5951,-1042,15198,
5981,-1113,15100,
6028,-1057,15196,
5914,-1057,15130,
6015,-1105,15165,
5959,-1066,15156,
6005,-1094,15241,
6005,-1033,15192,
5955,-1093,15184,
5958,-1036,15149,
5986,-1092,15154,
5956,-1009,15148,
5934,-1099,15168,
5996,-1101,15124,
5973,-1054,15199,
5991,-1062,15156,
5964,-1039,15177,
5925,-1062,15148,
5958,-1066,15153,
5946,-1074,15104,
5995,-1033,15176,
5951,-1123,15103,
5973,-1046,15187,
5925,-1072,15115,
5965,-1068,15151,
5980,-1057,15129,
5933,-1053,15127,
5992,-1043,15210,
5950,-1092,15156,
5988,-1046,15212,
5956,-1068,15182,
5990,-1057,15140,
5932,-1117,15175,
5964,-1098,15103,
5944,-1064,15191,
5973,-1089,15114,
5965,-1001,15131,
5961,-1101,15079,
5998,-1021,15194,
5934,-1084,15123,
6003,-1049,15131,
5904,-1064,15172,
5975,-1058,15113,
5981,-1059,15162,
5956,-1091,15113,
5961,-1024,15187,
5946,-1116,15150,
5975,-1045,15202,
5949,-1083,15143,
5968,-1064,15124,
5901,-1071,15157,
5964,-1059,15131,
5995,-1066,15171,
5953,-1087,15127,
5962,-1065,15181,
5927,-1070,15122,
5960,-1036,15160,
5967,-1090,15157,
5966,-1026,15219,
5905,-1023,15152,
5968,-1076,15168,
5950,-1062,15201,
5977,-1068,15117,
5984,-1029,15213,
5964,-1111,15115,
5986,-1073,15213,
5937,-1070,15120,
5943,-1034,15168,
5932,-1087,15174,
5956,-1075,15147,
5934,-1048,15169,
5938,-1088,15151,
5964,-1013,15164,
5955,-1111,15154,
6009,-1030,15175,
5946,-1085,15182,
6032,-1058,15219,
5914,-1097,15174,
5986,-1051,15165,
5935,-1083,15182,
5932,-1087,15121,
5981,-1042,15142,
5922,-1112,15092,
5975,-1028,15188,
5938,-1076,15143,
6017,-1082,15165,
5931,-1091,15109,
6001,-1035,15167,
5963,-1075,15133,
5928,-1044,15099,
5962,-1047,15144,
5953,-1083,15118,
6012,-1031,15188,
5963,-1085,15163,
6008,-1022,15172,
5978,-1062,15219,
6000,-1034,15166,
5964,-1056,15203,
5979,-1088,15117,
5946,-1078,15225,
5952,-1108,15122,
5967,-1012,15170,
5943,-1119,15139,
6002,-1019,15197,
5896,-1094,15106,
5991,-1070,15127,
5952,-1050,15157,
5974,-1088,15097,
5941,-1068,15176,
5936,-1099,15131,
5919,-1042,15161,
5954,-1085,15122,
5970,-1040,15195,
5906,-1063,15137,
5974,-1089,15139,
5934,-1086,15176,
5947,-1056,15155,
5981,-1083,15152,
5972,-1127,15019,
5899,-1055,15081,
5901,-1106,15090,
5939,-1040,15129,
5920,-1083,15151,
6011,-1070,15197,
5913,-1099,15189,
6015,-1067,15174,
5936,-1026,15203,
5954,-1092,15192,
5967,-1041,15186,
5918,-1098,15111,
5945,-1074,15190,
5927,-1072,15085,
5998,-1076,15149,
5958,-1073,15142,
5990,-1075,15062,
5941,-1050,15160,
5958,-1141,15067,
5947,-1081,15149,
5892,-1096,15089,
6003,-1080,15221,
5914,-1100,15194,
6007,-1069,15245,
5938,-1082,15197,
5958,-1095,15198,
5967,-1027,15215,
5970,-1067,15143,
5980,-1049,15208,
5910,-1110,15160,
5950,-1069,15150,
5918,-1092,15213,
5998,-1092,15163,
5963,-1111,15149,
5952,-1066,15144,
5965,-1074,15142,
5933,-1085,15120,
5971,-1068,15219,
5946,-1096,15130,
5967,-1080,15216,
5938,-1138,15134,
6005,-1052,15144,
5933,-1102,15152,
5948,-1056,15109,
5951,-1091,15184,
5988,-1061,15207,
5969,-1055,15254,
5957,-1102,15140,
5976,-1049,15207,
5950,-1092,15155,
5996,-1041,15174,
5949,-1094,15153,
5974,-1084,15111,
5924,-1103,15177,
5950,-1096,15075,
5950,-1036,15165,
5917,-1126,15089,
5973,-1027,15155,
5897,-1120,15085,
6020,-1062,15139,
5936,-1088,15106,
6034,-1072,15125,
5920,-1082,15144,
5958,-1094,15131,
5975,-1055,15201,
5924,-1099,15102,
6010,-1027,15190,
5945,-1109,15134,
5979,-1044,15226,
5934,-1089,15170,
5998,-1068,15225,
5948,-1119,15199,
5952,-1093,15190,
6007,-1091,15222,
5954,-1124,15166,
5994,-1044,15182,
5927,-1100,15125,
6009,-1016,15179,
5932,-1124,15124,
6023,-1063,15121,
5935,-1052,15137,
5971,-1082,15117,
5948,-1072,15173,
5952,-1104,15105,
5980,-1025,15206,
5935,-1086,15153,
5958,-1062,15186,
5949,-1106,15169,
5979,-1051,15161,
5931,-1096,15189,
5969,-1038,15164,
5971,-1063,15215,
5929,-1121,15104,
5981,-1090,15155,
5952,-1091,15116,
5973,-1081,15175,
5921,-1077,15141,
6002,-1091,15109,
5957,-1128,15160,
5970,-1076,15174,
5906,-1029,15175,
5905,-1141,15120,
5957,-1100,15200,
5937,-1083,15106,
5975,-1063,15229,
5938,-1096,15160,
5962,-1054,15137,
5969,-1070,15180,
5999,-1070,15179,
5943,-1075,15150,
5956,-1099,15117,
5943,-1041,15199,
5956,-1118,15103,
5978,-1052,15242,
5953,-1097,15129,
5967,-1099,15131,
5963,-1073,15193,
6002,-1098,15116,
5930,-1022,15178,
5907,-1087,15091,
5941,-1062,15223,
5914,-1091,15097,
5979,-1039,15212,
5937,-1130,15173,
5975,-1053,15145,
5897,-1078,15157,
5945,-1063,15154,
5940,-1056,15226,
5966,-1073,15185,
5985,-1079,15246,
5980,-1144,15181,
5988,-1071,15233,
5932,-1130,15212,
6016,-1057,15169,
5965,-1113,15125,
5951,-1084,15170,
5974,-1094,15139,
5961,-1097,15097,
5964,-1074,15166,
5923,-1111,15100,
5986,-1060,15182,
5941,-1110,15102,
5962,-1046,15169,
5905,-1120,15189,
5988,-1089,15126,
5932,-1080,15193,
5979,-1083,15161,
5945,-1044,15227,
5935,-1095,15110,
5971,-1050,15155,
5939,-1113,15137,
5996,-1054,15108,
5921,-1119,15158,
5928,-1090,15107,
5945,-1079,15133,
5988,-1113,15125,
5923,-1043,15180,
5940,-1096,15182,
5996,-1045,15195,
5936,-1116,15219,
5970,-1075,15171,
5941,-1106,15227,
6002,-1090,15157,
5935,-1102,15185,
5951,-1132,15120,
5961,-1069,15213,
5962,-1129,15105,
5978,-1052,15183,
5890,-1112,15176,
5977,-1057,15166,
5947,-1131,15209,
5919,-1101,15116,
5935,-1094,15168,
5922,-1115,15139,
5922,-1090,15178,
5950,-1109,15101,
6027,-1060,15232,
5910,-1115,15127,
5962,-1005,15162,
5941,-1145,15187,
5996,-1084,15143,
5887,-1109,15196,
5939,-1118,15130,
5923,-1102,15181,
5911,-1093,15095,
5952,-1054,15205,
5929,-1128,15086,
6000,-1060,15147,
5923,-1126,15143,
5965,-1058,15156,
5934,-1115,15161,
5939,-1107,15107,
5954,-1131,15125,
5954,-1150,15114,
5988,-1093,15221,
5913,-1137,15126,
5931,-1080,15192,
5903,-1179,15192,
6016,-1079,15167,
5963,-1115,15203,
5954,-1089,15141,
5961,-1106,15211,
5944,-1154,15094,
5978,-1088,15201,
5915,-1153,15118,
5979,-1102,15164,
5925,-1127,15128,
5948,-1099,15121,
5915,-1127,15217,
5968,-1118,15134,
5958,-1089,15218,
5944,-1085,15182,
5940,-1069,15177,
5914,-1155,15148,
5957,-1038,15171,
5910,-1116,15166,
5944,-1092,15102,
5891,-1118,15164,
5939,-1125,15132,
5958,-1090,15159,
5895,-1141,15074,
5968,-1066,15199,
5879,-1134,15112,
5964,-1065,15186,
5902,-1128,15161,
5962,-1120,15174,
5915,-1141,15218,
5948,-1121,15205,
5948,-1091,15191,
6000,-1119,15148,
5953,-1117,15180,
5907,-1143,15141,
5975,-1107,15230,
5905,-1142,15177,
5971,-1119,15124,
5946,-1143,15193,
5977,-1102,15089,
5923,-1131,15167,
5926,-1131,15113,
5938,-1062,15194,
5893,-1134,15135,
5954,-1083,15224,
5905,-1133,15172,
5972,-1080,15209,
5916,-1183,15172,
5942,-1131,15163,
5937,-1108,15217,
5974,-1139,15082,
5966,-1068,15236,
5870,-1124,15119,
5960,-1096,15220,
5935,-1163,15122,
6001,-1116,15162,
5927,-1157,15155,
5955,-1137,15148,
5932,-1103,15253,
5965,-1145,15137,
5954,-1114,15204,
5915,-1159,15118,
5988,-1078,15230,
5906,-1185,15134,
5967,-1088,15202,
5906,-1127,15200,
5932,-1141,15124,
5925,-1134,15197,
5949,-1139,15141,
5975,-1109,15173,
5869,-1155,15096,
5986,-1107,15212,
5936,-1126,15128,
5961,-1072,15169,
5950,-1114,15180,
5949,-1067,15145,
5929,-1130,15226,
5915,-1120,15118,
5997,-1147,15259,
5905,-1153,15118,
5929,-1098,15181,
5908,-1164,15122,
5977,-1111,15205,
5945,-1119,15174,
5989,-1089,15146,
5938,-1111,15233,
5902,-1136,15080,
5962,-1128,15240,
5949,-1141,15133,
5927,-1103,15223,
5906,-1163,15129,
5981,-1114,15169,
5940,-1141,15224,
5962,-1123,15158,
5927,-1078,15256,
5953,-1132,15109,
5934,-1101,15187,
5901,-1143,15127,
5948,-1079,15270,
5932,-1155,15122,
5987,-1110,15160,
5910,-1147,15183,
5990,-1117,15183,
5929,-1120,15224,
5943,-1115,15116,
5978,-1159,15243,
5882,-1175,15084,
5951,-1115,15210,
5932,-1144,15079,
5961,-1090,15150,
5881,-1204,15080,
6013,-1085,15119,
5929,-1117,15200,
5934,-1157,15110,
5939,-1098,15196,
5931,-1165,15094,
5962,-1122,15160,
5935,-1134,15160,
5964,-1076,15154,
5917,-1179,15173,
5990,-1120,15119,
5946,-1141,15202,
5928,-1140,15129,
5914,-1116,15193,
5952,-1134,15119,
5996,-1091,15227,
5864,-1166,15127,
5954,-1107,15191,
5913,-1164,15153,
5989,-1091,15131,
5898,-1155,15165,
5960,-1140,15159,
5906,-1139,15193,
5936,-1174,15143,
5956,-1163,15187,
5946,-1144,15173,
5907,-1124,15140,
5918,-1164,15158,
5943,-1132,15113,
5941,-1111,15172,
5943,-1128,15148,
5971,-1161,15177,
5929,-1145,15082,
5945,-1144,15191,
5946,-1176,15169,
5931,-1131,15154,
5939,-1182,15177,
5911,-1112,15196,
5930,-1181,15239,
5928,-1141,15116,
5933,-1130,15219,
5959,-1147,15130,
5968,-1102,15264,
5949,-1169,15179,
5981,-1110,15241,
5927,-1208,15161,
5951,-1133,15107,
5911,-1196,15154,
5890,-1164,15040,
5907,-1153,15136,
5909,-1166,15044,
5974,-1123,15156,
5888,-1177,15063,
5954,-1124,15181,
5911,-1215,15162,
5933,-1121,15204,
5925,-1161,15175,
5980,-1125,15163,
5920,-1136,15197,
5948,-1144,15167,
5990,-1107,15213,
5930,-1124,15120,
5933,-1101,15210,
5943,-1187,15176,
5961,-1086,15221,
5911,-1166,15205,
5977,-1115,15124,
5946,-1169,15175,
5890,-1164,15130,
5916,-1126,15212,
5938,-1195,15125,
5969,-1111,15134,
5917,-1186,15095,
5976,-1119,15175,
5914,-1180,15173,
5961,-1117,15093,
5877,-1153,15175,
5913,-1160,15079,
5885,-1143,15162,
5860,-1168,15088,
5964,-1123,15199,
5933,-1141,15123,
5957,-1131,15176,
5944,-1135,15208,
5952,-1114,15210,
5970,-1156,15246,
5890,-1166,15190,
5938,-1175,15247,
5962,-1128,15132,
5966,-1121,15230,
5920,-1180,15166,
5970,-1120,15151,
5897,-1165,15122,
5950,-1123,15110,
5941,-1147,15188,
5907,-1141,15088,
5927,-1163,15185,
5886,-1152,15085,
5948,-1116,15243,
5907,-1149,15097,
5943,-1106,15220,
5922,-1146,15161,
5961,-1105,15147,
5909,-1170,15233,
5912,-1132,15100,
5958,-1138,15204,
5914,-1164,15108,
5953,-1101,15235,
5893,-1167,15137,
5966,-1081,15198,
5927,-1188,15123,
5971,-1112,15159,
5971,-1122,15218,
5946,-1167,15134,
5952,-1145,15226,
5925,-1162,15092,
5953,-1092,15235,
5887,-1172,15123,
5984,-1082,15194,
5928,-1174,15148,
5958,-1130,15125,
5905,-1148,15158,
5974,-1118,15095,
5960,-1102,15209,
5938,-1163,15077,
5927,-1141,15202,
5924,-1182,15118,
5939,-1085,15221,
5906,-1163,15116,
5970,-1114,15164,
5949,-1152,15193,
5946,-1125,15147,
5952,-1148,15214,
5942,-1154,15079,
5926,-1124,15257,
5939,-1163,15120,
5959,-1111,15232,
5890,-1204,15086,
5987,-1123,15158,
5930,-1140,15183,
5989,-1090,15121,
5930,-1152,15179,
5911,-1159,15100,
5950,-1105,15271,
5841,-1142,15040,
5990,-1133,15231,
5952,-1179,15193,
5954,-1097,15156,
5948,-1229,15201,
5905,-1140,15126,
5928,-1059,15195,
5890,-1111,15084,
5941,-1182,15111,
5904,-1210,15111,
5971,-1081,15250,
5876,-1157,15175,
5975,-1140,15149,
5909,-1185,15187,
5965,-1138,15172,
5932,-1161,15278,
5943,-1110,15136,
5967,-1111,15240,
5950,-1187,15216,
5980,-1139,15267,
5974,-1154,15228,
5975,-1076,15328,
6029,-1286,15391,
5871,-1129,15040,
6004,-1165,15349,
6023,-1191,15278,
6032,-1152,15448,
6023,-1179,15357,
6078,-1094,15517,
5965,-1184,15310,
6050,-1162,15399,
6004,-1095,15401,
6052,-1081,15325,
5968,-1154,15368,
5976,-1152,15281,
5906,-1128,15078,
5893,-1185,15033,
5933,-1167,15031,
5820,-1161,15011,
5807,-1115,14882,
5843,-1157,15019,
5812,-1058,14912,
6204,-1547,15350,
6212,-1499,15396,
5809,-1100,14792,
5729,-930,14922,
5837,-1063,14824,
5641,-1262,16177,
6015,-616,14555,
6515,-1245,15439,
5039,-934,13632,
6390,-1248,15094,
5870,-1612,14767,
5837,-923,15216,
5661,-1012,15069,
5614,-980,14453,
5807,-1215,14592,
6364,-1896,14985,
6076,-1096,15254,
6456,-1271,15771,
6242,-1874,15242,
6396,-1609,15167,
6033,-1414,14763,
6200,-1274,15420,
6333,-1475,15548,
6512,-1939,14767,
5648,9,16291,
6012,-770,14664,
5985,-962,14592,
5705,-1135,14954,
5626,29,15144,
5050,452,14891,
5268,449,14969,
5786,-675,14727,
5750,-601,14876,
5858,15,15585,
5890,-43,15992,
5871,-198,15816,
5783,-803,14907,
5844,-1414,13163,
6796,-2615,15549,
6574,-124,17365,
6304,-1885,15801,
6411,8,14958,
6236,-1410,15074,
6463,-1012,16298,
5459,372,15261,
5271,-82,14468,
5961,-928,14746,
5948,-769,15251,
6193,-872,15460,
5953,-444,15359,
6070,-769,15461,
6102,-755,15347,
6304,-1070,15435,
5968,-933,14992,
6142,-1031,15132,
5917,-830,14928,
6774,-2613,15067,
5361,-1437,11452,
5961,-2805,16952,
5666,-3217,13854,
7781,-5572,21594,
5951,-1743,12437,
12602,5220,8710,
9435,-3802,12825,
7444,-3426,14443,
5523,-1926,13907,
6834,-1793,17382,
7046,-2517,14655,
7597,-2900,15841,
6815,-3116,16860,
5788,-1616,15781,
5660,953,15606,
5623,-641,12942,
7342,1232,13543,
6590,-1594,11768,
7354,1338,13003,
7406,-2347,13155,
5659,1174,13107,
7533,4994,14634,
6509,-1074,11367,
5147,2477,13753,
4135,-624,14563,
2349,1844,14973,
3525,3988,14135,
3238,3702,14388,
3387,5556,17826,
3813,2231,16574,
3857,4356,17864,
5989,3372,12882,
5426,4384,10611,
5279,4839,18239,
4392,269,14280,
5570,510,11869,
4218,896,15182,
4929,2813,12261,
4281,1437,14246,
4143,-497,18447,
6964,-3364,17983,
8303,-1486,19253,
7433,376,10161,
6612,340,16030,
5786,408,14655,
6685,410,17172,
5639,570,13794,
5887,-245,14037,
5699,-259,14475,
5637,-502,13859,
5928,-659,13366,
5553,349,14983,
6114,609,16057,
6799,669,17234,
6308,527,15960,
6350,82,15912,
6284,227,15297,
6087,255,15150,
5959,463,15269,
6156,431,15306,
6337,243,15601,
5778,293,14826,
5754,-4,14563,
5761,-293,14139,
5778,-281,14204,
5976,205,15045,
6175,319,15267,
6274,306,15759,
6282,478,15617,
6169,190,15524,
6169,194,15167,
6040,189,15188,
6060,123,14968,
6083,142,15254,
6106,194,15261,
6036,234,15145,
6000,143,14986,
5924,94,14658,
6013,298,15226,
6096,226,15092,
5675,-13,14218,
5812,164,14559,
5748,162,15167,
6468,224,15907,
6066,360,15170,
6115,143,15477,
6020,-112,14848,
6318,288,15725,
6017,72,15073,
6129,154,15283,
6226,64,15315,
5412,654,15170,
6319,483,15996,
4749,1734,15744,
4468,-2109,23642,
5496,543,11821,
7668,298,12103,
6573,74,18240,
4010,-606,16485,
3833,-68,16593,
5782,711,14420,
5552,736,14274,
5835,740,15095,
6989,948,16847,
6264,743,15496,
6852,881,13761,
6283,1089,14591,
7391,999,15281,
4265,4806,16344,
5250,2594,15996,
9457,274,15841,
7259,832,15110,
6232,2961,14506,
6697,1245,15288,
6790,2552,19464,
6617,2461,16744,
5985,327,14208,
5466,550,13526,
5606,-1125,16883,
5505,501,12052,
5295,-1305,14372,
4256,-1235,15757,
4057,-2429,14582,
6185,21,12395,
6370,1723,14999,
6394,2523,17113,
6594,3469,20282,
5304,2861,19716,
7878,4338,18432,
6088,3290,18179,
6009,2507,17222,
5904,4075,13904,
6227,999,13674,
5898,-1005,10645,
5021,794,14105,
5958,121,13653,
5855,1380,13764,
6520,306,13020,
6416,2666,13680,
5409,192,13571,
5500,1455,14563,
5191,226,13212,
5986,1218,12957,
4099,377,10894,
6499,183,13427,
4347,-250,11169,
7823,-716,23606,
6081,3525,16984,
3662,397,11608,
7493,1717,13068,
4826,4932,16319,
8947,7395,19562,
346,1524,11211,
4053,1349,16008,
8852,2572,18188,
5915,4145,17468,
7484,2656,14805,
6921,2815,19299,
6205,3113,18498,
6173,78,14266,
8040,6511,63,
6458,2913,12348,
5596,-884,17289,
4349,-2858,20788,
3495,-1990,15033,
4242,-4833,18100,
5314,-3192,14110,
4592,-33,11431,
3901,-147,10538,
5879,-590,14169,
5180,348,17302,
5292,1082,15816,
9366,1796,28125,
5268,368,15897,
3897,-637,13530,
5242,-76,15280,
7668,1687,19747,
8630,3451,15108,
7120,3173,12875,
7158,1507,13306,
4631,-26,14795,
5644,-2140,13736,
6446,-2053,14728,
6494,-46,15418,
6912,2052,14986,
5313,1645,18117,
5066,-970,13928,
4487,-2388,14949,
5282,-512,15708,
6039,299,16300,
5547,-427,15953,
4370,850,15205,
4681,-1103,15761,
5002,-990,14854,
5484,-241,15430,
5272,-725,15230,
4970,-638,16058,
5184,-801,15560,
5472,-622,15017,
5257,-709,16255,
5319,-1228,15701,
5282,-743,15454,
5276,-840,14929,
5108,-942,14260,
4678,-1233,13775,
4744,-399,15532,
4769,-1368,15104,
4675,-3952,18317,
5681,2454,15478,
8480,5411,15449,
5277,-1138,15376,
6822,3291,16555,
3842,-5643,16850,
5123,664,-111,
5368,731,12403,
6883,-968,18063,
3993,-698,13468,
3183,-125,14172,
2891,1440,14060,
3095,2214,12628,
5024,1799,16297,
5059,162,15193,
5007,1171,15199,
5857,13,15495,
4602,-1599,14733,
6140,-142,15767,
5300,1446,17922,
10941,409,14031,
4938,2852,16531,
2137,1956,15445,
5358,2469,13552,
-1400,-2936,17733,
12048,5032,19514,
5338,4187,15589,
4952,3750,16458,
5043,2520,13998,
3078,113,15789,
3795,-764,15312,
4045,-491,14925,
3665,1344,15692,
3837,-1768,13480,
4502,-439,17605,
5192,1552,16362,
4640,1084,16861,
5167,1526,14195,
4321,-19,16118,
5220,2223,16230,
4910,2894,16226,
4308,65,16679,
2693,-2157,15656,
3824,-603,16435,
4084,405,15641,
4646,845,15406,
4609,1198,15810,
4937,961,16642,
5447,2182,18222,
4536,922,15502,
4231,874,15384,
4951,1419,16289,
5242,-1359,13117,
5199,1248,16716,
4167,9,13656,
3978,2760,15935,
3918,1090,13091,
4441,341,14300,
4195,277,16741,
3973,1076,15892,
5088,1856,16030,
4762,5234,12082,
4533,738,17218,
4787,1358,14753,
5146,3151,15793,
5786,3534,16436,
5486,2895,14430,
6072,2729,11176,
3232,6021,32299,
6785,4652,8171,
3934,2765,12717,
3984,3087,19642,
180,-5661,16565,
3477,-6185,4703,
3311,-541,17122,
2998,1358,17142,
2829,1546,15906,
3350,1319,16586,
4620,4204,17718,
4086,-30,16608,
4375,482,16896,
4784,861,16204,
4501,1438,15575,
4355,1887,15933,
4183,1825,16683,
3818,1797,14996,
3749,864,13072,
3805,3860,18636,
1289,-5619,24348,
4112,4491,13851,
4020,3804,14837,
3113,317,17083,
3198,644,15482,
4596,3708,16729,
5166,5938,15051,
3976,921,15036,
4487,2896,14339,
4673,1935,7831,
5026,1961,18639,
3948,4879,13121,
4419,4405,14594,
3788,2573,15267,
4124,2320,15994,
4524,4131,14785,
4154,3997,14833,
4015,3104,15286,
3957,3308,15429,
3827,3374,15351,
4100,3770,16471,
3856,2773,15309,
3629,3555,17295,
4074,2663,13812,
4050,2522,15002,
3965,2325,15522,
3681,2798,15450,
3812,2795,15837,
3575,2975,15444,
3869,2382,15573,
3604,2450,15994,
3696,1758,16661,
3088,2052,15027,
3996,3451,14138,
3602,2726,15370,
3523,2377,16013,
2971,2285,17027,
4379,4021,14623,
4084,3526,16569,
3989,2704,16440,
3755,2442,15570,
3976,2788,15933,
3563,3418,15549,
3378,2432,15653,
3221,1888,15539,
3234,2259,15138,
3383,2707,15624,
2992,1853,15127,
3315,1778,14626,
3229,2183,16237,
3159,2531,16340,
3427,2339,16159,
3438,2442,16082,
3558,1664,17189,
3183,1833,16384,
3386,2773,15357,
3319,2475,15567,
3253,1659,16178,
2947,2706,14646,
3220,2869,15026,
3429,2446,15957,
3395,2349,15670,
3210,2564,15300,
3386,2528,15764,
3199,2761,15881,
3295,2430,14864,
3472,3009,17845,
3162,2525,14768,
2771,2346,15374,
3218,2400,16040,
3411,2677,15564,
3346,1981,15433,
3324,1518,17079,
3292,2380,16148,
3468,2022,14360,
3300,2129,17153,
2903,1035,13902,
3419,2245,13378,
3473,2182,19575,
3271,2911,15151,
2819,2034,15077,
3023,1575,15985,
3078,1626,16670,
3337,2643,16320,
3018,414,16781,
2951,425,16822,
3152,360,15389,
3094,346,14161,
3074,25,16606,
3571,405,17213,
2380,603,18571,
3034,1403,12503,
3320,2014,19583,
3323,2391,13725,
3453,-530,16453,
3770,255,15347,
3817,3428,20700,
3199,579,9736,
3153,2974,20030,
2810,2832,15354,
2559,1137,15505,
3093,2889,16516,
2950,2749,14969,
3014,1808,15842,
2939,1649,15777,
2904,1512,15596,
2878,1330,14584,
3002,1436,14975,
3075,1787,14723,
1506,-6069,18471,
2589,-1204,15941,
2121,-708,13890,
2806,-954,18321,
3060,562,14837,
3121,169,17010,
2751,-1328,18529,
3177,767,12863,
3499,903,13786,
2946,-2908,18126,
3259,360,16872,
3525,672,12943,
3092,-3672,14913,
3731,-4713,12357,
4409,-5071,12266,
3190,-3560,16630,
3541,-3654,11883,
4071,-3244,16768,
3833,-2069,13739,
3964,-4323,15833,
3805,-2569,15200,
3584,-3783,14939,
4129,-2399,15173,
3849,-2808,15350,
3907,-3078,15219,
3910,-3915,15251,
3830,-3671,15015,
3745,-2880,14987,
3835,-2817,16334,
3848,-3263,15102,
3871,-2847,15493,
3746,-1878,15051,
3399,-2913,16226,
3742,-2872,15433,
3464,-3173,15253,
3774,-2456,15556,
3645,-3001,15541,
