-965,2508,16525,
-1062,2304,16742,
-1028,2239,16801,
-1073,2238,16840,
-1097,2195,16836,
-1127,2360,16733,
-645,2128,17505,
-762,1894,16856,
-1146,2392,16622,
-950,2600,16499,
-889,2689,16451,
-739,3152,16194,
-904,3392,16243,
-968,3417,16154,
-797,3428,16079,
-869,3263,15925,
-605,3652,16128,
-765,3593,16023,
-806,3628,15951,
-866,3848,15857,
-796,4036,15747,
-926,4192,15560,
-924,4362,15369,
-838,4363,15427,
-832,4347,15370,
-877,4256,15437,
-862,4437,15062,
-774,4804,15201,
-1003,5102,15247,
-972,3520,16023,
-946,3328,16052,
-957,3222,16025,
-970,3239,16000,
-943,3113,16003,
-988,3190,15972,
-903,3156,16022,
-831,3170,16099,
-888,3239,16152,
-936,3122,16135,
-912,3232,16178,
-829,3150,16165,
-721,3177,16274,
-734,3101,16119,
-715,2961,16055,
-699,3105,16138,
-816,3215,16096,
-864,3118,16045,
-838,3219,16028,
-883,3255,16076,
-758,3239,16163,
-768,3198,16215,
-741,3250,16249,
-726,3360,16205,
-760,3412,16121,
-726,3375,16016,
-655,3428,15871,
-623,3329,15802,
-505,3268,15797,
-581,3208,15815,
-664,3336,15732,
-776,3260,15877,
-804,3170,15887,
-832,3226,15887,
-828,3209,15953,
-860,3238,16114,
-855,3222,16215,
-862,3027,16235,
-766,2877,16297,
-728,2809,16210,
-978,2950,16305,
-806,2990,15836,
-476,2871,16211,
-731,2761,16034,
-649,2716,15958,
-705,2854,15945,
-674,2940,15990,
-670,2889,16035,
-735,2869,16056,
-635,2772,16132,
-699,2900,16095,
-699,2866,16219,
-677,2852,16210,
-689,2900,16218,
-683,2913,16189,
-680,2981,16126,
-669,2905,16102,
-732,2843,16130,
-689,2906,16160,
-704,2901,16215,
-692,2856,16212,
-701,2855,16185,
-716,2909,16123,
-740,2935,16118,
-800,2955,16140,
-801,2964,16121,
-823,2994,16068,
-792,2960,16040,
-792,3006,16076,
-775,2998,16062,
-761,3009,16060,
-791,2997,16061,
-695,3012,16019,
-774,3000,16018,
-726,3019,16034,
-715,3003,16007,
-730,2984,16009,
-727,2955,16042,
-688,2926,16038,
-694,2961,16035,
-675,2791,16128,
-664,2680,16142,
-670,2658,16177,
-641,2603,16199,
-707,2604,16190,
-675,2585,16196,
-717,2786,16156,
-746,2794,16180,
-731,2669,16192,
-669,2655,16255,
-659,2682,16284,
-707,2740,16234,
-669,2748,16186,
-740,2768,16132,
-722,2791,16144,
-694,2780,16107,
-727,2675,16104,
-709,2673,16122,
-723,2672,16183,
-697,2725,16169,
-732,2646,16181,
-728,2693,16185,
-699,2692,16179,
-709,2669,16236,
-700,2564,16261,
-645,2533,16275,
-637,2487,16255,
-640,2455,16214,
-604,2466,16213,
-600,2437,16238,
-607,2507,16208,
-615,2499,16197,
-609,2575,16236,
-624,2559,16225,
-664,2593,16239,
-709,2784,16187,
-728,2811,16142,
-716,2899,16028,
-747,2886,16017,
-673,2834,15983,
-746,2976,15912,
-761,3004,15863,
-781,3008,15794,
-797,3039,15866,
-808,3017,15879,
-771,2973,15895,
-743,2385,16166,
-677,2207,16228,
-674,2270,16343,
-675,2307,16442,
-1610,2634,16355,
-294,2515,15812,
-442,2152,16657,
-685,1962,16502,
-573,2203,16439,
-845,2601,16386,
-773,2494,16159,
-610,2381,16056,
-566,2409,16224,
-538,2400,16158,
-588,2490,16124,
-597,2490,16156,
-619,2492,16207,
-541,2400,16242,
-564,2410,16203,
-502,2389,16257,
-618,2514,16197,
-571,2467,16236,
-592,2438,16191,
-590,2512,16234,
-601,2510,16188,
-672,2573,16116,
-595,2558,16109,
-697,2499,16092,
-649,2521,16086,
-690,2421,16026,
-678,2404,16024,
-708,2456,16059,
-730,2401,16119,
-758,2444,16149,
-739,2441,16195,
-708,2348,16210,
-715,2298,16219,
-657,2250,16342,
-624,2311,16361,
-613,2307,16352,
-672,2278,16321,
-664,2196,16334,
-654,2211,16274,
-643,2219,16265,
-600,2249,16210,
-656,2213,16199,
-645,2182,16229,
-657,2183,16283,
-619,2192,16321,
-680,2226,16329,
-688,2241,16364,
-689,2299,16334,
-727,2331,16275,
-720,2331,16263,
-704,2363,16261,
-740,2529,16080,
-697,2458,16045,
-687,2348,15996,
-678,2305,15964,
-632,2305,15982,
-708,2424,16062,
-706,2455,16030,
-766,2404,16049,
-671,2405,16195,
-651,2407,16268,
-687,2381,16312,
-703,2388,16226,
-702,2380,16205,
-681,2248,16256,
-657,2219,16215,
-672,2211,16239,
-660,2190,16279,
-627,2169,16314,
-584,2118,16403,
-619,2150,16415,
-627,2108,16345,
-588,2096,16248,
-616,2102,16233,
-627,2127,16224,
-592,2152,16250,
-710,2196,16154,
-680,2147,16150,
-702,2135,16192,
-681,2178,16196,
-702,2134,16196,
-718,2222,16250,
-692,2185,16172,
-738,2303,16174,
-674,2244,16146,
-666,2276,16104,
-776,2235,16234,
-689,2175,16256,
-685,2198,16340,
-609,2261,16354,
-690,2315,16314,
-667,2243,16341,
-678,2224,16322,
-654,2262,16262,
-686,2267,16225,
-688,2244,16159,
-698,2155,16155,
-700,2145,16205,
-682,2195,16195,
-712,2226,16204,
-723,2255,16151,
-718,2212,16175,
-698,2138,16226,
-631,2143,16222,
-661,2205,16274,
-663,2228,16223,
-721,2316,16178,
-741,2420,16078,
-587,2305,16031,
-623,2302,16029,
-598,2266,16050,
-620,2387,16030,
-655,2371,16010,
-626,2347,16107,
-688,2382,16132,
-694,2357,16216,
-684,2489,16226,
-720,2350,16248,
-679,2277,16233,
-685,2163,16224,
-626,2150,16215,
-690,2133,16203,
-668,2120,16234,
-657,2061,16227,
-613,2135,16266,
-588,2173,16232,
-624,2191,16252,
-670,2174,16257,
-625,2116,16287,
-559,2047,16333,
-583,2093,16294,
-567,2110,16348,
-631,2120,16225,
-659,2280,16209,
-676,2222,16196,
-650,2055,16207,
-644,2043,16254,
-659,2065,16287,
-820,2222,16184,
-555,2133,16069,
-518,2045,16207,
-568,1975,16221,
-542,2022,16205,
-619,2114,16215,
-606,2142,16215,
-578,2180,16285,
-626,2133,16271,
-614,2140,16324,
-613,2181,16305,
-639,2239,16263,
-675,2209,16247,
-697,2235,16241,
-663,2202,16219,
-607,2192,16177,
-632,2171,16164,
-631,2184,16099,
-675,2200,16063,
-638,2219,16059,
-635,2171,16110,
-635,2127,16110,
-602,2163,16165,
-659,2227,16157,
-643,2233,16128,
-669,2202,16173,
-624,2213,16171,
-597,2117,16220,
-635,2147,16196,
-603,2090,16221,
-617,2123,16262,
-654,2138,16253,
-633,2161,16244,
-607,2080,16255,
-617,2058,16223,
-635,2018,16247,
-609,2034,16302,
-655,2043,16316,
-648,1961,16389,
-657,1961,16388,
-657,1964,16431,
-645,2004,16452,
-666,1992,16439,
-705,2038,16378,
-635,2102,16336,
-698,2097,16221,
-653,2071,16193,
-656,2051,16154,
-649,2030,16120,
-619,2122,16062,
-585,2102,16043,
-653,2089,16026,
-632,2254,16061,
-660,2257,16124,
-633,2300,16128,
-709,2316,16097,
-639,2280,16116,
-696,2259,16099,
-647,2133,16204,
-569,2127,16241,
-573,2089,16316,
-627,2079,16332,
-625,2067,16316,
-598,2012,16206,
-601,2086,16191,
-606,2054,16239,
-601,2053,16291,
-618,2054,16316,
-632,2142,16335,
-790,2249,16216,
-695,2257,16207,
-667,2220,16248,
-717,2180,16167,
-657,2140,16175,
-678,2186,16105,
-651,2103,16071,
-631,2088,16070,
-649,2084,16096,
-612,2038,16178,
-634,2035,16201,
-619,2037,16232,
-606,1954,16206,
-1326,2276,16628,
-787,2477,15938,
-285,1704,16419,
-451,1727,16327,
-531,1816,16152,
-558,1968,16278,
-591,2092,16211,
-632,2029,16134,
-584,2044,16126,
-587,1978,16183,
-588,1997,16223,
-596,2004,16206,
-598,1919,16334,
-589,1872,16350,
-565,1871,16405,
-525,1839,16407,
-619,1840,16377,
-684,1868,16343,
-652,1809,16291,
-579,1852,16345,
-535,1756,16329,
-567,1763,16288,
-601,1762,16282,
-501,1679,16344,
-501,1699,16363,
-549,1703,16343,
-497,1760,16210,
-547,1782,16216,
-572,1841,16180,
-589,1798,16230,
-528,1876,16281,
-620,1847,16313,
-523,1789,16265,
-544,1841,16236,
-581,1791,16204,
-557,1794,16205,
-574,1833,16225,
-635,1885,16226,
-643,2072,16239,
-634,1688,16302,
-530,1460,16321,
-530,1600,16368,
-581,1821,16373,
-641,1826,16399,
-708,1762,16372,
-550,1729,16379,
-540,1727,16371,
-518,1655,16300,
-488,1620,16237,
-514,1650,16202,
-527,1663,16250,
-519,1621,16290,
-503,1665,16250,
-549,1738,16250,
-575,1813,16233,
-593,1862,16259,
-598,1950,16216,
-653,1931,16250,
-623,1868,16225,
-601,1792,16267,
-572,1775,16268,
-576,1779,16274,
-576,1788,16259,
-585,1730,16289,
-551,1767,16224,
-600,1725,16223,
-542,1710,16254,
-531,1661,16307,
-515,1675,16268,
-545,1697,16197,
-558,1669,16222,
-582,1721,16244,
-561,1716,16263,
-583,1749,16249,
-578,1744,16254,
-563,1701,16247,
-554,1756,16187,
-578,1745,16183,
-572,1777,16212,
-632,1823,16201,
-571,1716,16216,
-554,1717,16272,
-541,1552,16220,
-566,1527,16288,
-600,1515,16232,
-611,1614,16264,
-601,1562,16357,
-542,1539,16362,
-551,1445,16416,
-564,1554,16370,
-529,1453,16339,
-478,1411,16399,
-486,1452,16374,
-428,1439,16375,
-414,1441,16342,
-443,1677,16340,
-563,1734,16221,
-329,1096,16331,
-386,1219,16348,
-353,1419,16379,
-467,1587,16322,
-507,1480,16260,
-527,1457,16257,
-470,1423,16234,
-436,1350,16248,
-512,1400,16243,
-504,1434,16252,
-502,1456,16274,
-444,1373,16333,
-425,1315,16323,
-474,1298,16260,
-435,1320,16302,
-480,1226,16317,
-483,1285,16409,
-434,1263,16518,
-452,1309,16534,
-477,1288,16542,
-491,1251,16474,
-484,1231,16421,
-424,1220,16340,
-456,1170,16268,
-447,1222,16216,
-397,1238,16207,
-454,1234,16177,
-458,1244,16222,
-422,1238,16263,
-420,1239,16355,
-458,1277,16391,
-426,1305,16431,
-428,1372,16455,
-475,1314,16504,
-444,1300,16432,
-436,1299,16368,
-467,1324,16285,
-478,1261,16176,
-498,1168,16278,
-420,1199,16215,
-498,1253,16284,
-536,1275,16263,
-542,1281,16254,
-496,1306,16293,
-486,1412,16330,
-469,1372,16365,
-509,1350,16327,
-453,1384,16337,
-478,1454,16265,
-514,1488,16249,
-540,1476,16261,
-542,1362,16234,
-478,1309,16245,
-487,1286,16205,
-493,1271,16224,
-522,1286,16277,
-491,1224,16339,
-473,1211,16361,
-474,1199,16432,
-419,1120,16456,
-485,1050,16504,
-401,1069,16512,
-414,1032,16571,
-407,1115,16526,
-398,1085,16457,
-426,1092,16400,
-438,1185,16328,
-437,1151,16341,
-464,1166,16343,
-419,1169,16304,
-434,1230,16313,
-444,1258,16262,
-473,1390,16239,
-531,1448,16191,
-134,1343,15924,
-621,1473,16479,
-772,1454,16400,
-602,1579,16255,
-501,1333,16021,
-401,1437,16178,
-492,1438,16237,
-545,1417,16229,
-485,1338,16172,
-415,1217,16261,
-400,1154,16357,
-406,1113,16383,
-404,1079,16410,
-429,1084,16434,
-444,1106,16375,
-447,1096,16308,
-387,1055,16219,
-459,1129,16773,
-714,1067,16294,
-483,1275,16308,
-578,1305,16331,
-497,1334,16315,
-559,1344,16227,
-587,1348,16202,
-566,1301,16192,
-555,1260,16251,
-495,999,16447,
-489,982,16441,
-491,993,16409,
-431,983,16366,
-508,1067,16366,
-500,1062,16407,
-539,1132,16492,
-519,1152,16366,
-492,1109,16291,
-507,1171,16359,
-554,1179,16337,
-583,1221,16368,
-635,1216,16432,
-566,1159,16419,
-556,1194,16496,
-604,1243,16419,
-606,1183,16400,
-562,1135,16380,
-521,1014,16234,
-590,966,16308,
-548,969,16137,
-505,1043,16217,
-588,1107,16307,
-690,1157,16468,
-506,1054,16277,
-516,1023,16453,
-503,1205,16439,
-634,1196,16417,
-827,1107,16271,
-126,1168,16443,
-528,992,16289,
-460,634,16400,
-372,992,16239,
-281,1125,16268,
-305,1136,16125,
-423,1087,16161,
-395,982,16273,
-378,915,16303,
-117,1080,16285,
-626,914,16350,
-334,874,16437,
-504,1023,16364,
-444,1132,16372,
-440,1140,16377,
-490,994,16294,
-439,986,16321,
-425,948,16374,
-456,1007,16317,
-388,1050,16297,
-479,1064,16231,
-488,1192,16206,
-462,1269,16169,
-425,1260,16248,
-475,1216,16228,
-528,1235,16247,
-484,1136,16240,
-460,1143,16235,
-454,1107,16297,
-490,1049,16257,
-514,1052,16305,
-525,1005,16330,
-542,871,16300,
-500,801,16293,
-501,766,16349,
-479,665,16294,
-506,614,16335,
-518,595,16269,
-460,578,16334,
-404,521,16369,
-409,619,16412,
-424,598,16367,
-445,596,16223,
-435,679,16382,
-427,679,16262,
-448,730,16264,
-482,852,16250,
-390,953,16340,
-469,417,16460,
-354,258,17067,
-283,215,16641,
-307,310,16585,
-380,339,16701,
-479,402,16685,
-415,290,16856,
-431,131,16713,
-370,223,16592,
-391,119,16511,
-420,96,16411,
-458,207,16351,
-425,297,16380,
-365,246,16445,
-402,245,16364,
-399,212,16364,
-309,190,16325,
-320,208,16305,
-342,190,16261,
-302,250,16394,
-340,177,16491,
-331,111,16524,
-314,42,16584,
-331,39,16585,
-383,5,16558,
-348,33,16581,
-378,60,16525,
-372,5,16474,
-374,-5,16459,
-363,-23,16549,
-413,142,16557,
-442,117,16575,
-346,131,16558,
-408,79,16723,
-344,276,16503,
-270,363,16426,
-329,396,16325,
-412,446,16275,
-346,531,16259,
-355,592,16169,
-350,591,16215,
-341,605,16168,
-380,593,16215,
-390,619,16237,
-453,622,16210,
-396,636,16294,
-370,659,16316,
-443,657,16398,
-427,692,16413,
-473,707,16385,
-448,711,16368,
-392,735,16425,
-382,795,16459,
-425,817,16341,
-440,946,16375,
-493,1051,16333,
-469,870,16350,
-389,817,16274,
-401,826,16420,
-409,758,16492,
-463,945,16334,
-505,888,16360,
-507,829,16337,
-542,765,16282,
-586,617,16329,
-524,608,16500,
-514,782,16310,
-504,858,16361,
-438,870,16253,
-504,925,16419,
-483,1047,16377,
-547,1154,16383,
-508,1290,16306,
-620,1313,16506,
-572,1413,16445,
-583,1367,16364,
-642,1472,16279,
-553,1557,16450,
-434,1354,16065,
-427,1046,16053,
-472,1349,16740,
-647,1958,16070,
-483,2035,16415,
-655,1766,16030,
-553,1868,16113,
-799,2327,16392,
-755,2486,16395,
-447,1986,16600,
-124,1610,16553,
-159,1579,16560,
-388,1965,16278,
-593,2248,16204,
-557,2188,16227,
-486,2180,16208,
-485,2083,16272,
-505,2061,16228,
-544,2058,16204,
-660,2048,16102,
-556,2092,16109,
-593,2092,16050,
-651,1987,16077,
-632,1874,16171,
-611,1923,16215,
-662,1917,16332,
-645,1983,16328,
-680,1990,16365,
-637,2030,16415,
-650,1913,16408,
-569,1984,16421,
-667,2035,16400,
-687,2063,16397,
-760,2049,16347,
-652,2004,16373,
-680,2024,16369,
-661,2111,16408,
-706,2196,16393,
-683,2135,16361,
-683,2130,16281,
-679,2159,16309,
-628,2232,16208,
-677,2303,16169,
-620,2361,16132,
-662,2374,16041,
-595,2360,16095,
-632,2434,16108,
-673,2381,16221,
-675,2456,16319,
-716,2368,16552,
-617,2327,16774,
-688,2529,16857,
-771,2452,16859,
-803,2552,16665,
-815,2390,16489,
-741,2391,16516,
-800,2574,16306,
-903,2952,16172,
-1122,3499,15647,
-1309,4070,15422,
-1284,3643,15190,
-785,3593,16257,
-665,3628,15942,
-878,3560,15924,
-645,3649,16543,
-848,3500,16211,
-854,3826,16272,
-794,4027,16316,
-1026,4081,16214,
-929,4093,16126,
-992,4241,15938,
-863,4266,16151,
-967,4012,16185,
-923,4197,15951,
-998,4190,15823,
-1197,4294,15797,
-852,4356,15898,
-995,4331,15790,
-970,4125,15453,
-784,4472,15436,
-1047,4421,15524,
-1001,4308,15492,
-763,4470,15493,
-987,4388,15547,
-843,4545,15495,
-927,4618,15336,
-914,4673,15512,
-991,4597,15347,
-1033,4700,15583,
-729,4917,15634,
-939,4920,15449,
-772,4958,15620,
-783,4966,15544,
-837,5053,15508,
-796,5089,15385,
-831,5020,15382,
-749,4896,15372,
-818,5021,15432,
-831,5016,15491,
-848,5070,15624,
-848,5180,15754,
-868,5023,15805,
-907,5250,15903,
-998,5385,15526,
-978,5164,15625,
-798,5445,15853,
-1316,5053,16061,
-958,4971,14810,
-873,4515,14291,
-878,4609,14284,
-1060,4725,14723,
-1007,4895,15172,
-1046,5079,15911,
-918,5471,16728,
-1073,5631,17032,
-1052,5658,17269,
-1045,5620,17255,
-899,5340,16846,
-1017,4878,16188,
-930,4564,15601,
-1052,4507,15088,
-883,4708,14958,
-853,4503,14651,
-1302,4195,14497,
-1064,4523,14611,
-961,4703,14981,
-869,4804,15054,
-1029,5046,15276,
-1099,5472,15664,
-823,5331,15875,
-1277,5278,15876,
-681,5293,15675,
-851,6692,15474,
-964,4688,16065,
-797,5532,16149,
-577,5597,16200,
-2082,5148,15256,
-1283,5216,16510,
-675,5628,15237,
-1146,5674,15892,
-543,5952,16008,
-601,5935,15709,
-838,6048,15420,
-757,5864,15481,
-1734,6574,14912,
-1012,6496,14948,
-1336,6039,14815,
-416,6002,15864,
-586,5868,14194,
-896,6573,14544,
-999,6616,14576,
-1586,6574,14377,
-4481,5273,5169,
207,7692,10012,
-1727,6705,17822,
-1380,6797,15121,
-1679,7278,15649,
-1141,7604,11479,
-1671,6820,12704,
-1127,7005,15547,
-821,7152,14700,
-1226,6763,14760,
-1150,7436,14952,
-1453,7518,14646,
-1124,8008,16507,
-974,7404,14674,
-1277,7389,14985,
-1353,7724,14876,
-1398,7860,15007,
-1396,7638,14785,
-1108,7790,15742,
-1745,6869,14007,
-1326,7641,15019,
-1296,7094,14348,
-1187,7655,14779,
-1296,7675,14825,
-1223,7191,14751,
-1475,7441,15276,
-529,7214,15309,
-1361,6466,14554,
-1390,7150,15306,
-1429,7888,15192,
-2085,6926,14224,
-954,7103,14310,
-413,7122,14061,
-1603,6458,14768,
-1387,7189,14930,
-1843,6591,14721,
-2421,7606,13649,
-1177,7143,13879,
-1990,7626,14869,
-449,6620,13478,
-1194,6809,12283,
-1953,6937,13741,
-2045,6837,13230,
-1280,7249,13481,
-263,6981,17319,
-1203,6982,14743,
-1554,7474,13550,
-2118,8215,14152,
-1907,8468,14496,
-1482,8032,17504,
-1565,8799,13433,
-1794,8379,15288,
-1746,8568,15326,
-1495,8913,14894,
-1551,8629,15369,
-1528,8663,15558,
-1664,8610,15117,
-1608,8537,15008,
-1589,8535,14917,
-1547,8578,14609,
-1587,8275,14586,
-1558,8015,14137,
-1854,7954,14342,
-1778,8135,14121,
-1581,8323,13898,
-1926,8124,13633,
-2234,7720,13594,
-1901,8098,14130,
-2199,8126,13517,
-1873,8121,13619,
-2075,8335,13675,
-2604,8163,12736,
-1103,8514,12779,
-2913,8597,14162,
-2694,8384,12740,
-1764,8017,14164,
-2294,8001,13493,
-2113,7553,13593,
-3585,7859,15078,
-1554,8328,14474,
194,9129,12731,
-2067,7838,14139,
-272,9180,12979,
-1976,8028,14264,
-904,8752,14198,
-2349,7726,14797,
-1423,8418,13867,
-2195,7838,14071,
-1496,8171,14130,
-1724,8188,13894,
-1868,8241,14255,
-358,8755,14242,
-2417,8166,14383,
-1307,8279,15284,
-1318,8439,13889,
-1356,8511,13880,
-2648,8128,14211,
-1935,8321,13926,
-2066,8712,14520,
-2442,8448,14112,
-2007,8429,13836,
-1848,8272,14013,
-1794,8310,13933,
-2271,8200,10905,
-2377,7836,15104,
-2248,7999,13737,
-2029,7812,13701,
-2175,7771,13228,
-1929,7968,13885,
-1982,7898,13854,
-1951,7927,13989,
-2080,8057,13990,
-2196,8257,13811,
-2235,8308,14444,
-2063,8131,14639,
-1866,7953,14489,
-2027,8231,14411,
-2044,8240,14670,
-1803,8075,14473,
-1886,8122,14423,
-1788,8164,14556,
-2026,8289,14342,
-2018,8166,14269,
-2002,8296,14206,
-1697,8192,13234,
-2260,8052,13747,
-2147,8206,13044,
-2144,8573,12716,
-1495,7998,13797,
-1882,8340,13484,
-1784,8121,16121,
-1046,8420,13783,
-1913,8189,14365,
-2144,8578,14065,
-2274,8425,13829,
-1924,8472,14057,
-1955,8151,14146,
-2022,8254,14045,
-2173,7917,14374,
-2302,8268,13964,
-2334,8294,14033,
-2168,8345,14270,
-2044,8281,14277,
-2014,8297,14286,
-1954,8268,14232,
-1989,8266,14129,
484,10316,14169,
-437,11098,14242,
-2783,7716,13656,
-2039,8419,13432,
-2224,8260,13932,
-2171,8363,13581,
-2183,8522,13842,
-2303,8449,13855,
-2340,8419,13768,
-2350,8336,13770,
-2281,8445,13572,
-2523,8455,13670,
-2453,8498,13539,
-2328,8472,13645,
-2106,8387,13689,
-1906,8388,13757,
-1853,8648,13775,
-1915,8676,13865,
-2150,8653,14037,
-1926,8568,13994,
-2186,8609,13941,
-2280,8879,14197,
-2543,8558,14063,
-1942,8725,14148,
-2326,8627,14149,
-2469,8427,14102,
-2498,8302,14043,
-2371,8471,13849,
-2385,8414,13956,
-2502,8441,13900,
-2324,8590,13841,
-2234,8689,13794,
-2173,8744,13611,
-11083,11373,13042,
-2683,8226,13276,
-2481,8383,13729,
-2577,8577,13464,
-2601,8863,13452,
-2485,8875,13633,
-2348,8980,13929,
-2794,8610,13534,
-2584,8571,13519,
-2572,8691,13795,
-2633,8547,13760,
-2605,8756,13715,
-2595,8742,13710,
-2542,8752,13482,
-2370,8736,13613,
-1630,9777,7976,
-3381,9089,14567,
-2422,8817,13067,
-2660,8454,13655,
-2275,8722,13457,
-2271,8708,13423,
-2186,8684,13425,
-2263,8649,13569,
-2341,8786,13490,
-2360,8761,13548,
-2373,8733,13596,
-2383,9027,13485,
-2428,8965,13666,
-2437,8846,13753,
-2456,8928,13654,
-2495,8945,13599,
-2487,8847,13582,
-2492,8824,13473,
-2479,8812,13489,
-2431,8785,13354,
-2479,8777,13410,
-2471,8782,13438,
-2483,8797,13426,
-2477,8815,13486,
-2475,8792,13504,
-2476,8845,13599,
-2477,8856,13623,
-2413,8839,13727,
-2402,8860,13770,
-2382,8770,13834,
-2258,8850,13572,
-2330,8689,14011,
-2341,8668,13784,
-2312,8671,13818,
-2311,8740,13742,
-2306,8609,13753,
-2299,8577,13801,
-2319,8665,13771,
-2323,8674,13820,
-2380,8655,13875,
-2327,8678,13972,
-2287,8757,13974,
-2322,8645,13940,
-2271,8626,13901,
-2306,8684,13862,
-2236,8640,13837,
-2302,8651,13773,
-2272,8633,13767,
-2368,8628,13690,
-2300,8550,13608,
-2303,8551,13610,
-2303,8633,13648,
-2438,8649,13651,
-2294,8738,13643,
-2318,8648,13651,
-2425,8678,13665,
-2472,8570,13736,
-2307,8678,13734,
-2276,8714,13842,
-2279,8714,13877,
-2180,8679,13911,
-2204,8774,13923,
-2178,8847,13905,
-2260,8726,13885,
-2415,8706,13754,
-2579,8717,13626,
-2465,8768,13676,
-2429,8717,13702,
-2593,8842,13877,
-2473,8792,13661,
-2444,8728,13634,
-2444,8725,13739,
-2375,8862,13694,
-2491,8944,13754,
-2633,8799,13618,
-2700,8840,13573,
-2548,8799,13557,
-2618,8804,13482,
-2586,8813,13451,
-2459,8880,13383,
-2396,8925,13442,
-2246,8982,13530,
-2415,8966,13522,
-2632,8940,13327,
-2839,8968,13323,
-2550,8999,13350,
-2634,8981,13432,
-4588,6645,15260,
-2968,8986,13814,
-2859,8766,13450,
-2756,9025,13596,
-2818,8744,13686,
-2777,8751,13737,
-2891,8777,13672,
-2752,8883,13700,
-2655,8789,13755,
-2693,8768,13751,
-2731,8825,13684,
-2763,8785,13694,
-2741,8841,13626,
-2729,8755,13569,
-2650,8757,13660,
-2622,8875,13575,
-2577,8814,13654,
-2596,8680,13642,
-2615,8717,13637,
-2511,8699,13980,
-2544,8880,13406,
-2478,8790,13472,
-2654,8779,13790,
-2502,8694,13711,
-2512,8754,13770,
-2398,8803,13747,
-2523,8763,13585,
-2595,8697,13521,
-2562,8806,13494,
-2463,8792,13530,
-2490,8799,13600,
-2635,8836,13600,
-2589,8895,13514,
-2609,8982,13551,
-2586,8944,13537,
-2654,8867,13471,
-2561,8989,13615,
-2528,8899,13633,
-2531,8877,13505,
-2572,8684,13453,
-2701,8677,13392,
-2602,8827,13582,
-2412,8960,13700,
-2397,8878,13699,
-1252,8919,13695,
31,11336,14403,
-2408,8290,12964,
-2380,8857,13681,
-2407,8593,13579,
-2517,8733,13756,
-2346,8940,13698,
-2361,8821,13761,
-2378,8703,13746,
-2443,8672,13786,
-3694,7291,13945,
-1906,8229,14159,
-1923,8243,14000,
-1841,8206,14127,
-1869,8178,14031,
-1927,8104,13980,
-1788,8088,14005,
-1868,8036,13992,
-1868,8041,14072,
-1843,8140,14087,
-1975,8092,13915,
-1755,8067,14042,
-1819,8099,14108,
-1827,8050,14174,
-1837,8013,14189,
-1833,8090,14264,
-1905,8059,14308,
-1853,8099,14280,
-1862,8011,14296,
-1825,7860,14381,
-1810,7883,14345,
-1778,7894,14358,
-1841,7900,14321,
-1886,7921,14262,
-1864,7935,14247,
-1880,7896,14334,
-1817,7872,14366,
-1861,7993,14376,
-1823,7996,14383,
-1915,8059,14289,
-1865,7967,14286,
-1832,7830,14383,
-1798,7944,14430,
-1844,8180,14304,
-1905,8121,14423,
-1830,8031,14332,
-1808,7896,14364,
-1696,7944,14360,
-1766,7967,14360,
-1812,7950,14347,
-1845,7952,14215,
-1846,7886,14195,
-1826,7901,14218,
-1715,7864,14156,
-1781,7831,14213,
-1870,7777,14212,
-1800,7857,14081,
-1871,7841,14125,
-1837,7780,14053,
-1862,7805,14002,
-1867,7759,14029,
-1838,7860,14188,
-1867,7909,14216,
-1871,8026,14244,
-1825,8016,14194,
-1892,8046,14215,
-1896,8082,14227,
-1917,8046,14300,
-1911,8077,14341,
-1814,8040,14371,
-1811,8047,14365,
-1847,8029,14318,
-1819,7944,14319,
-1796,7895,14247,
-1772,7836,14222,
-1802,7821,14236,
-1769,7749,14239,
-1768,7693,14297,
-1726,7707,14308,
-1777,7768,14313,
-1819,7822,14297,
-1771,7758,14287,
-1866,7825,14330,
-1768,7833,14253,
-1843,7766,14283,
-1796,7817,14366,
-1891,7925,14298,
-1910,8033,14307,
-1910,7967,14363,
-1961,7943,14357,
-1908,8103,14427,
-1886,8103,14476,
-1882,7982,14463,
-1925,7832,14455,
-1807,7854,14495,
-1854,7917,14499,
-1898,7927,14443,
-1895,7797,14473,
-1704,7724,14527,
-1827,7788,14509,
-1785,7764,14298,
-1809,7775,14428,
-1809,7742,14474,
-1748,7725,14508,
-1657,7736,14408,
-1680,7752,14051,
-1772,7912,13905,
-1833,8010,13797,
-1908,8158,13775,
-1862,8179,13910,
-1790,8080,14115,
-1797,8014,14217,
-1777,8024,14279,
-1809,8023,14289,
-1866,8002,14206,
-1880,7945,14178,
-1865,7938,14308,
-1783,7956,14377,
-1871,7861,14374,
-1837,7891,14426,
-1932,7872,14451,
-1807,7907,14424,
-1975,7916,14495,
-1759,7897,14386,
-1858,7837,14359,
-1835,7877,14341,
-1669,7893,14322,
-1840,7926,14357,
-1792,7875,14409,
-1800,7801,14321,
-1719,7826,14374,
-1816,7751,14306,
-1793,7790,14188,
-1836,7707,14101,
-1843,7697,14059,
-1832,7766,14078,
-1777,7773,14205,
-1224,7475,14344,
-1510,7928,14257,
-1730,7783,14334,
-1842,7861,14190,
-1827,7725,14308,
-1811,7858,14400,
-1785,7545,14611,
-1667,8007,14607,
-2787,8212,15237,
-1036,7504,13596,
-1738,7852,14319,
-2208,7460,13641,
-1559,8708,14449,
-1372,7548,14190,
-1704,7226,13937,
-1912,8342,13677,
-1872,7901,14760,
-1865,8054,14224,
-1427,8031,14508,
-2231,7676,14520,
-1800,8201,14355,
-1813,7935,14385,
-1786,7927,14468,
-1703,7883,14403,
-1791,8103,14432,
-1862,7774,14308,
-1964,7936,14256,
-2048,7848,14351,
-1909,7822,14308,
-1868,7671,14167,
-1868,7839,14128,
-2336,8218,13819,
-1222,8119,14591,
-1781,7881,14300,
-1834,7808,14138,
-1809,7706,14250,
-1666,7713,14220,
-1597,7842,14809,
-1541,7739,13979,
-1382,7910,14607,
-1333,7695,14222,
-1352,7573,14383,
-1461,7653,14383,
-1549,7593,14242,
-1037,7517,14584,
-1701,7743,14852,
-1318,7677,14408,
-1597,7679,14627,
-1281,7320,14783,
-1352,7461,14749,
-1264,7653,14773,
-1459,7724,14912,
-1037,7246,14685,
-1184,7162,14600,
-1230,7141,14787,
-1055,7045,14688,
-875,7145,14886,
-1392,7189,14829,
-1316,7280,14563,
-1319,7288,14595,
-1252,7093,14500,
-1115,6988,14697,
-1478,6859,14481,
-3874,7835,12328,
854,5815,16348,
-2179,7658,13901,
-2586,7329,15824,
-675,6838,13408,
-1980,7603,15477,
-1070,6995,13686,
-3098,8064,14600,
-414,6664,14004,
-3652,7912,14651,
-1481,8756,17425,
-821,7100,14383,
-1762,7063,15547,
-2467,8006,14461,
-1205,7493,14602,
-530,7031,14525,
-1824,6754,14801,
-1042,7795,14350,
636,6630,14403,
-4374,7319,15349,
1470,8154,14708,
-2571,6505,14984,
-52,6956,14665,
-2852,6790,14400,
127,7068,14439,
-803,6268,15156,
-755,6876,14923,
-1757,8615,17735,
-1418,8496,14308,
-2242,7943,15945,
-2021,7997,14060,
-1943,7872,14732,
-1464,7461,14472,
-1583,7155,14320,
-2039,8630,11612,
3364,7830,15331,
-4979,7022,14262,
-621,7460,16182,
-2367,8133,14113,
-1748,8065,15053,
-2126,8195,15969,
-1993,7819,14708,
-2102,8349,13840,
-2330,7842,14272,
-1932,7661,14098,
-1603,7811,14218,
-1834,7713,14132,
-1349,7592,14086,
-2030,7518,13296,
-1342,7757,14020,
-1459,7559,13883,
-1037,7475,13578,
-1335,7276,13966,
-1652,7578,13694,
-1669,7522,13962,
-1352,7488,13997,
-1517,7416,14041,
-1384,7591,14217,
-1029,7430,14330,
-1356,7377,14565,
-1586,7745,14473,
-1811,7394,14736,
-1732,7692,14819,
-1034,7282,14476,
-1481,7635,15099,
-1780,7624,14791,
-1311,7645,14762,
-1513,7592,15047,
-1615,7482,14795,
-1539,7480,14730,
-1665,7670,14857,
-1606,7706,14666,
-1594,7615,14532,
-1624,7472,14534,
-1705,7523,14374,
-1924,7509,13893,
-1798,7597,14243,
-1863,7555,14285,
-1815,7591,14212,
-1913,7634,14241,
-1896,7734,14307,
-1947,7703,14270,
-1854,7701,14293,
-1914,7806,14305,
-1897,7840,14449,
-1837,7863,14445,
-1800,7924,14383,
-1771,7823,14359,
-1791,7816,14344,
-1672,7706,14263,
-1755,7673,14356,
-1708,7725,14335,
-1697,7633,14254,
-1705,7696,14261,
-1648,7749,14248,
-1618,7640,14320,
-1623,7573,14327,
-1606,7507,14419,
-1648,7502,14406,
-1617,7370,14478,
-1548,7420,14580,
-1580,7478,14666,
-1601,7483,14671,
-1689,7414,14716,
-1639,7399,14725,
-1660,7537,14714,
-1694,7636,14711,
-1553,7333,14472,
-1755,7402,14772,
-1750,7342,14905,
-1578,7661,14635,
-1698,7400,14475,
-1844,7220,14615,
-1681,7319,14546,
-1671,7278,14613,
-1653,7263,14787,
-1787,7177,14542,
-1751,7109,14604,
-1956,7155,14617,
-1757,7383,14645,
-1852,7175,14607,
-1694,7232,14599,
-1363,6711,14913,
-1518,7478,14744,
-1865,7154,14726,
-1567,7353,15058,
-2126,7671,15007,
-1865,7234,14798,
-1694,7182,14930,
-1509,7642,14296,
-1649,7244,14732,
-1932,7149,14501,
-1604,7246,14562,
-1735,7418,14488,
-1622,7262,14446,
-1702,7312,14383,
-1727,7303,14519,
-1701,7315,14311,
-1892,7144,14545,
-1631,7117,14542,
-1695,7342,14548,
-1527,7331,14548,
-1638,7081,14411,
-1780,6965,14445,
-1663,7292,14483,
-1561,7266,14542,
-1574,7176,14650,
-1743,6911,14587,
-1725,7140,14487,
-1533,6903,14640,
-1631,7259,14688,
-1838,7041,14593,
-1550,7003,14661,
-1559,6956,14684,
-1645,7244,14882,
-1708,7366,14745,
-1812,7352,14714,
-1706,7309,14696,
-1620,7429,14700,
-1727,7426,14714,
-1696,7485,14834,
-1678,7410,14655,
-1862,7563,14767,
-1497,7427,14593,
-1619,7238,14622,
-1567,7155,14787,
-1719,7195,14608,
-1715,7285,14674,
-1631,7319,14704,
-1652,7319,14581,
-1609,7227,14614,
-1722,7313,14483,
-1662,7168,14582,
-1891,7255,14521,
-1756,7263,14840,
-1872,6982,14559,
-1704,7029,15079,
-1585,7258,14500,
-1575,7208,14540,
-1362,7226,14856,
-1559,7374,14298,
-1559,7333,14691,
-1738,7387,14440,
-1679,7471,15468,
-1703,7507,14684,
-1669,7621,14564,
-1732,7512,14575,
-1616,7360,14574,
-1632,7275,14593,
-1575,7118,14708,
-1607,7061,14697,
-1738,7109,14476,
-1611,7186,14609,
-1931,7248,14613,
-1764,7397,14407,
-1683,7266,14766,
-1656,7134,14980,
-1629,7009,14800,
-1769,7284,14652,
-1517,7368,14904,
-1787,7233,15110,
-1611,7287,14499,
-1843,7310,14568,
-1772,7254,14568,
-1781,7294,14482,
-1944,7227,14485,
-1792,7217,14721,
-1741,7184,14666,
-1856,7056,14728,
-1746,7169,14736,
-1737,7156,14775,
-1788,7170,14735,
-1759,7129,14746,
-1686,7177,14855,
-1743,7224,14865,
-1736,7245,14868,
-1827,7262,14720,
-1814,7210,14640,
-1784,7306,14609,
-1759,7273,14620,
-1690,7374,14591,
-1797,7245,14498,
-1900,7120,14386,
-1745,7516,14446,
-1792,7237,14345,
-1924,7076,14350,
-1728,7545,14319,
-1837,7208,14372,
-1754,7477,14916,
-1880,7522,14618,
-1300,7794,14619,
-1506,7907,14449,
-1759,7698,14436,
-1843,7736,14727,
-1865,7462,14559,
-1767,7635,14630,
-1347,7952,14560,
-1770,7490,14431,
-2017,7199,14782,
-1683,7419,14735,
-2007,7465,14608,
-1842,7608,14587,
-2025,7807,14498,
-1735,7421,14297,
-1698,7496,14301,
-1744,7377,14215,
-1889,7417,14190,
-1687,7350,14095,
-1710,7338,14409,
-1795,7380,14548,
-1761,7346,14572,
-1743,7412,14549,
-1761,7319,14616,
-1840,7327,14659,
-1779,7462,14790,
-1767,7592,14616,
-1644,6998,15007,
-1963,7243,14751,
-1391,6765,14903,
-1625,7123,14900,
-1751,7017,15043,
-1737,7014,14985,
-1618,6775,14861,
-1658,6705,14900,
-1654,6623,14780,
-1586,6639,14863,
-1581,6636,14939,
-1576,6646,15036,
-1626,6671,15019,
-1636,6709,14997,
-1656,6702,14924,
-1638,6661,14932,
-1619,6667,14925,
-1573,6640,14852,
-1627,6734,14795,
-1681,6728,14782,
-1563,6744,14727,
-1662,6710,14768,
-1664,6733,14911,
-1689,6940,14943,
-1693,6960,14930,
-1712,6893,14996,
-1661,6894,15104,
-1724,6931,14903,
-1731,7013,14979,
-1748,6932,14912,
-1711,6797,14820,
-1694,6746,14786,
-1732,6717,14809,
-1689,6724,14798,
-1693,6759,14837,
-1688,6790,14796,
-1688,6722,14741,
-1661,6663,14745,
-1737,6719,14721,
-1690,6696,14740,
-1689,6712,14778,
-1712,6745,14814,
-1660,6730,14792,
-1680,6750,14894,
-1678,6732,14895,
-1662,6793,14946,
-1645,6739,14976,
-1680,6692,14990,
-1662,6752,15005,
-1614,6704,15043,
-1675,6754,15020,
-1664,6767,15046,
-1676,6818,14964,
-1721,6836,14929,
-1723,6752,14893,
-1683,6690,14922,
-1605,6752,14972,
-1667,6772,14898,
-1696,6852,14810,
-1701,6803,14692,
-1713,6722,14680,
-1739,6741,14575,
-1706,6732,14545,
-1695,6729,14554,
-1710,6710,14582,
-1685,6782,14655,
-1702,6841,14663,
-1744,6868,14739,
-1654,6715,14816,
-1676,6735,15013,
-1631,6710,15122,
-1681,6647,15113,
-1666,6651,15143,
-1576,6791,15087,
-1672,7060,14899,
-1618,6421,15262,
-1671,6367,14924,
-1522,6413,15052,
-1669,6615,15010,
-1707,6624,15034,
-1674,6534,15057,
-1634,6369,15139,
-1591,6428,15079,
-1586,6376,15127,
-1642,6398,15064,
-1598,6420,15109,
-1610,6456,15181,
-1577,6430,15166,
-1594,6456,15045,
-1671,6456,14959,
-1661,6478,14886,
-1653,6380,14960,
-1593,6324,15014,
-1593,6327,14967,
-1639,6324,15022,
-1672,6418,14934,
-1641,6366,15016,
-1633,6363,14991,
-1657,6383,15022,
-1848,6428,14955,
-1527,6380,15125,
-1695,6517,15008,
-1714,6374,15006,
-1639,6328,14966,
-1600,6289,15070,
-1601,6302,15094,
-1618,6300,15091,
-1578,6308,15160,
-1556,6333,15157,
-1546,6376,15179,
-1629,6402,15140,
-1605,6499,15119,
-1662,6693,15112,
-1614,6514,15069,
-1632,6400,15053,
-1583,6365,15033,
-1619,6407,14994,
-1674,6456,14927,
-1614,6366,14843,
-1555,6322,14873,
-1512,6269,14850,
-1539,6259,14873,
-1620,6273,14851,
-1616,6319,14855,
-1620,6310,14852,
-1620,6625,14787,
-1647,6355,15136,
-1535,5866,15132,
-1427,5937,15131,
-1600,6448,15160,
-1690,6177,15310,
-1019,5747,14966,
-1983,6317,14689,
-1366,6000,15332,
-1410,6360,15151,
-1521,5989,15141,
-1461,6057,15333,
-1381,5944,15265,
-1321,6012,15295,
-1422,5989,15258,
-1378,5883,15283,
-1287,5981,15227,
-1255,5477,15366,
-1366,5336,15377,
-1373,5275,15371,
-1357,5322,15391,
-1604,5240,15689,
-1343,4990,15479,
-1583,5175,15722,
-1537,5146,15573,
-1656,5269,15570,
-1800,5221,15808,
-1542,5162,16062,
-1415,5401,15848,
-1568,5261,15838,
-1590,5173,15842,
-1715,5427,15781,
-1670,5745,15333,
-1976,5753,15664,
-1578,5575,15625,
-1662,5591,15857,
-1517,5511,15867,
-1663,5592,15736,
-1565,5525,15620,
-1522,5532,15464,
-1449,5473,15478,
-1474,5458,15274,
-1482,5457,15442,
-1403,5502,15361,
-1355,5642,15281,
-1376,5614,15274,
-1405,5585,15172,
-1383,5710,15178,
-1454,5911,15136,
-1487,5763,15175,
-1110,5250,15523,
-903,5578,15621,
-1527,6338,15296,
-1609,6477,14931,
-1726,6270,14711,
-1548,6058,14674,
-1477,5967,14920,
-1635,6115,15181,
-1613,6254,15572,
-1468,6181,15255,
-1686,6303,15299,
-1632,6268,14997,
-1712,6031,15008,
-1186,6569,15228,
-2742,5024,16835,
-1934,5787,15027,
-1680,6028,15037,
-1688,5753,15189,
-1591,5811,14994,
-1652,5772,15081,
-1885,5657,16634,
-1908,6173,15023,
-1683,5927,16043,
-1676,5538,14711,
-1953,6037,14538,
-1148,6155,15439,
-1125,6865,15408,
-1452,6451,15629,
-142,6296,17433,
-1150,6290,15354,
-1730,6307,15114,
-1303,6467,15487,
-1096,6547,14828,
-1636,6087,15193,
-1805,6359,14505,
-1040,5929,15170,
-1989,6181,14455,
-1403,6183,15264,
-1553,6322,15050,
-1258,6196,15459,
-1706,6675,14678,
-2246,6439,14472,
-1940,6349,15200,
-1500,6470,15315,
-1909,6493,15380,
-1538,6712,15604,
-1745,6704,15575,
-1964,6441,15634,
-1865,6656,15494,
-1614,6729,15156,
-2106,6150,15269,
-1373,6635,14834,
-2101,5747,14760,
-1594,6199,14597,
-2199,5979,14738,
-1657,6094,14589,
-2658,5818,14939,
-1241,6115,15143,
-1590,5672,15534,
-1732,6149,15280,
-1239,6211,15624,
-1974,6265,15048,
-1378,5841,15615,
-1793,6423,15370,
115,7456,14668,
-2569,5993,15111,
-1224,6502,15799,
471,6605,15817,
-2173,5943,15346,
-1827,6620,14811,
-967,6654,15048,
-1747,6086,15081,
-1469,6594,14854,
-2102,6301,14792,
-2659,5722,14845,
-1494,6430,14811,
-1597,6211,14960,
-1426,6456,15184,
-2554,6267,14982,
-1771,6480,15220,
-1435,6786,15077,
-2198,6653,14980,
-1602,6400,15238,
-2103,6123,15310,
-1602,6288,15230,
-1339,6480,15049,
-1805,6662,14812,
-1707,6777,14549,
-1688,6677,14806,
-1569,6706,14886,
-1668,6662,14740,
-1690,6647,14756,
-1562,6746,14672,
-1492,6657,14786,
-1273,6559,14976,
-460,7325,14073,
-1066,6442,14805,
-1424,6503,15083,
-1284,6357,14813,
-1464,5816,14481,
-1663,6297,14604,
-1536,6322,14639,
-1422,6545,14709,
-2016,6443,15256,
-1314,6285,14536,
-1712,6447,14457,
-1839,6627,14670,
-1636,6782,14667,
-1662,6873,14745,
358,8151,14682,
-1534,7052,14051,
-1488,7039,14987,
6721,15506,15117,
-5904,1478,16469,
-1922,4108,16096,
-2371,6989,14539,
-1800,7608,14574,
-1459,6943,14430,
-1686,6783,15390,
-1707,6947,15352,
-2441,6003,14605,
-1633,6697,14431,
-1495,6736,14565,
-1616,6761,14598,
-1569,6823,14754,
-1335,6965,14910,
-1366,6729,14917,
-1602,6732,14946,
-1958,6880,14965,
-1832,7640,15477,
-1836,7473,15335,
-1805,7437,15380,
-1971,7253,15236,
-1996,7347,15161,
-1937,7413,15015,
-1900,7284,14860,
-1776,7407,14448,
-1909,7565,14625,
-2005,7738,14425,
-1817,7726,14406,
-1839,7550,14311,
-1620,7423,14166,
-1603,7365,14091,
-1567,7424,14076,
-1419,7669,14073,
-1423,7473,14043,
-1496,7273,13929,
-1885,7202,13956,
-1896,7399,14238,
-2015,7424,14271,
-1958,7280,14062,
-1625,7291,14127,
-1751,6967,14608,
-1814,6908,14782,
-1816,6894,14967,
-1795,6849,15336,
-1655,6809,15550,
-1685,6691,15378,
-1381,6555,15597,
-1630,6370,15493,
-1656,6342,15570,
-1584,6045,15725,
-1642,5877,15537,
-1613,5746,15362,
-1512,5468,15266,
-1539,5571,15126,
-1640,5373,15157,
-1612,5316,15059,
-1573,5170,15026,
-1695,5157,15206,
-1448,5917,15043,
-1639,5466,15569,
-1730,5376,15431,
-1872,5710,15308,
-1887,5721,15182,
-1804,5779,15031,
-1727,5753,15075,
-1804,5808,14911,
-1987,5835,14764,
-1738,5771,14752,
-1802,5823,14841,
-2192,5515,15236,
-1566,6037,15012,
-1818,5560,14856,
-1944,6058,15051,
-1896,6182,15194,
-1940,6465,15426,
-1952,6613,15412,
-1993,6712,15436,
-1963,6779,15363,
-1945,6893,15207,
-2046,6976,15168,
-1839,7082,14923,
-2030,7010,14826,
-2113,7095,14805,
-2115,7019,14817,
-2160,7118,14972,
-2089,7185,15172,
-2122,7171,15196,
-2113,7128,15185,
-2166,7181,15254,
-2083,7211,15212,
-2081,7054,15240,
-2051,6972,15139,
-1981,6884,15161,
-1850,6648,14973,
-1841,6461,14853,
-1785,6422,14874,
-1841,6494,14860,
-1883,6445,14933,
-1890,6319,15010,
-1778,6153,14727,
-1722,6011,14695,
-1698,6078,14743,
-1739,6091,14783,
-1740,6027,14754,
-1651,6013,14801,
-1807,6142,14898,
-1858,6421,14858,
-1916,6371,14943,
-1895,6362,14959,
-1943,6456,15038,
-1970,6631,15056,
-2071,6773,14975,
-1989,7012,14789,
-2103,7167,14750,
-2127,7142,14677,
-2023,7159,14631,
-1987,7151,14689,
-2788,6076,14063,
-1959,8057,14612,
-1968,7402,14534,
-1823,7319,14471,
-1567,7130,14695,
-1675,7505,14609,
-1689,7393,14577,
-1609,7537,14582,
-1530,7592,14794,
-1413,7723,14434,
-1305,9356,13262,
-1392,9274,13285,
-1437,9452,13266,
-1388,9428,13333,
-1415,9440,13319,
-1401,9515,13334,
-1380,9518,13377,
-1433,9575,13341,
-1462,9510,13385,
-1422,9578,13503,
-1484,9562,13436,
-1406,9481,13367,
-1439,9420,13320,
-1365,9462,13328,
-1356,9456,13382,
-1393,9444,13348,
-1321,9272,13542,
-1294,9242,13586,
-1334,9378,13669,
-1411,9501,13416,
-1413,9341,13558,
-1413,9284,13490,
-1439,9286,13472,
-1468,9427,13443,
-1404,9396,13362,
-1495,9404,13426,
-1488,9386,13313,
-1512,9339,13259,
-1513,9318,13197,
-1510,9318,13224,
-1515,9343,13200,
-1451,9350,13185,
-1434,9397,13272,
-1488,9332,13249,
-1505,9309,13244,
-1439,9286,13156,
-1471,9248,13240,
-1459,9209,13338,
-1412,9144,13403,
-1420,9190,13479,
-1424,9092,13446,
-1444,9019,13487,
-1470,9004,13535,
-1401,8959,13547,
-1432,9002,13590,
-1406,9044,13550,
-1440,9110,13512,
-1421,9064,13555,
-1409,8991,13488,
-1429,8993,13485,
-1437,8953,13526,
-1466,8922,13608,
-1466,8969,13646,
-1557,9042,13631,
-1497,8994,13754,
-1515,9023,13817,
-1525,9104,13860,
-1526,9077,13831,
-1594,9067,13839,
-1537,8975,13876,
-1515,8930,13915,
-1496,8865,13950,
-1532,8927,13886,
-1564,8919,13907,
-1513,8865,13825,
-1439,8700,13782,
-1446,8629,13689,
-1416,8587,13643,
-1516,8616,13581,
-1499,8738,13600,
-1502,8776,13567,
-1488,8765,13568,
-1529,8756,13596,
-1450,8622,13233,
-1433,8784,13589,
-1525,8794,13706,
-1543,8831,13568,
-1609,8880,13616,
-1531,8926,14037,
-1514,9030,14013,
-1570,8954,13921,
-1660,9159,14142,
-1511,9187,14161,
-1497,9070,14193,
-1552,8985,14076,
-1632,8999,13999,
-1576,8931,13654,
-1631,8759,13525,
-1681,8347,13046,
-1411,8393,13590,
-1419,9203,12932,
-1305,9364,13334,
-1625,8417,13921,
-1562,8579,13850,
-1424,8472,13667,
-1431,8724,13924,
-1480,8737,13931,
-1503,8485,13989,
-1548,8287,13392,
-1500,8309,13947,
-1605,8349,13863,
-1531,8736,13901,
-1622,8555,14017,
-2635,8565,14530,
-1697,8753,14473,
-1533,8780,14285,
-3964,10489,14568,
-2199,9271,13996,
-770,7573,14724,
-1422,8796,14588,
-1836,8623,14469,
-1162,8513,13999,
-892,9303,15272,
-1281,9058,14777,
-1243,9355,14786,
-1119,8767,13139,
-939,8786,14558,
-2405,8924,12492,
-1965,8459,13208,
-917,8611,14104,
-2761,9042,8504,
1506,6707,14823,
952,7469,11488,
-2227,7521,15438,
-739,7834,12232,
-1360,8134,13458,
-1351,7946,13393,
-1884,8478,13127,
-1757,8723,12874,
-1225,8710,13986,
-1910,8367,15273,
-1291,8605,14727,
-1331,8727,15029,
-1393,8757,14671,
-1449,8802,15146,
-1333,8734,14721,
-1443,8721,14460,
-1389,8845,14771,
-1439,8826,14416,
-1550,8746,14471,
-1375,8834,14409,
-1393,8809,14249,
-1407,8626,14260,
-1429,8607,14043,
-1356,8455,13875,
-1400,8337,13919,
-1506,8258,13677,
-1469,8208,13605,
-1452,8222,13663,
-1537,8237,13654,
-1508,8282,13553,
-1538,8259,13612,
-1675,8265,13627,
-1557,8291,13538,
-1791,8534,13719,
-1763,8521,13615,
-1716,8433,13799,
-1845,8534,13867,
-1762,8648,13711,
-1872,8791,13685,
-2052,8782,13761,
-1845,8925,13862,
-1986,8951,13750,
-1728,8705,13736,
-1952,8779,13733,
-1924,8740,13916,
-1858,8808,13829,
-1871,8692,13842,
-1880,8652,13648,
-1846,8538,13605,
-1786,8494,13596,
-1863,8523,13834,
-1854,8607,13915,
-1728,8563,13924,
-1555,8431,13947,
-1851,8519,13976,
-1667,8419,13885,
-1614,8381,13716,
-1591,8202,13817,
-1661,8223,13767,
-1561,8288,13721,
-1621,8322,13887,
-1649,8424,13842,
-1557,8376,13920,
-1607,8275,14140,
-1445,8203,14525,
-1547,8242,14610,
-1491,8357,14623,
-1533,8462,14939,
-1539,8474,14794,
-1583,8508,14956,
-1808,8463,14866,
-1595,8297,14801,
-1515,8125,14941,
-1529,8168,14762,
-1583,8193,14712,
-1674,8194,14619,
-1534,8098,14550,
-1636,7991,14707,
-1743,7974,14150,
-1464,7722,14163,
-1654,7543,14054,
-1555,7378,13642,
-1616,7324,13622,
-1542,7168,13566,
-1627,7223,13709,
-1770,7383,14058,
-1527,7414,13708,
-1703,7522,14390,
-1691,7553,14419,
-1783,7618,14560,
-1590,7568,14658,
-1754,7587,14533,
-1592,7486,14496,
-1712,7542,14566,
-1591,7583,14583,
-1496,7945,14622,
-1519,7935,14546,
-1552,7928,14512,
-1503,7933,14509,
-1498,7897,14462,
-1482,7848,14484,
-1548,7816,14499,
-1533,7784,14502,
-1524,7831,14532,
-1598,7693,14503,
-1475,7636,14550,
-1533,7578,14641,
-1644,7750,14701,
-1621,7688,14679,
-1699,7690,14749,
-1566,7600,14716,
-1489,7659,14793,
-1625,7574,14769,
-1772,7741,14685,
-1742,7769,14761,
-1623,7845,14751,
-1826,7875,14528,
-1647,7745,14285,
-1685,7659,14267,
-1567,7500,14281,
-1538,7508,14101,
-1718,7613,14274,
-1512,7596,13769,
-1663,7622,13942,
-1458,7527,13929,
-1618,7535,13957,
-1442,7620,13886,
-1676,7598,13937,
-1552,7558,14054,
-1618,7643,14141,
-1469,7555,14186,
-1334,7571,14320,
-1749,7535,14131,
-1589,7711,14307,
-1708,7766,14434,
-1620,7827,14448,
-1392,7809,14537,
-1670,7715,14338,
-1703,7771,14405,
-1593,7738,14756,
-1895,7947,14627,
-1761,7861,14495,
-1725,7888,14663,
-2335,7897,14262,
-1691,7984,14833,
-1248,7813,14819,
-1675,7717,14685,
-1615,7797,14596,
-1798,7909,14512,
-1579,7818,14556,
-1705,7727,14676,
-1584,7610,14850,
-1731,7724,14755,
-1795,7729,14602,
-1669,7728,14534,
-1824,7694,14672,
-1643,7520,14474,
-1638,7511,14408,
-1632,7523,14618,
-1697,7648,14403,
-1687,7682,14136,
-1577,7680,14486,
-1704,7786,14420,
-1638,7726,14269,
-1863,7802,14164,
-1600,7798,14361,
-1605,7789,14423,
-1642,7837,14424,
-1610,7848,14326,
-1650,7806,14311,
-1667,7957,14193,
-1679,7882,14401,
-1730,7866,14062,
-1589,7731,14245,
-1611,7740,14332,
-1620,7826,14337,
-1693,7873,14263,
-1714,7937,14162,
-1608,7852,14199,
-1717,7879,14203,
-1603,7919,14249,
-1588,7887,14128,
-1738,7963,13765,
-1690,7954,14096,
-1765,7957,14119,
-1717,7981,14092,
-1804,8051,14118,
-1741,7962,14145,
-1715,7870,14185,
-1538,7885,13845,
-1950,7919,14644,
-1731,7881,14399,
-1676,7764,14284,
-1673,7699,14549,
-1674,7773,14530,
-1772,7772,14558,
-1788,7722,14606,
-1681,7686,14627,
-1622,7641,14578,
-1625,7608,14593,
-1715,7648,14544,
-1673,7666,14419,
-1662,7652,14389,
-1664,7680,14398,
-1677,7658,14559,
-1563,7642,14385,
-1635,7665,14620,
-1653,7619,14411,
-1597,7612,14378,
-1580,7633,14443,
-1566,7622,14433,
-1627,7738,14447,
-1650,7731,14435,
-1647,7725,14468,
-1622,7682,14368,
-1593,7662,14461,
-1643,7705,14439,
-1663,7784,14410,
-1653,7720,14455,
-1661,7741,14411,
-1649,7742,14363,
-1653,7730,14354,
-1702,7706,14257,
-1684,7776,14255,
-1714,7737,14258,
-1696,7732,14262,
-1697,7741,14175,
-1710,7764,14151,
-1746,7895,14090,
-1746,7833,14143,
-1747,7958,14194,
-1676,8056,14137,
-1839,7946,14179,
-1838,7857,14063,
-1811,7923,14055,
-1720,7889,13765,
-1850,7884,14416,
-1712,8010,14168,
-1799,8111,14323,
-1678,8186,14823,
-1854,7340,14209,
-1687,7690,14352,
-1745,7991,14528,
-1663,7896,14479,
-1663,7680,14561,
-1672,7668,14507,
-1651,7783,14530,
-1699,7797,14546,
-1677,7775,14499,
-1653,7717,14523,
-1682,7806,14485,
-1723,7829,14476,
-1712,7779,14451,
-1693,7790,14410,
-1662,7796,14409,
-1725,7822,14370,
-1678,7803,14350,
-1678,7777,14355,
-1720,7765,14311,
-1686,7778,14321,
-1702,7757,14313,
-1698,7890,14268,
-1782,7969,14296,
-1715,7911,14273,
-1731,7898,14226,
-1773,7788,14197,
-1731,7831,14153,
-1750,7855,14088,
-1713,7820,14125,
-1677,7820,14220,
-1649,7863,14184,
-1704,7895,14266,
-1697,7921,14229,
-1694,7843,14329,
-1686,7910,14258,
-1707,7898,14287,
-1756,7924,14312,
-1731,8057,14265,
-1794,8047,14340,
-1821,8034,14261,
-1776,7947,14346,
-1795,7915,14308,
-1795,7885,14328,
-1741,7878,14324,
-1717,7823,14351,
-1729,7836,14301,
-1738,7797,14367,
-1741,7837,14418,
-1762,7814,14361,
-1702,7833,14419,
-1713,7861,14466,
-1744,7920,14493,
-1751,8017,14473,
-1754,8056,14371,
-1708,7974,14417,
-1724,7918,14396,
-1651,7944,14425,
-1690,7964,14351,
-1698,7995,14326,
-1690,7938,14280,
-1645,7894,14258,
-1637,7834,14246,
-1641,7834,14195,
-1725,7780,14232,
-1616,7734,14186,
-1652,7744,14201,
-1692,7817,14234,
-1727,7901,14324,
-1732,7876,14288,
-1874,7893,14329,
-1604,7860,14117,
-1789,7997,14257,
-1821,8065,14238,
-1799,8050,14217,
-1713,8003,14228,
-1721,7941,14248,
-1717,7948,14261,
-1718,7897,14231,
-1709,7869,14307,
-1703,7884,14297,
-1628,7816,14224,
-1667,7795,14244,
-1690,7896,14163,
-1711,7902,14114,
-1731,7971,14345,
-1736,7935,14281,
-1686,7919,14377,
-1587,7721,14296,
-1614,7719,14273,
-1708,7721,14037,
-1666,7760,14044,
-1885,7841,14298,
-1561,7766,14047,
-1644,7581,14357,
-1750,7874,14601,
-1719,8244,14627,
-1789,8031,14497,
-1846,7753,14485,
-1716,7807,14382,
-1587,7800,14498,
-1783,7906,14399,
-1827,7939,14454,
-1762,7840,14624,
-1654,7727,14645,
-1673,7630,14653,
-1648,7567,14791,
-1604,7557,14894,
-1676,7602,14894,
-1716,7646,15125,
-1478,7756,14799,
-1517,7523,14797,
-1557,7471,14610,
-1485,7454,14609,
-1646,7426,14466,
-1563,7422,14309,
-1511,7427,14130,
-1647,7418,14416,
-1411,7389,13784,
-1760,7441,14432,
-1534,7438,14328,
-1497,7529,14154,
-1744,7543,14143,
-1658,7570,14095,
-1697,7614,14025,
-1384,7501,13971,
-1820,7593,13985,
-1686,7714,14071,
-1733,7869,13863,
-1688,7863,14003,
-1806,7974,13438,
-1595,7973,14113,
-1970,7991,13709,
-2006,8227,14463,
-1766,8236,14362,
-1800,8312,14472,
-1984,8303,14833,
-1802,8312,14581,
-1860,8264,14609,
-1874,8224,14694,
-1861,8174,14683,
-1757,8065,14577,
-1712,7868,14517,
-1894,7864,14707,
-1632,7880,14405,
-1741,7758,14554,
-1840,7861,14306,
-1866,7770,14223,
-1676,7610,14283,
-1608,7527,14304,
-1651,7610,14435,
-1662,7745,14411,
-1677,7696,14590,
-1695,7696,14603,
-1683,7696,14496,
-1600,7605,14362,
-1606,7513,14552,
-1631,7600,14383,
-1611,7553,14311,
-1615,7547,14355,
-1617,7571,14333,
-1667,7609,14378,
-1695,7796,14279,
-1719,7773,14288,
-1766,7798,14282,
-1555,7725,14285,
-1742,7734,14354,
-1676,7768,14223,
-1772,7922,14311,
-1796,7935,14357,
-1782,7878,14293,
-1712,7824,14207,
-1790,7904,14268,
-1824,7966,14224,
-1848,7959,14256,
-1784,7915,14220,
-1837,7937,14228,
-1839,7992,14218,
-1871,8056,14161,
-1793,8008,14123,
-1855,8105,14114,
-1859,8023,14157,
-1895,8011,14045,
-1837,7956,14289,
-1785,7999,14300,
-1800,7923,14237,
-1826,7995,14306,
-1951,8086,14350,
-1771,8012,14268,
-1806,7865,14335,
-1701,7792,14315,
-1720,7851,14283,
-1859,7866,14335,
