-3305,5833,15238,
-3419,5705,15378,
-3405,5622,15354,
-3360,5356,14853,
-3571,5200,14761,
-3542,5154,14869,
-3612,5113,15066,
-3569,5157,14770,
-3674,5143,14990,
-3576,5330,15174,
-3605,5294,15073,
-3511,5282,15160,
-3591,5342,15254,
-3543,5228,15193,
-3519,5194,15230,
-3576,5224,15432,
-3593,5265,15571,
-3511,5231,15562,
-3554,5352,15463,
-3796,5275,15309,
-3755,5005,15276,
-3768,4839,15446,
-3843,4841,15457,
-3955,4800,15426,
-3884,4757,15331,
-3922,4596,15371,
-3853,4362,15201,
-3869,4396,15161,
-3695,4513,15032,
-3494,4471,14724,
-3733,4169,14612,
-3057,4836,14604,
-3199,4806,14475,
-3411,4608,14291,
-2841,5074,13799,
-2651,4945,13266,
-5967,3439,12717,
210,5561,14780,
-3927,4619,13179,
-5846,6937,17581,
-1607,5596,14126,
-4285,3652,17795,
-3783,3661,15852,
-3609,4187,16611,
-3837,3705,16752,
-3304,3714,17371,
-4776,9935,26170,
-4239,4772,14114,
-3437,5079,18577,
-3089,6526,17785,
-2841,6500,19631,
-2556,7448,17997,
-3453,6767,17655,
-2500,6370,17616,
-1960,6161,16402,
-1730,4817,15708,
-2640,6078,19440,
-2353,6260,16707,
-2250,5494,16179,
-2295,4837,15780,
-2296,5038,15455,
-2311,4883,14989,
-2310,4939,14817,
-2401,4938,14675,
-2428,4993,14816,
-2447,4852,14885,
-2394,4462,14689,
-2100,3752,14577,
-2113,4053,15683,
-2336,4122,15851,
-2386,4121,15883,
-2201,4108,15777,
-2416,4019,15997,
-2177,4590,17904,
-2072,4233,16044,
-2319,5052,16437,
-2075,5099,15989,
-2294,5380,16753,
-2165,5111,17014,
-2018,4960,16699,
-2363,5044,16547,
-2364,4522,16272,
-2209,4686,16008,
-2094,4320,15780,
-2137,4288,15798,
-2121,4076,15456,
-2094,4053,15319,
-2044,3869,15287,
-1980,3779,15333,
-2057,3799,15423,
-1946,3746,15509,
-1765,3664,15609,
-1919,3714,15610,
-1894,3902,15871,
-1895,4012,16020,
-1957,4143,16051,
-1999,4079,16082,
-2094,4096,16022,
-2090,3825,16158,
-1934,3615,16089,
-1832,3656,16296,
-2081,3624,16284,
-1844,3869,16390,
-2002,3599,16347,
-1950,3482,16408,
-1955,3489,16463,
-1785,3539,16286,
-1913,3762,16715,
-1593,3521,16840,
-1718,3693,17086,
-1779,4578,17323,
-1788,4176,17301,
-1904,3747,16808,
-2345,2884,16285,
556,-7106,25533,
-4754,902,14511,
1567,5416,17594,
-4302,1777,14225,
-4085,26610,17367,
-10427,4123,30414,
4937,5626,10419,
3163,8880,15671,
-3072,3390,18900,
-4228,2723,15575,
-2788,3245,14291,
-2277,4441,17073,
-2031,5549,16721,
-2743,6467,16344,
-2773,6630,17063,
-3107,6689,16569,
-2442,4282,15979,
-1902,4283,15655,
-2557,3790,15483,
-2894,3731,15158,
-1704,4417,15406,
-1971,4116,15715,
-1647,4042,15915,
-1807,4135,15760,
-2029,4847,15475,
-1622,4566,15199,
-2241,4033,15504,
-3052,3872,15860,
-2085,4941,15940,
-3151,3771,15805,
-2610,4073,15907,
-2419,4110,15828,
-2458,3744,16056,
-2419,3645,15972,
-2218,3807,15941,
-1991,4098,15482,
-1416,4257,15289,
-2023,3932,15181,
-1697,3550,15402,
-1639,3690,15141,
-1882,3559,15568,
-585,2778,16672,
-2323,2449,16006,
-2192,2885,16555,
-2956,3427,16539,
-2527,3683,16647,
-2843,3956,16751,
-2999,3905,16425,
-2357,4096,16840,
-2880,2766,16233,
-2435,2780,16401,
-2667,3080,16346,
-2595,3539,16009,
-2573,3565,16227,
-4490,5069,16040,
-2150,4289,16241,
-1097,3843,16616,
-1948,3871,15664,
-1661,3669,15368,
-2160,3632,15902,
-1997,4175,16285,
-2350,4879,16928,
-2321,4602,15815,
-2162,3679,16001,
-2506,3705,16668,
-2716,4061,16399,
-2747,4136,16309,
-2163,4467,16255,
-2149,4406,15908,
-1972,3637,15939,
-1563,3212,15753,
-1726,3127,16725,
-2091,2423,16995,
-1708,2321,17332,
-2061,2216,17970,
-1844,1751,17537,
-1572,1423,16977,
-3962,1207,12311,
-3025,969,18389,
-1274,273,17367,
-4617,5565,12935,
-2428,7014,14641,
-2168,7510,13682,
-2275,8046,14058,
-1930,7721,12453,
-1427,7464,12914,
-1110,7750,12471,
-876,7487,11197,
-627,7268,11606,
-156,6696,9202,
-2360,6565,14568,
-1098,7626,13080,
-1900,7631,13610,
-2125,8007,14282,
-2130,8368,14703,
-2240,8174,14885,
-2345,7962,14962,
-7189,8751,6178,
-1254,5767,20306,
-2595,9665,16799,
-1978,7296,13857,
-1810,9032,15613,
-2111,8278,15105,
-2136,8647,15067,
-32764,32764,32764,
-13148,-10845,32764,
14018,32764,-22123,
-24096,-279,18784,
-2333,15933,-4438,
-32764,-14485,32161,
-3151,7208,-7748,
1853,16529,18715,
-3182,18566,10178,
-2152,11542,13205,
-4098,10020,12357,
-4859,8857,11912,
5,8430,16825,
-757,9819,13919,
-3461,8182,11898,
-2458,7994,10292,
-2245,8078,11500,
-2566,7183,11411,
-2484,6358,10979,
-2132,6808,10867,
-2918,6683,11660,
-2731,6575,11836,
-3123,6043,12685,
-2476,7701,12034,
-3368,5667,11972,
-2613,6423,14416,
-3610,5963,13732,
-2900,4990,13724,
-2989,5901,15028,
-3469,4736,15110,
701,4205,8178,
-3502,4146,17120,
-1938,5634,15045,
-3395,5244,16441,
-3089,5089,15871,
-2863,4503,16179,
-2741,4815,16458,
-3330,4708,16434,
-3217,4886,16772,
-3110,4885,16154,
-3238,4657,16227,
-3566,4674,15799,
-2475,5046,14796,
-3862,4350,16681,
-2747,4827,15293,
-3147,4383,15337,
-3237,4274,15218,
-3438,4131,15669,
-3241,4035,15488,
-3108,3931,15585,
-3011,3723,15567,
-3018,3421,15803,
-3079,3566,16065,
-3076,3937,16008,
-2898,3905,16159,
-2822,3798,16252,
-2874,3823,16526,
-2857,3995,16595,
-2910,4073,16512,
-2827,4850,16392,
-2805,3724,15700,
-3462,3945,16822,
-1861,4139,15940,
-2574,4079,15756,
-2342,4060,15421,
-2428,4107,15379,
-2410,4032,15117,
-2161,3789,15176,
-2291,3649,14932,
-2448,3653,14731,
-2431,3779,14805,
-2610,3912,14913,
-3207,4205,15917,
-3173,4500,16388,
-3152,4418,16277,
-3117,4465,16285,
-3108,4390,16236,
-3105,4548,15999,
-3076,4583,15953,
-2977,4783,15958,
-2990,4748,15807,
-3037,4740,15659,
-2971,4687,15491,
-2847,4539,15432,
-2791,4351,15321,
-2788,4203,15091,
-2513,4081,14917,
-2649,4088,15149,
-2677,4151,15128,
-2838,4048,15248,
-2776,4102,15497,
-2797,4138,15444,
-2801,4000,15418,
-2665,3901,15737,
-2752,3967,15674,
-2820,4109,15574,
-2879,4275,15718,
-2841,4300,15711,
-2830,4254,15800,
-2973,4648,15739,
-2885,4584,15829,
-2899,4527,15856,
-2904,4583,16076,
-2990,4486,15831,
-2965,4605,15625,
-2829,4386,15719,
-2722,4289,15909,
-2729,4397,15788,
-2750,4371,15634,
-2726,4255,15574,
-2726,4210,15560,
-2776,4081,15627,
-2752,3893,15597,
-2683,3819,15473,
-2745,3830,15428,
-2825,3950,15486,
-2934,4178,15518,
-2841,4467,15397,
-2885,4292,15573,
-2839,4009,15605,
-2773,3925,15779,
-2650,3991,15732,
-3170,3813,15896,
-2746,4150,15679,
-3202,4048,16192,
-2856,3825,15905,
-2888,4043,16150,
-2990,4332,16208,
-3119,4456,15930,
-2920,4125,16058,
-2805,3824,15880,
-2593,3789,15720,
-2656,3972,15436,
-2632,4775,15194,
-2669,3567,14920,
-2366,3375,14828,
-2424,3164,15185,
-2805,3556,15380,
-2821,3518,15233,
-3256,3229,15932,
-2807,3164,15639,
-2975,2991,15791,
-2910,3208,15692,
-3226,3416,15815,
-3335,3885,15739,
-3392,3925,16000,
-3473,3586,15970,
-3908,3780,15906,
-3233,3699,15993,
-3390,4172,15997,
-3272,4483,16185,
-3435,4544,16190,
-3303,4497,16091,
-3201,4406,16173,
-2943,4572,16179,
-3004,4647,16077,
-3085,4159,16183,
-2894,4421,15514,
-2728,4675,15238,
-2792,4418,14679,
-2641,3955,14719,
-2524,3754,14932,
-2883,3132,16575,
-2646,1478,15616,
-2686,1622,15514,
-2631,1613,15638,
-2476,1519,15563,
-3027,811,14829,
-2759,1032,16614,
-2634,1230,15710,
-2456,1307,16063,
-2685,1026,16487,
-2566,1481,16407,
-2395,1478,16752,
-2333,1212,17070,
-2529,1079,16695,
-2178,882,16626,
-2276,519,16496,
-2171,594,16507,
-2310,971,16367,
-2055,933,16056,
-2241,1118,16127,
-2353,1502,16034,
-2428,1381,16005,
-2823,2151,15774,
-2647,1662,15775,
-2302,1661,15794,
-2209,1902,15625,
-2268,1974,15475,
-2319,1888,15580,
-2538,2284,16355,
-2510,2223,16390,
-2533,2063,16321,
-2541,2347,16398,
-2550,2537,16421,
-2642,2476,16317,
-2507,2415,16267,
-2501,2394,16251,
-2547,2644,16107,
-2624,2579,15956,
-2503,2497,15931,
-2416,2363,15850,
-2497,2456,15850,
-2477,2437,15783,
-2460,2352,15825,
-2409,2282,15882,
-2466,2313,15968,
-2557,2220,15912,
-2439,2245,16058,
-2551,2316,16209,
-2589,2224,16404,
-2622,2235,16410,
-2589,2233,16463,
-2566,2275,16307,
-2485,2252,16384,
-2519,2240,16448,
-2559,2267,16522,
-2491,2332,16640,
-2607,2377,16753,
-2670,2685,16655,
-2694,2611,16374,
-2520,2517,16112,
-2273,2601,16137,
-2423,2541,15785,
-2552,2734,15412,
-2511,2611,15224,
-2388,2426,15538,
-2316,2188,15449,
-2223,2064,15781,
-2368,2210,15941,
-2431,2229,16189,
-2508,2347,16427,
-2556,2426,16510,
-2715,2422,17000,
-2578,2322,16666,
-2523,2175,16820,
-2516,2234,17143,
-2758,2351,16447,
-10352,32764,32764,
-19996,-12449,16551,
16428,-5076,-3234,
-1571,-8700,-6267,
-89,6793,10388,
-2480,17531,26500,
-47,5104,17862,
-4304,4113,32764,
-5303,5742,29834,
-6012,6546,29988,
-5221,4598,25056,
-8433,8796,23465,
-4067,3929,15601,
-3044,4401,15678,
-2365,2938,13372,
-2303,1872,11344,
96,4983,6667,
-1506,-166,6892,
-2110,2205,12634,
-1856,3452,13303,
1080,6641,22518,
-2758,3098,16888,
-3053,3764,17211,
-2566,3712,18676,
-3533,4163,19032,
-3439,4949,18854,
-3730,5018,19249,
-3610,4851,18855,
3179,4255,19289,
-2804,5913,20480,
-3188,4469,16318,
-3495,4635,16868,
-3136,4348,15453,
-2838,5157,16642,
-2645,4155,13444,
-3408,3229,14788,
-2492,3529,14592,
-2634,3230,14732,
-2636,3269,14682,
-1089,3988,14313,
-2743,3271,16240,
-2923,2529,15428,
-2288,2727,15392,
-2207,3052,15672,
-2869,3045,16343,
-1843,3204,15350,
-2401,3947,15898,
-2812,3713,16017,
-3117,3651,16225,
-2681,3775,15937,
-2538,3603,16218,
-2844,3665,16087,
-2603,3637,15512,
-3010,3652,15688,
-3137,3494,15885,
-2006,3215,15337,
-2178,3682,13901,
-2939,3108,15609,
-2821,3446,15054,
-2838,2997,15488,
-2124,4024,15527,
-3370,3525,15164,
-2883,4217,16437,
-2790,4097,16066,
-2489,3364,16413,
-3702,2529,16404,
-2845,3124,16318,
-2781,3391,16802,
-3038,2974,16296,
-2015,3089,16901,
-2037,2762,16843,
-2118,2528,16503,
-2467,1960,16231,
-1711,1858,16167,
-2437,2341,15721,
-1638,2199,15725,
-1286,2595,14958,
-1999,1977,14931,
-1885,1750,14935,
-1909,1255,14900,
-1162,1860,14916,
217,3609,15131,
-2441,152,13688,
-2239,1228,14352,
-2333,547,14776,
-2565,643,14584,
-1936,1490,14832,
-839,1703,17566,
-1884,1014,17127,
-2311,231,16984,
-2094,1570,16726,
-2197,1723,18070,
-3675,1543,18417,
-144,2239,17819,
-1987,554,17606,
3375,5690,16796,
-1236,1186,16650,
-1781,1372,16885,
2104,4657,16056,
-1092,862,15927,
-1509,1177,16463,
-1016,1729,16204,
-1333,2026,15661,
-2832,1324,16302,
615,5527,14346,
-1646,2401,15515,
-1817,2120,16226,
-1305,2874,16604,
-3522,1063,18002,
310,5925,15152,
3882,1289,23537,
1334,5015,15884,
1247,8507,12634,
108,3109,16881,
-548,6390,14463,
-2575,1417,19242,
2149,8811,12690,
948,6300,13664,
978,851,18737,
946,6046,15648,
575,2025,16770,
-598,2844,16654,
560,3284,15307,
567,4358,15185,
338,3439,15517,
174,3749,15092,
79,3375,15002,
86,2951,15041,
164,2396,15760,
161,3561,15876,
453,4055,15481,
515,4086,15401,
-507,4580,15217,
281,2748,16512,
-357,3428,16412,
257,4360,16056,
-552,2879,17387,
-18,4235,15095,
199,4562,16122,
977,4952,15736,
1274,5721,15943,
571,5055,16115,
698,5204,16500,
285,5189,15553,
169,4647,15609,
235,4662,16020,
194,4804,15754,
488,6215,15446,
165,3597,16618,
272,3653,15638,
230,2938,15862,
268,3339,15743,
133,3616,15059,
82,3611,16074,
95,4109,17045,
-346,3791,16466,
-436,3640,17184,
-439,4030,17074,
-323,4075,16600,
-355,4559,16087,
-282,5565,16012,
-549,5283,15805,
56,6483,16288,
0,5094,15083,
-1251,4014,15719,
1248,5825,15812,
-1476,4095,15113,
-1292,5085,16088,
-1098,4949,15745,
-781,5211,16477,
-773,5067,16666,
-408,4706,15716,
-194,4599,15835,
-490,4933,15238,
-407,4819,15230,
-159,5488,15790,
-217,4296,15215,
-611,4395,15290,
-642,4299,14687,
-387,4761,15407,
29,5022,15106,
-1030,4252,15782,
-1074,4709,15897,
-765,4286,15328,
-696,4590,15915,
-689,4315,15525,
-609,4056,15790,
-680,4125,16090,
-633,4656,16353,
-1039,4932,15975,
-1031,4903,15928,
-856,4712,16042,
-812,4407,15916,
-765,4643,15956,
-563,4548,15915,
-647,4374,15614,
-481,4328,15769,
-583,4286,15751,
-616,4241,15641,
-617,4082,15753,
-374,4140,15687,
-440,4049,15553,
453,5043,16104,
-905,3370,15436,
-426,4039,16064,
-423,4119,15785,
-830,3992,16137,
-697,4042,15703,
-626,4077,16071,
-437,4375,16057,
-838,3985,15801,
-556,4125,15746,
-544,4229,15695,
-638,4761,15520,
-670,4824,15231,
-570,4949,14988,
-601,4910,15088,
-863,4796,15335,
-740,4889,15302,
-882,5038,15304,
-948,5019,15632,
-948,4847,15792,
-802,4558,15886,
-1747,4213,16203,
-696,5138,15997,
-1143,4647,15525,
-1126,4309,15786,
-907,4569,19224,
-1250,3470,15569,
-820,2905,15424,
-253,2383,15683,
-1936,3783,17554,
-1189,2762,1923,
-471,422,7383,
-1980,877,23487,
-2988,2536,20401,
949,3334,18464,
-224,4206,14295,
-1893,2996,12540,
-541,3791,15400,
-1835,3882,9227,
-1475,5865,9589,
-1620,4749,13151,
-950,5277,15478,
-1022,4962,14805,
-1764,5316,13828,
-1166,5127,16569,
-1761,6042,17134,
-1090,5584,14885,
-1772,5964,15361,
-1512,6519,16174,
-1613,6379,16231,
-1814,7341,16583,
1,7872,11721,
-2060,8421,18799,
-823,8682,16144,
-1552,8044,16589,
-1611,7908,16781,
-1335,7495,17068,
-1949,6664,16924,
-1979,5582,17632,
-1470,6740,17192,
-1595,7261,15806,
-2444,4802,14313,
-2361,6007,13924,
-1494,6832,16041,
-2610,7107,18596,
-1185,7632,15008,
-2122,5613,14023,
-1199,5773,13048,
-1297,4407,13374,
-1076,4759,14348,
-1592,4402,13516,
-1516,4862,14331,
-1669,5259,14974,
-1626,5667,15287,
-1783,6002,15397,
-1594,6252,15726,
-1484,6168,15641,
-1503,6328,15627,
-1452,6570,15358,
-1425,6410,15853,
-1300,6094,16164,
-1029,6060,16240,
-1308,6046,16315,
-1418,6341,16230,
-1569,6015,16299,
-1635,5656,15968,
-1600,5833,15036,
-1806,5169,15310,
-1470,5651,14863,
10,11678,17068,
-3397,2187,12954,
-2739,2329,12294,
-2597,4914,14951,
-805,6636,14346,
-544,6046,14687,
-779,6280,15138,
-225,6575,16035,
-1743,5592,15745,
-2372,5887,15279,
-1768,6257,16294,
-1882,6297,16587,
-1738,6032,16423,
-1827,5964,16508,
-1622,5664,16536,
-1694,5885,16543,
-1527,6163,16308,
-1652,6017,15504,
-1507,5677,14972,
-1453,5723,15028,
-2754,4537,14264,
-1489,5579,14915,
-1104,5872,15328,
283,6869,15333,
2769,8114,15399,
-1973,5267,15730,
-2677,4302,13479,
-2348,3749,14472,
-533,6752,15414,
-1217,5908,14740,
-1319,6313,14691,
-1459,6460,14818,
-1533,6761,14616,
-1525,6762,14722,
-1580,6898,14580,
-2601,4845,14485,
-1051,7228,14781,
-1562,6901,13701,
-1982,6764,13362,
6187,11893,14586,
-1346,5256,12370,
-1777,6966,13428,
-3779,5031,14620,
-3145,3874,14022,
-2108,6450,15575,
-4938,5332,15444,
-1008,8793,17958,
-1089,5472,16767,
-2334,5761,15437,
-2182,6349,16155,
-1831,6082,15796,
-915,6537,15537,
-980,6588,15344,
-390,7176,15262,
-1551,5964,14420,
-2940,4001,14337,
-1634,5982,14440,
-1573,6439,14301,
-1636,6159,14521,
-1473,6095,14673,
-1402,6181,15012,
-1548,5891,15386,
-1209,6050,15606,
-1324,5901,15615,
-1197,5649,15590,
-1372,5620,15590,
-1488,5625,15540,
-1858,5537,15656,
-1427,5715,15904,
-1343,5276,15828,
-2174,6009,16088,
-1381,5348,14655,
-1029,5529,15320,
-968,5762,15245,
-963,5672,14857,
-742,6089,14972,
-1148,5576,15162,
-1165,5499,15387,
-742,5508,15321,
-981,5419,15345,
-1006,5589,14676,
-1291,5399,15393,
-662,5365,14975,
-1988,5420,14860,
-1108,4868,17217,
-463,4404,15998,
-1329,6044,16410,
-1231,6238,15930,
-1374,5923,15274,
-1031,5778,14824,
-1659,5616,15009,
-1367,6148,14873,
-1089,6085,14831,
-1405,5784,14753,
-816,6520,15087,
-846,6201,14588,
-1307,5847,14478,
-1322,6267,14805,
-1451,6027,14312,
-1314,6300,14557,
-1296,6506,14498,
-1526,6335,14692,
-1537,6353,15062,
-1525,6633,15346,
-1218,6406,15775,
-1207,6349,15608,
-1171,6395,15448,
-1108,6384,15078,
-1018,6351,14935,
-955,6143,14724,
-884,6351,15106,
-1329,5650,15183,
-1352,6118,14636,
-1295,6197,14649,
-1385,6252,14821,
-794,7581,12514,
-1456,6659,15016,
-1217,6911,15022,
-1735,6601,14796,
-1481,6734,15175,
-1371,6930,14953,
-1183,6992,15018,
-1588,6671,14917,
-1688,6514,14915,
-1596,6547,14814,
-1353,6723,14891,
-2009,6444,14975,
-1303,6880,14994,
-1081,7162,14795,
-1108,6917,14931,
-1340,6409,14514,
-1320,6593,14470,
-1434,6319,14412,
-1179,6441,14469,
-1042,6595,14558,
-1116,6309,14664,
-1096,6430,14653,
-1191,6264,14987,
-1189,6514,15015,
-1201,6397,15287,
-1173,6454,15388,
-1181,6329,15533,
-1209,6187,15524,
-1355,6153,15628,
-1298,6303,15620,
-1345,6154,15328,
-1260,6145,15352,
-1195,6260,15272,
-1338,6260,15088,
-1311,6215,15047,
-1224,6400,14844,
-885,6699,14227,
-1364,6319,14827,
-1420,6464,14710,
-1355,6684,14890,
-1338,6716,14887,
-1223,6722,14952,
-1175,6480,14786,
-1219,6406,14824,
-1188,6298,14553,
-1311,6250,14637,
-1369,6172,14626,
-1294,6375,14856,
-2404,1860,15643,
-1352,5688,13887,
-855,6524,15226,
-1263,6081,15174,
-1400,6171,15191,
-1395,6314,15268,
-1437,6443,15296,
-1550,6583,15354,
-1551,6632,15359,
-1486,6645,15289,
-1385,6618,15115,
-1077,9184,16098,
-1145,6121,15366,
-974,6152,15897,
-1015,6380,15449,
-1125,6222,15311,
-1139,6280,15253,
-1263,6299,15107,
-1270,6322,14952,
-1274,6360,14967,
-1311,6504,14997,
-1305,6534,14983,
-1297,6438,14889,
-1297,6459,14907,
-1277,6508,15003,
-1348,6458,14942,
-1257,6389,14912,
-1257,6541,14945,
-1346,6581,15041,
-1311,6571,14926,
-1299,6432,15107,
-1279,6512,15194,
-2329,6192,13281,
-1278,6188,15148,
-1236,6118,15158,
-1215,6339,15121,
-1349,6203,15149,
-1269,6233,15341,
-1227,6275,15272,
-1236,6392,15228,
-1295,6184,15101,
-1268,6234,15297,
-1133,6300,15261,
-1151,6242,15198,
-1169,6112,15180,
-1110,6093,15152,
-1174,6182,15075,
-1153,6107,15096,
-1144,6126,15196,
-1174,6175,15176,
-1183,6120,15181,
-1203,6095,15166,
-1128,6064,15159,
-1225,6011,15202,
-1216,6082,15156,
-1285,6078,15185,
-1275,6106,15171,
-1235,6127,15206,
-1226,6290,15160,
-1178,6175,15039,
-1100,6268,15122,
-1165,6182,15108,
-1188,6125,15150,
-1212,6093,15158,
-1178,6179,15116,
-1201,6055,15081,
-1153,5998,15065,
-1159,5937,15015,
-1126,5982,15066,
-1178,5915,15022,
-1144,5994,14971,
-1008,6128,14849,
-1093,6019,14865,
-1089,5883,14847,
-1362,5781,15050,
-1144,5929,15007,
-1069,5976,15301,
-1021,6335,15296,
-1182,6540,15432,
-1324,6651,15460,
-1336,6623,15594,
-1316,6642,15467,
-1024,6862,15348,
-1567,6647,15433,
-1369,6452,15657,
-1224,6424,15650,
-1035,5505,14665,
-892,5585,14906,
-1312,5710,15393,
-930,5370,15202,
-803,5299,15182,
-759,5354,15488,
-748,5373,15577,
-766,5121,15684,
-739,5266,15897,
-718,5299,15833,
-705,5170,15940,
-650,5278,16063,
-807,5089,16132,
-923,5268,15796,
-883,5211,15934,
-2085,5506,17307,
-1674,7584,2426,
-5,6895,14281,
-2476,3055,18314,
-161,4845,12434,
-478,5181,14353,
-1190,5420,14869,
-1116,5861,15244,
-1022,5562,15489,
-944,5986,15751,
-1039,5946,16028,
-707,5770,16076,
-984,5919,16539,
-789,5782,16213,
-871,5849,16472,
-806,5853,16279,
-821,5698,16010,
-841,5657,15730,
-1103,5656,15620,
-1084,5748,15488,
-1222,5649,15164,
-1187,5642,14682,
-1071,5702,14724,
-1066,5566,14710,
-973,5473,14666,
-905,5393,14698,
-796,5221,14802,
-658,5281,14833,
-722,5570,15210,
-775,5345,15460,
-657,5463,15482,
-786,5555,15695,
-825,5886,15872,
-912,6014,15910,
-959,5886,15945,
-999,5956,15840,
-989,5937,15824,
-982,5820,15855,
-930,5754,15906,
-1003,5948,15808,
-1107,5792,15596,
-1042,5626,15506,
-985,5939,15605,
-1084,5836,15472,
-1028,5441,15651,
-671,5384,15967,
-735,5732,16410,
-580,4984,16460,
-770,5267,16328,
-364,4835,16170,
32764,-19556,-32764,
-876,6322,32764,
-963,2538,11409,
-595,2316,11186,
-1295,3725,10795,
-1250,4129,10792,
-1331,5107,10730,
-881,4854,12594,
-1075,4984,13964,
-914,3404,20009,
-1154,5097,18013,
-681,5913,16082,
-998,6454,17423,
-807,6563,17772,
-812,6795,18037,
-1028,6884,18226,
-1119,6851,17767,
-1049,6789,17412,
-1082,6440,16656,
-1129,6205,15746,
-1185,6162,15056,
-1825,6702,16038,
-884,6168,13296,
-1227,6074,13657,
-1336,5258,13809,
-1465,5995,14162,
-1358,5464,14378,
-1242,5606,14556,
-1237,5500,14970,
-1252,5599,15437,
-1146,5689,15370,
-1372,5752,16035,
-1162,5736,15784,
-1135,5757,15995,
-1114,5423,16143,
-1080,5870,15223,
-1018,5754,14956,
-1026,5612,14994,
-1035,5724,15076,
-989,5815,15090,
-988,5789,15078,
-1016,5762,15096,
-1098,5779,15215,
-574,5859,14327,
-1955,6294,15896,
-1152,5402,14908,
-1168,5584,15164,
-1213,6017,15049,
-1119,5801,14972,
-991,5770,15129,
-1296,5956,15442,
-1250,5993,15077,
-1142,6078,15295,
-1097,6042,15683,
-1245,6388,15771,
-1073,6239,15707,
-1119,6163,15733,
-1050,6157,15651,
-1069,6079,15579,
-1105,5975,15496,
-1058,5856,15299,
-1017,5786,15236,
-1093,5774,15142,
-1216,5747,15063,
-1068,5796,15097,
-1166,5920,14906,
-1140,5713,15120,
-1058,5660,15185,
-1030,5663,15046,
-1053,5643,15001,
-944,5609,15011,
-968,5564,15043,
-975,5534,15112,
-917,5504,15196,
-969,5621,15379,
-1117,5701,15520,
-1076,5700,15481,
-1171,5847,15441,
-1033,5699,15587,
-1072,5839,15735,
-1039,5972,15634,
-1001,5523,14967,
-1080,5581,15046,
-1042,5585,15174,
-1122,5698,15190,
-1027,5751,15223,
-1116,5743,15250,
-1041,5567,15259,
-1056,5658,15422,
-1065,5646,15442,
-1072,5705,15627,
-1087,5661,15640,
-1059,5631,15650,
-1020,5558,15561,
-1088,5596,15464,
-1081,5584,15454,
-1119,5622,15342,
-1197,5701,15324,
-1217,5625,15301,
-1028,5538,15200,
-1144,5423,15223,
-1059,5448,15321,
-1085,5379,15295,
-1101,5370,15217,
-1057,5250,15325,
-1076,5308,15340,
-969,5261,15609,
-1005,5340,15434,
-1009,5303,15480,
-1022,5671,15560,
-1104,5646,15491,
-1012,5595,15414,
-1090,5687,15468,
-1149,5677,15518,
-1092,5641,15608,
-1127,5796,15549,
-1126,5947,15436,
-1211,6163,15276,
-1191,6255,15105,
-1193,6238,15014,
-1096,6030,14961,
-1023,5966,14893,
-1102,5978,15059,
-1158,5920,14910,
-1079,5943,14939,
-1041,5850,15047,
-1075,5842,15187,
-1183,5903,15178,
-1134,5826,15321,
-1025,5696,15472,
-1038,5650,15643,
-1054,5699,15684,
-1133,5784,15655,
-1167,5804,15666,
-1075,5737,15536,
-1072,5797,15450,
-1084,5875,15458,
-1134,5823,15289,
-1015,5791,15309,
-1173,5831,15127,
-1157,5961,15067,
-1195,5993,15020,
-1173,6042,15021,
-1192,5995,15034,
-1147,5954,15104,
-1118,5931,15190,
-1127,5990,15186,
-1127,6053,15304,
-1144,6035,15234,
-1152,5942,15398,
-1041,5893,15253,
-1105,5789,15393,
-1100,5810,15228,
-1155,5822,15339,
-1107,5732,15306,
-1034,5722,15370,
-1096,5760,15395,
-1112,5835,15332,
-1080,5757,15292,
-1090,5649,15253,
-1051,5629,15220,
-1168,6173,15222,
-1171,6122,15226,
-1166,6105,15310,
-1192,6148,15336,
-1210,6109,15310,
-1185,5932,15326,
-995,5565,15241,
-1135,5830,15349,
-1129,5894,15245,
-1067,5586,15391,
-1091,5770,15411,
-1054,5862,15352,
-1051,5796,15304,
-1056,5803,15220,
-1083,5725,15148,
-1088,5896,15135,
-1124,5852,15112,
-1111,5754,15135,
-1072,5735,15295,
-1081,5694,15432,
-1113,5721,15526,
-1083,5722,15741,
-1090,5613,15877,
-1102,5682,16040,
-1137,5644,16240,
-1179,5640,16401,
-1181,5764,16622,
-1185,5698,16470,
-1134,5528,16524,
-1387,5050,16375,
-986,5820,16262,
-1399,6380,15646,
-1098,5539,16440,
-1228,5145,16222,
-1089,5845,15878,
-1382,5791,15586,
6220,-32764,-32764,
32764,-147,29072,
14318,786,-21327,
-12648,-3087,1608,
-1717,2097,3656,
4691,1871,25192,
-1694,4488,19416,
-1615,4987,20413,
-1194,3404,17034,
-2159,5119,14585,
-4136,2651,11700,
-1994,4135,11264,
-1897,4038,10076,
-1441,3953,10357,
-1974,4037,11370,
-1182,3416,10638,
-986,3560,10251,
-1601,4441,9533,
-1249,4854,10638,
-1123,5510,12041,
-1070,6015,13397,
-1191,6183,14073,
-1104,6613,14564,
-225,7053,16494,
-1148,7011,16757,
-497,8042,17926,
-1099,7329,18070,
-1065,7840,18480,
-1081,7746,17754,
-1163,7380,16871,
-1112,7088,15811,
-1050,6636,15028,
-959,6502,14205,
-1109,6363,13568,
-1148,6136,13262,
-1174,6110,13378,
-1553,6583,14302,
-1017,6137,13369,
-1470,6267,14467,
-1267,6116,14344,
-1346,6287,14861,
-1421,6396,15247,
-1503,6585,15582,
-1423,6680,15694,
-1424,6615,15721,
-1447,6726,15740,
-1495,6966,15589,
-1331,6749,15751,
-1344,6711,15278,
-1309,6482,15358,
-1125,6229,14955,
-1146,6076,15058,
-912,5750,15220,
-928,5774,15297,
-1012,5796,15346,
-954,5849,15446,
-1048,5738,15465,
-1028,5634,15365,
-1099,5619,15206,
-1055,5544,15195,
-1058,5508,15274,
-1148,5582,15337,
-1093,5555,15142,
-1124,5606,15188,
-1189,5666,15187,
-1152,5689,15315,
-1218,5815,15429,
-1221,5932,15462,
-1177,5954,15472,
-1186,5949,15508,
-1129,5936,15563,
-1114,5897,15536,
-1148,5775,15342,
-1154,5777,15337,
-1115,5675,15239,
-1073,5580,15274,
-1067,5597,15292,
-1070,5485,15308,
-993,5541,15388,
-1057,5526,15378,
-1027,5616,15184,
-1094,5723,15119,
-1092,5727,15056,
-1058,5738,15075,
-1044,5770,15123,
-1079,5859,15187,
-1089,5965,15316,
-1099,5934,15336,
-1125,5865,15409,
-1172,6036,15488,
-1219,6053,15376,
-1190,5971,15467,
-1176,5868,15343,
-1131,5824,15355,
-1086,5727,15281,
-1135,5721,15193,
-1123,5609,15187,
-1067,5411,15240,
-986,5314,15234,
-1022,5389,15239,
-979,5379,15354,
-1067,5674,15379,
-1035,5752,15335,
-1131,5929,15188,
-1056,5599,15269,
-950,5503,15405,
-997,5592,15417,
-1065,5631,15376,
-1056,5618,15328,
-1050,5708,15308,
-1077,5691,15332,
-1067,5732,15327,
-997,5629,15392,
-1042,5603,15402,
-1067,5695,15523,
-1144,5671,15596,
-1126,5712,15669,
-1113,5708,15660,
-1209,5642,15595,
-1077,5632,15514,
-1147,5640,15636,
-1075,5595,15464,
-1062,5640,15433,
-1060,5566,15345,
-1063,5466,15200,
-1053,5570,15232,
-1077,5547,15178,
-1033,5631,15351,
-1036,5577,15374,
-1048,5494,15354,
-1049,5582,15462,
-1036,5458,15279,
-1042,5498,15255,
-1032,5462,15281,
-926,5434,15339,
-979,5811,15354,
-1127,5722,15284,
-1059,5569,15321,
-1111,5564,15531,
-1084,5445,15364,
-1046,5594,15533,
-948,5621,15241,
-1076,5569,15358,
-1040,5545,15320,
-1012,5556,15273,
-1100,5597,15328,
-986,5533,15279,
-1082,5484,15196,
-1090,5624,15208,
-1148,5715,15385,
-1085,5665,15239,
-1111,5530,15402,
-1067,5475,15473,
-1074,5667,15447,
-1076,5639,15485,
-1097,5641,15458,
-1138,5635,15525,
-1063,5738,15528,
-1041,5432,15464,
-1031,5479,15499,
-1057,5679,15451,
-974,5900,15417,
-1109,5808,15477,
-1071,5652,15171,
-1026,5708,15305,
-1090,5695,15222,
-1056,5684,15272,
-1029,5727,15267,
-1133,5792,15347,
-999,5756,15615,
-1133,5837,15582,
-1109,5910,15491,
-1054,5732,15435,
-1089,5738,15357,
-1146,5779,15285,
-1004,5590,15369,
-1025,5570,15346,
-944,5609,15528,
-902,5410,15646,
-976,5493,15900,
-999,5185,15818,
-952,5055,15701,
-926,5338,15573,
-926,5345,15571,
-31511,7916,23927,
11206,6125,-7525,
5401,12053,10307,
-5137,15362,32764,
-791,14347,21272,
-2608,11538,21380,
-2808,7133,17279,
-656,815,7156,
255,3598,6817,
-1391,3975,9856,
-1726,5112,11748,
-929,5317,12817,
-1349,6897,14879,
-932,6553,16775,
-1096,7817,18644,
-1160,7624,18480,
-1367,6966,16378,
-1297,6171,13460,
-1283,5695,12911,
-1384,5435,13348,
-1337,5303,13895,
-1444,5539,14760,
-1346,6323,16387,
-1369,6268,16092,
-1301,6040,15379,
-1147,5728,14917,
-1177,5912,14701,
-1199,5899,14788,
-1191,5901,14993,
-1326,5999,15117,
-1273,5908,15360,
-1329,5961,15379,
-1373,5958,15289,
-1501,6129,15345,
-1474,6072,15071,
-1326,5995,15175,
-1330,6037,15231,
-1183,5978,15280,
-1231,5769,15305,
-1239,5764,15466,
-1251,5710,15427,
-1271,5693,15332,
-1223,5690,15187,
-1192,5690,15220,
-1212,5681,15333,
-1238,5861,15075,
-1241,5793,15237,
-1282,5827,15293,
-1356,5895,15230,
-1328,5761,15386,
-1239,5539,15213,
-1200,5400,15146,
-1297,5553,15182,
-1220,5749,15498,
-1171,5663,15403,
-1218,5601,15115,
-1284,5683,15551,
-1267,5732,15636,
-1289,5876,15316,
-1238,5875,15311,
-1317,5856,15320,
-1224,5856,15299,
-1306,5875,15223,
-1292,5843,15226,
-1261,5821,15223,
-1232,5805,15242,
-1269,5782,15256,
-1216,5812,15265,
-1173,5761,15352,
-1219,5802,15390,
-1273,5728,15108,
-1301,5689,15048,
-1246,5598,15256,
-1225,5649,15315,
-1331,5755,15403,
-1274,5692,15394,
-1284,5612,15321,
-1268,6195,15199,
-1208,5650,15182,
-1213,5769,15184,
-1186,5780,15350,
-1286,5929,15340,
-1352,5977,15255,
-1247,5903,15334,
-1220,5850,15296,
-1226,5790,15307,
-1261,5667,15252,
-1250,5622,15125,
-1207,5508,15375,
-1193,5655,15402,
-1275,5647,15389,
-1248,5742,15287,
-1231,5664,15278,
-1302,5714,15311,
-1223,5674,15362,
-1299,5737,15344,
-1248,5698,15295,
-1252,5762,15194,
-996,5688,15253,
-616,5192,15113,
-2280,5798,15153,
-1358,5539,15421,
-1180,5727,15491,
-1320,5858,15612,
-1284,5757,15605,
-1292,5768,15466,
-1227,5997,15430,
-1350,5849,15383,
-1314,6003,15364,
-1236,5845,15596,
-1268,5742,15579,
-1246,5751,15624,
-1245,5566,15619,
-407,32764,32764,
-3449,-4297,-10322,
-2255,6111,22199,
-2078,6240,17128,
-1436,4877,8254,
-918,1775,8049,
-1312,3526,8581,
-1698,3824,10592,
-1180,4298,11268,
-967,4997,13398,
-887,5589,16056,
-700,6406,18736,
-781,7129,20167,
-935,7112,18744,
-891,5960,15553,
-906,5275,13802,
-1139,4963,12960,
-1186,5030,13226,
-1222,4948,14384,
-1334,5592,15412,
-1556,6179,16333,
-1524,6273,16460,
-1372,6230,16107,
-964,5697,14777,
-1018,5568,14978,
-1046,5792,15124,
-1144,5773,15236,
-1332,5909,15194,
-1187,6197,15454,
-1147,5888,14872,
-1116,5901,15175,
-1189,5960,15404,
-1191,5937,15455,
-1236,6015,15388,
-1261,6121,15273,
-1205,5995,15128,
-1263,6075,14976,
-1179,5833,14927,
-1174,5895,14908,
-1139,5844,15230,
-1149,5866,15555,
-1140,5850,15577,
-1174,5754,15585,
-1140,5750,15360,
-1160,5749,15142,
-1154,5821,15050,
-1149,5862,15059,
-1164,5836,15188,
-1144,5748,15388,
-1165,5786,15374,
-1169,5761,15311,
-1115,5631,15444,
-1150,5603,15420,
-1153,5509,15469,
-1136,5528,15491,
-1146,5505,15534,
-1137,5429,15420,
-1210,5483,15289,
-1154,5471,15247,
-1122,5279,15181,
-1155,5320,15367,
-1164,5410,15526,
-1137,5337,15533,
-1054,5334,15617,
-1106,5468,15625,
-1130,5562,15375,
-1187,5577,15256,
-1132,5457,15255,
-1125,5414,15340,
-1123,5388,15416,
-1155,5401,15408,
-1090,5343,15531,
-1111,5459,15576,
-1097,5409,15564,
-1072,5423,15523,
-1121,5453,15506,
-1120,5429,15359,
-1195,5409,15249,
-1214,5387,15234,
-1184,5409,15307,
-1166,5487,15438,
-1149,5488,15549,
-1114,5560,15681,
-1133,5558,15657,
-1115,5468,15577,
-1062,5337,15493,
-1178,5363,15288,
-1214,5365,15286,
-1158,5451,15387,
-1133,5361,15399,
-1190,5521,15394,
-1187,5483,15426,
-1093,5380,15519,
-1172,5436,15481,
-1175,5471,15425,
-1188,5467,15354,
-1157,5373,15466,
-1096,5284,15586,
-1138,5418,15570,
-1048,5341,15521,
-1120,5352,15414,
-1172,5302,15423,
-1141,5423,15300,
-1202,5445,15392,
-1161,5348,15455,
-1183,5440,15553,
-1218,5711,15772,
-1133,5475,15858,
-1125,5422,15707,
-1124,5258,15521,
-1071,5256,15425,
-1017,5151,15525,
-1005,5072,15859,
-1074,5097,16373,
-1129,5137,16825,
-30736,-15709,-32764,
-84,8282,24998,
-2482,11339,22670,
-2057,7534,19307,
-1596,6649,16509,
-1980,5680,12091,
-5430,4963,11911,
-1082,4764,9355,
-849,3840,10267,
-1036,4438,10309,
-1162,5444,12963,
-1341,6580,14867,
-887,6430,16945,
-995,7256,18093,
-1011,7134,18463,
-1072,6930,17085,
-964,5935,14826,
-1140,5733,13739,
-980,5187,13656,
-1554,5719,14262,
-1226,5391,14687,
-1171,5509,15482,
-1187,5716,15574,
-1303,6133,16142,
-1193,5979,16143,
-1087,6069,15662,
-958,5835,15048,
-936,5725,14884,
-1001,5529,14871,
-940,5537,15007,
-744,908,13479,
-1131,4716,14411,
-1348,5755,16086,
-1335,5507,15624,
-1365,6102,15784,
-1259,6008,15743,
-1175,5803,15463,
-726,5952,15277,
-2529,4843,14465,
-1685,6363,15339,
-1465,6096,15495,
-1561,5581,14962,
-1114,5655,14336,
-412,5627,14479,
-512,5676,15045,
-1182,5264,15877,
-264,6465,15777,
-629,5803,16372,
-653,5104,15240,
-2888,4808,15213,
-412,6984,15100,
-1964,6214,14852,
-1155,5858,14862,
-1131,5706,14926,
-905,5847,14738,
-2206,5324,14722,
-1641,5179,15251,
-1589,6203,15971,
-1691,6110,15519,
-1242,7058,15845,
-1548,6099,15611,
-1070,6250,15105,
-1483,5626,14818,
-2377,5151,14586,
-1633,5562,14943,
-1254,5940,15290,
-1250,6058,15058,
-894,5920,15146,
-995,5785,15055,
-1293,5888,14904,
-1472,5958,15442,
-1436,6320,15614,
-1556,6297,15530,
-1031,6124,15506,
-942,6023,15180,
-1083,5870,14859,
-1263,5915,14880,
-1237,6186,14936,
-1419,6395,15100,
-1486,6663,15293,
-1190,7192,14984,
-1994,6033,14593,
-1389,6911,14796,
-1582,6796,13752,
-1613,6733,14261,
-1519,7179,14537,
-1112,7117,14930,
-1234,7145,14919,
-1529,7437,15004,
-1619,7256,15070,
-1526,6460,15139,
-1081,5502,15632,
-1474,5696,15467,
-1484,5120,15571,
-1926,5359,14592,
-1196,3963,16037,
-607,6921,15018,
-1350,6415,14816,
-1196,6524,14924,
-1206,6708,15001,
-793,6949,14950,
-1187,6775,14984,
-1041,7171,14925,
-1142,6668,14541,
-1160,6678,14642,
-1282,6818,14739,
-1188,6993,15000,
-999,6817,14692,
-1281,6853,14642,
-1323,6863,14850,
-1266,7059,14695,
-1310,6911,14748,
-1328,6824,14774,
-1279,7555,14853,
-1400,6997,14973,
-1395,7236,15001,
-1314,7514,14944,
-1305,7155,14688,
-1278,7297,14676,
-1128,7215,14666,
-1173,6931,14748,
-1215,6748,14775,
-1044,6924,14350,
-1142,7019,14871,
-1198,7047,14585,
-1228,7061,14454,
-1119,7212,14706,
-1173,7260,14819,
-1333,7268,14763,
-817,7650,14365,
105,7957,14655,
-1019,6867,15107,
-1122,6782,14885,
-1025,6668,14748,
-807,6637,14797,
-598,6586,14974,
-985,6632,14801,
-913,6446,15305,
-948,6139,15447,
-817,6474,16023,
-3507,6756,20018,
-676,7559,11523,
-1337,5512,14347,
-1155,6388,15199,
-1138,6643,15574,
-971,6339,15597,
-1034,6177,15167,
-1181,6229,14674,
-954,6366,14789,
-833,6006,14778,
-1035,6257,15267,
-1186,6491,15179,
-1079,6299,15124,
-598,6004,16974,
-994,6219,15055,
-926,6155,14853,
10126,17222,12122,
-2345,-4403,-897,
-3435,11017,26238,
-1972,4899,7596,
-1327,5010,10402,
-992,4570,10444,
-1182,5754,11585,
-769,6612,14183,
-935,7394,16646,
-910,7638,18898,
-937,7796,18745,
-977,6759,16221,
-837,5874,14034,
-907,5636,13036,
-1035,5523,13101,
-1230,5928,14352,
-1211,6404,15556,
-1384,6755,16127,
-1394,6851,16360,
-1317,6622,15863,
-956,5913,14438,
-905,6222,15241,
-950,6240,15395,
-1008,6217,15361,
-1082,6283,15157,
-1175,6261,14861,
-1136,6135,14709,
-1198,6360,14680,
-1183,6430,14863,
-1098,6417,15243,
-1051,6353,15544,
-1049,6349,15667,
-1126,6181,14998,
-1060,5981,14919,
-1010,6049,14891,
-1040,6034,14992,
-986,6095,15054,
-1021,6061,15056,
-1038,6099,15192,
-1088,6329,15209,
-1114,6038,15359,
-1096,6158,15441,
-1089,6211,15541,
-1113,6193,15278,
-1042,6053,14939,
-1023,5974,14745,
-1058,6026,14924,
-1099,6083,15594,
-1014,5865,14936,
-944,5774,14877,
-977,5806,15005,
-1002,5930,15267,
-1053,5971,15410,
-1027,5883,15480,
-984,6042,15319,
-933,5456,15338,
-1027,5781,15273,
-1106,5819,15216,
-1082,5802,15388,
-1080,5833,15353,
-1053,5816,15272,
-1067,5733,15122,
-949,5660,15116,
-986,5799,15196,
-900,5716,15349,
-982,5880,15377,
-1014,5841,15406,
-1010,5815,15443,
-1035,5863,15335,
-977,5809,15256,
-1053,5735,15100,
-1012,5884,15386,
-1030,5857,15430,
-996,5740,15352,
-1026,5730,15239,
-1004,5745,15233,
-1045,5782,15432,
-958,5684,15257,
-963,5654,15300,
-1027,5715,15387,
-1051,5744,15388,
-1017,5788,15429,
-1030,5856,15640,
-1092,5800,15566,
-971,5549,15969,
-968,5560,16011,
-1102,5894,15846,
-1177,6204,15131,
-1310,6185,14838,
-145,6374,12624,
8897,14632,20786,
-3824,5075,2046,
-2476,6995,17457,
-897,8632,32502,
-2445,10119,30008,
-1694,8378,18477,
-1811,4658,12903,
221,2634,10337,
-743,3665,9984,
-1088,3452,10337,
-777,3829,10829,
-1136,4752,11783,
-1069,4932,13117,
-1821,5062,16243,
-817,6462,17200,
-973,7241,17547,
-554,4973,12865,
-1205,5253,13930,
-1344,5420,14306,
-1441,6007,14808,
-1413,6029,15182,
-1039,5968,15777,
-1102,6413,16274,
-1061,6678,15816,
-924,6184,15654,
-875,6015,15239,
-902,5775,14831,
-1231,5824,14620,
-1111,5882,15100,
-903,5925,14905,
-1152,6130,15378,
-1137,6234,15498,
-1235,6360,15755,
-1188,6347,15621,
-1021,6251,15485,
-1046,6131,15206,
-998,6016,15040,
-991,5930,14837,
-997,5952,14882,
-1060,6022,14894,
-1054,6004,15055,
-978,5686,15373,
-998,5726,15573,
-945,5749,15410,
-1034,5614,15250,
-992,5534,15000,
-999,5443,15046,
-961,5451,15341,
-994,5538,15392,
-1082,5587,15616,
-1012,5686,15756,
-998,5668,15595,
-1040,5648,15417,
-968,5618,15240,
-980,5591,15073,
-926,5690,15174,
-1036,5719,15183,
-1051,5722,15223,
-1091,5779,15371,
-1084,5751,15391,
-1086,5736,15392,
-1111,5703,15353,
-167,10028,13829,
-1141,5713,15039,
-1012,5489,15403,
-935,5540,15331,
-1108,5415,15282,
-1108,5534,15285,
-1064,5580,15425,
-1064,5318,15351,
-1005,5652,15332,
-990,5603,15438,
-1039,5624,15454,
-943,5533,15288,
-1027,5669,15270,
-1091,5760,15367,
-1006,5661,15687,
-1083,5555,15455,
-916,5575,15379,
-947,5526,15263,
-935,5500,15468,
-931,5523,15502,
-982,5492,15512,
-1147,5409,15401,
-973,5575,15632,
24828,-32764,-32764,
-2591,8385,25934,
-3111,10336,24900,
-3752,7316,21705,
-3569,7118,20266,
-2651,5483,10061,
-1992,5008,8558,
-2250,4093,11671,
-734,4943,14285,
-623,6319,19430,
-759,6391,18597,
-834,5598,16187,
-1505,4324,17797,
-1358,5132,13383,
-1390,4997,13563,
-1416,5047,14427,
-2176,5558,16161,
-1499,5967,16135,
-1638,6108,16415,
-1512,6047,16223,
-1116,5572,15862,
-886,5376,15158,
-942,5368,15104,
-994,5357,15499,
-1098,5393,15526,
-1217,5484,15489,
-1258,5532,15403,
-1267,5545,15366,
-1295,5645,15186,
-1343,5798,15174,
-1166,5834,15358,
-1195,5778,15485,
-1196,5857,15683,
-1187,5590,15392,
-1142,5603,15208,
-1154,5586,15197,
-1267,5866,15416,
-1183,5615,15430,
-1177,5601,15357,
-1147,5493,15384,
-1152,5489,15360,
-1090,5449,15393,
-1140,5516,15193,
-1088,5461,15100,
-1042,5436,15257,
-1086,5572,15486,
-1240,5563,15511,
-1160,5530,15735,
-1233,5398,15756,
-1205,5233,15630,
-1146,5182,15376,
-1112,5122,15352,
-1165,5181,15353,
-1093,5200,15514,
-1095,5259,15669,
-1084,5246,15518,
-1023,5129,15501,
-1081,5128,15452,
-1101,5149,15471,
-1245,5363,15519,
-1202,5516,15618,
-1176,5442,15588,
-1191,5468,15494,
-1098,5282,15443,
-1062,5234,15459,
-1191,5276,15583,
-1170,4693,15270,
-1042,5016,15591,
-1115,5224,15621,
-1100,5105,15601,
-1193,5071,15612,
-1195,5072,15586,
-1084,5259,15451,
-1062,5041,15156,
-995,5019,15251,
-1119,5156,15675,
-1270,5475,15807,
-1334,5592,16040,
-1399,5684,15692,
-1285,5330,15504,
-1228,5237,15626,
-1094,5066,15811,
-908,4964,16008,
-862,5136,16171,
-875,4757,16203,
-897,4851,16329,
-1032,4854,16252,
-1082,5609,22811,
-3033,6340,21580,
