4973,-17091,2032,
-3,-16682,2135,
1054,-16277,2702,
258,-17306,2656,
470,-16293,3559,
231,-16943,2322,
573,-16670,2116,
742,-17181,2120,
-86,-16186,1595,
88,-16499,1814,
-205,-17528,1779,
-185,-16349,1853,
-1208,-16289,1193,
-1152,-16146,1795,
-1644,-15728,1513,
-1613,-16308,1764,
-1537,-15846,1505,
-1871,-16188,1517,
-1548,-15305,2177,
-1656,-15818,2129,
-1722,-16248,1852,
-1947,-16195,1787,
-1645,-16135,1843,
-1736,-16306,1742,
-2140,-16473,1339,
-1852,-16131,1743,
-1757,-16459,987,
-1551,-16072,1259,
-2027,-16306,911,
-1966,-16290,1150,
-2128,-16457,788,
-1845,-15124,949,
-2266,-15625,797,
-2634,-15816,1749,
-2425,-15571,1459,
-1789,-15492,627,
-1758,-16112,435,
-1871,-15835,804,
-2203,-15912,1955,
-2227,-15261,2055,
-2190,-15654,1429,
-3598,-16480,1646,
-2186,-15733,1356,
-2272,-16066,1482,
-1968,-15513,1703,
-1899,-15331,1091,
1316,-15602,633,
-1370,-16569,879,
-1716,-16353,2455,
-1340,-16321,2346,
-1392,-16512,2465,
-1343,-17065,2077,
-1447,-16494,1933,
-1343,-16342,2045,
-926,-16481,2038,
-1117,-17254,2020,
-1025,-16650,2225,
-954,-16792,2174,
-1127,-16959,2294,
-1133,-16610,2170,
-943,-16809,2165,
-679,-16835,2444,
-514,-16915,2363,
-756,-16494,2266,
-1030,-17046,2868,
-728,-16874,2221,
-779,-16664,2854,
-646,-16672,2493,
-733,-16467,2674,
-802,-16460,2541,
-834,-16539,2489,
-725,-16556,2328,
-787,-16583,2411,
-745,-16619,2287,
-608,-16671,2174,
-595,-16633,2128,
-532,-16545,2032,
-582,-16572,1899,
-646,-16564,1792,
-776,-16481,1647,
-774,-16324,1649,
-649,-16254,1514,
-1151,-16044,1076,
-821,-16182,1494,
-643,-16116,1260,
-435,-16371,1072,
-532,-16594,1241,
-474,-16303,1150,
-596,-16727,1239,
-389,-16701,1090,
-329,-16396,1452,
-252,-16461,1370,
-386,-16808,914,
-96,-16643,848,
94,-16501,779,
165,-16616,701,
475,-16500,1075,
286,-16374,697,
-49,-16484,659,
41,-16505,969,
-110,-16438,930,
-44,-15954,1427,
-253,-15765,1604,
276,-16470,1491,
260,-16275,1097,
424,-16053,1348,
208,-16456,1245,
201,-16929,1118,
341,-17096,784,
433,-16764,1139,
533,-16296,1350,
150,-15838,1415,
258,-15836,2005,
-33,-16236,2956,
487,-16834,3444,
675,-16524,1663,
183,-16437,342,
870,-16302,2336,
315,-16205,220,
269,-16663,1961,
255,-16505,1588,
180,-16419,1545,
144,-16264,1388,
190,-16208,2527,
-606,-16864,232,
491,-16683,2563,
93,-16401,2422,
39,-16014,3109,
-428,-16765,2147,
-186,-16130,2618,
227,-16468,2304,
209,-16288,1720,
154,-16578,1557,
362,-15910,1375,
82,-16601,815,
215,-16014,5582,
-281,-16146,1381,
-469,-16214,1329,
-188,-15512,1484,
-1082,-16045,2800,
-296,-15812,1479,
-306,-15976,1768,
-244,-16247,1688,
-188,-16256,1661,
-142,-16369,1581,
-120,-16468,1586,
3,-16498,1570,
27,-16533,1648,
171,-16563,1693,
175,-16606,1717,
266,-16703,1753,
351,-16678,2524,
510,-16108,3041,
308,-15866,3495,
135,-16342,2841,
-165,-16344,3062,
67,-16620,3964,
-15,-16320,4261,
92,-15801,4351,
-336,-16327,4414,
-260,-15571,4655,
-31,-14936,4129,
-357,-15175,4392,
-332,-15071,4672,
-417,-14859,4656,
-422,-14893,4990,
-434,-14919,5351,
-389,-15053,5211,
-499,-15747,5144,
-3588,-16422,1907,
-1038,-15669,5740,
-290,-15171,5254,
-434,-15121,5998,
-1176,-15468,5079,
-724,-15359,4784,
-558,-16069,4523,
-521,-15845,2866,
-128,-16180,2738,
-762,-16064,-229,
-765,-16336,-33,
-869,-16523,339,
-1008,-16519,785,
-950,-15959,819,
-950,-16319,576,
-1233,-16557,1026,
-1242,-16593,931,
-1208,-16613,1232,
-1354,-16892,1285,
-1340,-16851,1689,
-1349,-16531,1980,
-1231,-16796,2131,
-1196,-16672,2013,
-1111,-16805,1886,
-1141,-16822,1942,
-1145,-16544,1961,
-1220,-16682,1917,
-1102,-16655,1944,
-1130,-16631,2021,
-1012,-16596,1959,
-948,-16548,2099,
-840,-16346,2033,
-884,-16818,1732,
-1080,-16317,1610,
-1092,-16524,1567,
-916,-16359,1629,
-857,-16393,1727,
-1175,-16618,1828,
-1099,-16138,1550,
-946,-16481,1567,
-827,-16404,1482,
-674,-16429,1386,
-934,-16370,1254,
-835,-16299,1357,
-703,-16262,881,
-540,-16365,691,
-326,-16365,835,
687,-15528,-16,
-898,-16953,1737,
-161,-16081,6,
-289,-16275,321,
-205,-16347,365,
-215,-16450,602,
-177,-16436,611,
-134,-16401,647,
-58,-16404,544,
14,-16406,476,
-9,-16332,491,
-106,-16384,390,
-51,-16306,633,
-45,-16156,575,
66,-16048,500,
13,-16205,572,
54,-16400,517,
6,-16423,686,
-32,-16225,932,
-151,-16264,871,
-32,-16133,908,
-135,-16198,902,
-136,-16303,1111,
-151,-16394,860,
-179,-16562,861,
-190,-16457,1174,
-273,-16567,1060,
-173,-16526,1195,
-161,-16520,1258,
-125,-16585,1533,
-179,-16537,945,
-164,-16717,1375,
-235,-16503,1309,
-222,-16356,1193,
-522,-16331,1253,
-669,-16346,1234,
-843,-16688,1252,
-815,-15970,1488,
-905,-16291,1452,
713,-15195,-536,
-1439,-16437,1596,
-480,-16239,1152,
-618,-16560,1385,
-841,-16878,1144,
-1008,-15912,1404,
-794,-15991,1390,
-945,-15967,1326,
-969,-16473,1737,
-1292,-16188,1270,
-1695,-16096,1614,
-550,-16032,2580,
-700,-16216,2575,
-666,-15956,2760,
-669,-15984,2734,
-714,-16039,2855,
-793,-16127,2978,
-825,-16065,2950,
-825,-16265,2856,
-764,-16165,2883,
-654,-16066,3030,
-530,-16185,2830,
-599,-16212,2771,
-741,-16126,2562,
-341,-16121,2963,
-678,-16271,2413,
-1081,-16330,1524,
-108,-16049,3399,
3,-16151,2963,
-513,-16327,2293,
-520,-16135,2483,
-267,-16376,2599,
-661,-15904,2316,
-421,-16294,2913,
-291,-16512,2829,
-377,-16153,2360,
-342,-16308,2464,
-630,-16168,2327,
-728,-16213,2831,
1349,-16909,1570,
-1261,-16155,2745,
-1872,-15783,660,
-1627,-16077,1713,
-1061,-16481,4025,
-851,-15979,2740,
-4647,-17047,1889,
-430,-16201,2747,
-722,-15777,3425,
-560,-16543,3292,
-580,-16465,3180,
1252,-17729,12321,
-846,-16967,3250,
-809,-16528,3409,
-601,-16259,3490,
-592,-16648,3477,
-494,-16521,3566,
-509,-16337,4027,
-475,-16227,4095,
-421,-16140,4072,
-433,-15957,4218,
-287,-15876,4301,
-480,-15862,4140,
-473,-15904,4133,
-525,-15871,4231,
-722,-16390,4046,
-610,-16475,4157,
-632,-16156,4212,
-634,-15708,4376,
-842,-15844,4045,
-619,-15570,4422,
-1040,-16392,4103,
-975,-16172,4257,
-1313,-16100,3542,
-1270,-16000,4766,
-1062,-15602,3319,
-985,-15134,3810,
-885,-15884,3315,
-4232,-15797,4141,
-858,-15755,3050,
-703,-15985,2866,
-661,-16064,2722,
-723,-16032,2657,
-746,-15945,2766,
-831,-16272,2765,
-1047,-16046,2929,
-927,-16080,2995,
-1909,-16110,3532,
-1865,-16129,3454,
-1786,-15930,3553,
-1777,-15972,3485,
-1726,-16018,3542,
-1809,-15990,3544,
-1803,-16044,3566,
-1755,-15973,3534,
-1754,-15921,3622,
-1651,-15708,3559,
-1571,-16149,3761,
-1624,-15999,3907,
-1661,-15877,3750,
-1556,-15844,3755,
-1561,-15971,3863,
-1592,-15653,3734,
-1598,-15596,3751,
-1539,-15789,3769,
-1581,-15702,3718,
-1557,-15846,3751,
-1654,-15885,3658,
-1635,-15830,3701,
-1539,-15861,3695,
-1500,-15970,3702,
-1461,-15968,3686,
-1478,-15933,3610,
-1478,-15992,3599,
-1303,-15975,3553,
-1231,-16034,3701,
-1342,-16037,3608,
-1394,-16084,3603,
-1370,-16011,3473,
-1206,-15388,1926,
-1359,-15658,3334,
-1456,-15644,3176,
-1488,-15631,3255,
-1486,-15851,3296,
-1546,-16019,2858,
-1343,-16303,3269,
-1449,-15881,2860,
-1678,-15670,2710,
-1412,-16105,2630,
-1377,-16161,2816,
-1095,-15931,2578,
-1422,-15896,2558,
-1095,-16046,2214,
-1060,-16484,2910,
-907,-16243,2905,
-1037,-16488,2450,
-1191,-16175,1640,
-1615,-16189,3020,
-882,-16157,2919,
-913,-16058,2664,
-1093,-15915,3079,
-1424,-15843,3001,
861,-16559,2772,
-1480,-15612,3863,
-848,-16040,3104,
-480,-15622,4211,
-916,-15372,2676,
-2606,-18348,1738,
-816,-15825,3405,
-1291,-16476,2878,
-1488,-16398,2610,
-634,-15496,2559,
-984,-15951,3215,
-1288,-16052,2662,
-1034,-15943,2478,
-1092,-16007,2894,
-1096,-16083,2717,
-1222,-16075,2596,
-1226,-16232,2594,
-1311,-16345,2733,
-1347,-16344,2772,
-1354,-16343,2793,
-1391,-16343,2755,
-1342,-16347,2697,
-1344,-16393,2716,
-1358,-16444,2677,
-1470,-16776,2497,
-1473,-16645,2508,
-1409,-16323,2724,
-1463,-16290,2537,
-1462,-16521,2469,
-1492,-16332,2668,
-1636,-16436,2561,
-1597,-16163,2615,
-1714,-16358,2662,
-1686,-15891,2748,
-1778,-15877,2788,
-1938,-16210,2855,
-1856,-16424,3022,
-1893,-16149,3176,
-1754,-15888,2818,
-4170,-19815,3812,
-519,-13677,2257,
-1592,-15739,3174,
-1794,-16059,2517,
-1744,-16084,2831,
-1912,-15638,2969,
-2047,-15684,2810,
-2115,-15847,2968,
-2103,-15573,2942,
-2111,-15621,3148,
-1756,-15851,4339,
-2293,-16142,3226,
-2626,-15777,4397,
-2909,-15786,3865,
-2715,-15656,4010,
-2172,-15489,3665,
-2372,-16089,3081,
-1451,-14811,3686,
-2463,-16497,3353,
-2985,-16034,3080,
-2375,-15949,2640,
-1960,-15967,2828,
-2037,-16178,2762,
-2221,-16277,2791,
-2115,-16251,2720,
-1869,-16342,2628,
-1918,-16396,2600,
-2052,-16339,2636,
-2080,-16300,2683,
-2117,-16021,2849,
-61,-14531,1947,
-2074,-16504,3731,
-2486,-15466,2299,
-2787,-16324,3450,
-1925,-15592,1999,
-2118,-15324,2496,
-2111,-15942,3816,
-2194,-15398,3846,
-2753,-16632,3802,
-1402,-16061,3963,
-1829,-16062,3962,
-2355,-15234,4737,
-1141,-16080,3996,
-391,-16322,3311,
-218,-16048,2883,
-1215,-16507,4184,
28,-15864,1718,
-754,-15772,5424,
-3190,-15731,4060,
-1212,-15899,824,
253,-15159,5314,
-1425,-15622,2653,
-894,-15609,2492,
-2519,-16311,3791,
-227,-14783,3496,
-1494,-15397,4010,
-288,-15321,2304,
1561,-14190,4629,
-2353,-15965,4161,
238,-15016,2865,
-3250,-15979,3852,
-1607,-16394,4552,
-1095,-15759,2640,
-2157,-16028,4638,
-1416,-15604,3642,
-1808,-15912,3529,
-1566,-15630,4126,
-690,-15139,1422,
-1404,-15808,1931,
-1555,-18517,2751,
-1086,-17143,2376,
-1065,-15722,4254,
-1322,-17011,1014,
-1226,-16427,1917,
-725,-14775,3860,
-1495,-15727,3261,
-1614,-16355,2745,
-1536,-16427,3039,
-1481,-15968,3322,
-1302,-16409,3021,
-1441,-16393,3259,
-1360,-15789,3040,
-700,-16166,2701,
-2075,-15912,4645,
-2253,-15649,2193,
-2145,-16090,2585,
-1406,-16550,2848,
-2040,-16452,3126,
-1401,-16525,3493,
-1699,-16526,3000,
-1492,-17014,2904,
-1477,-16835,2750,
-1385,-14707,2055,
-1643,-16334,2067,
-142,-12330,8279,
-3142,-18152,4593,
-992,-16544,1457,
-2336,-17754,3298,
-1246,-16076,1938,
-1702,-16760,2951,
-3021,-14165,3507,
106,-20706,1119,
-1911,-16496,3043,
-2546,-15177,3718,
-3019,-17197,4033,
-2536,-16725,3106,
-2683,-16965,2344,
-3879,-15923,2003,
-4409,-17088,3260,
-3721,-15686,2693,
-3697,-17407,3590,
-3696,-17292,4159,
-2658,-16079,2689,
-4743,-15407,3443,
-4461,-17078,2448,
-5711,-16136,2321,
-4221,-15164,5146,
-5237,-15496,2973,
-4369,-15576,3042,
-4521,-16374,2623,
-4848,-15138,3375,
-4480,-15931,2364,
-4512,-15638,3236,
-4514,-15219,2665,
-5215,-16104,2547,
-5258,-15375,2155,
-4901,-14633,3132,
-4355,-14454,3106,
-5281,-14665,3056,
-4933,-14844,1837,
-4808,-15121,2508,
-4876,-15307,2024,
-4493,-14758,2560,
-4876,-14762,2244,
-4489,-14867,2255,
-3965,-14641,2064,
-4376,-15075,2004,
-4385,-14612,1809,
-4752,-14801,1872,
-4589,-14629,1788,
-4110,-15113,2419,
-3968,-15219,1738,
-3550,-15100,1939,
-4099,-15294,1953,
-3369,-15287,2038,
-4273,-15786,2074,
-3563,-15627,2053,
-3649,-15582,2443,
-3455,-15393,2290,
-4250,-15547,2597,
-3910,-15764,2376,
-3437,-15678,2757,
-3703,-15932,2725,
-3337,-16192,2579,
-3463,-16490,2885,
-3500,-16478,2723,
-3984,-16401,3070,
-3410,-16644,2898,
-3223,-16545,2615,
-3488,-16580,2679,
-3975,-16223,2251,
-3923,-16081,2233,
-3708,-15928,2155,
-4255,-16356,2056,
-4030,-16069,1707,
-5707,-16782,2495,
-3607,-15822,518,
-3722,-16369,981,
-4693,-16792,1243,
-3845,-15768,832,
-4677,-15773,1370,
-4356,-15517,1264,
-3158,-16539,683,
-6410,-17317,1532,
-4404,-17021,1459,
-3949,-15396,888,
-2709,-13348,2100,
-4485,-15183,588,
-4799,-16164,423,
-4233,-15253,-198,
-5319,-12782,4066,
-4176,-14826,148,
-5749,-14575,-77,
-4709,-14213,-1367,
-5438,-14246,-631,
-4417,-14635,-470,
-4885,-14849,-808,
-4113,-14480,-2399,
-4356,-17691,-2318,
-3430,-17137,-1068,
-3437,-16393,-1513,
-3415,-17046,-1940,
-3043,-17065,-1869,
-4327,-18403,90,
-4076,-13778,-465,
-3638,-16822,-303,
-3519,-16422,-1042,
-2500,-16437,-1182,
-1468,-16065,-2319,
-2616,-15960,-1034,
-2947,-16768,-521,
-2325,-16468,-76,
-2272,-16952,-173,
-1913,-16687,-310,
-2308,-15762,1212,
-2480,-16836,626,
-2126,-15483,1184,
-3242,-16428,1191,
-2258,-16545,229,
-3314,-16319,1610,
-1339,-16089,911,
-1859,-16039,29,
-1721,-18048,-632,
-881,-16566,23,
-914,-16380,-415,
-2273,-17508,391,
-1315,-15913,453,
-1673,-16170,-622,
-2254,-16886,-1218,
-1257,-15881,266,
-1722,-16196,-681,
-620,-15523,584,
-1618,-16390,43,
-1551,-16319,732,
-1443,-16542,-213,
-982,-16719,-88,
-1070,-16842,1618,
-1926,-17218,-392,
-542,-16111,663,
-1195,-16351,239,
563,-15881,2671,
380,-16755,-935,
-815,-15697,695,
-1621,-15683,-1398,
-52,-16495,-673,
-305,-17828,-1688,
-372,-17805,-2506,
-682,-16686,-2712,
-446,-13539,-4222,
6459,-18984,-11047,
-3024,-15273,2976,
2727,-22388,-5712,
-1203,-14390,-2231,
-511,-16200,-1176,
228,-16445,-1898,
-471,-16293,-946,
-470,-16397,-1444,
178,-17007,-904,
-497,-16734,-2152,
1155,-16873,-684,
-192,-15860,-988,
-349,-16395,-2717,
-96,-16204,-993,
68,-16459,-1371,
630,-16231,483,
1700,-16051,231,
24,-15835,-212,
140,-15458,-1601,
-904,-16282,-2421,
1686,-14407,-1303,
1480,-15392,2345,
4231,-8826,1961,
4910,-16381,5959,
-2698,-22158,-3340,
-1237,-19007,-2022,
-379,-20160,-1904,
542,-17342,257,
1580,-15473,-2172,
2718,-13819,1175,
2163,-13711,-680,
-471,-21164,-2549,
872,-15223,842,
1406,-15012,668,
778,-16058,-1273,
2841,-11396,2879,
-111,-16690,-5122,
418,-16877,-4094,
2316,-12377,-2218,
310,-19292,-1848,
560,-17466,-4187,
1279,-15735,-1381,
585,-17182,-2891,
1701,-15118,-593,
1392,-16781,-1762,
1387,-16608,-775,
982,-16533,-614,
1274,-15915,-683,
1467,-15676,-899,
1805,-15502,-784,
1690,-15224,102,
1154,-16989,-1693,
1560,-16537,-1818,
1022,-16346,-341,
69,-14670,309,
2351,-11403,-144,
1296,-15245,-2353,
940,-17504,4173,
-217,-16556,340,
-48,-17585,-2341,
1472,-14988,2399,
821,-17383,-763,
-997,-18714,-4471,
2080,-17403,-227,
3072,-15616,-2459,
1732,-15249,-3476,
1867,-15645,-3166,
1896,-16083,-1106,
2224,-16146,-4936,
505,-18757,-1012,
574,-17611,2011,
1005,-17247,-1158,
531,-17755,-3979,
476,-17269,-1179,
-304,-18732,-807,
-694,-19214,-3969,
-201,-18271,-2629,
-170,-18929,-1380,
-681,-19395,-3494,
-513,-17581,-889,
-389,-18791,474,
-1011,-18700,-1044,
-403,-18578,-1000,
-1155,-18301,-454,
-454,-17763,299,
-1176,-17737,374,
-758,-17626,180,
-478,-18219,377,
-374,-18662,129,
-587,-18175,211,
-448,-17554,-664,
-357,-17076,-520,
-148,-17736,-520,
-358,-17855,-823,
-527,-17884,-341,
-290,-18046,411,
-436,-17485,19,
-615,-17455,-135,
-819,-17947,363,
-932,-18167,554,
-1026,-18246,495,
-1177,-18112,683,
-1111,-17861,383,
-979,-17726,-126,
-795,-17403,-314,
-951,-17531,-367,
-862,-17475,-236,
-724,-16984,-374,
-646,-16993,-264,
-515,-16863,-723,
-1044,-16373,-1680,
-97,-16772,-725,
228,-16314,-1072,
-391,-15778,-945,
-35,-15875,-1813,
-333,-15632,-2022,
401,-15724,-1052,
-175,-18120,3245,
-1284,-15840,290,
-307,-15359,-2239,
-564,-16156,-1845,
-704,-16762,-1247,
-678,-15949,-1929,
-435,-16231,-1134,
-949,-15777,-1650,
-969,-16163,-799,
-778,-15617,-168,
-1898,-15419,854,
-1142,-16020,1434,
-1095,-15843,2125,
-1604,-18163,566,
-1884,-17111,-528,
-1594,-17629,546,
-322,-15251,-395,
-1324,-13453,-2215,
-750,-15189,-1136,
-911,-14698,-1049,
-1093,-14264,941,
-895,-15079,911,
-1024,-15377,2316,
-1489,-15315,1150,
-1206,-15249,242,
-1069,-14915,53,
-951,-15009,-319,
-1458,-15173,-513,
-1810,-15362,-286,
-1502,-15460,504,
-1348,-15451,971,
-1650,-15421,765,
-1993,-16462,1414,
-1829,-15772,-566,
-1470,-16079,-216,
-1746,-15845,-651,
-1995,-15966,-988,
-1648,-15748,-711,
-1738,-15825,-1185,
-1662,-15881,-1280,
-1799,-16127,-979,
-1997,-16406,-1066,
-1968,-16391,-1086,
-1950,-16220,-504,
-2176,-16292,-425,
-2472,-16550,-74,
-2267,-16363,-568,
-2055,-16757,-159,
-1866,-16138,-573,
-2228,-16455,-220,
-2220,-16657,57,
-2333,-16507,-11,
-2346,-16746,-248,
-2182,-16702,-934,
-2344,-16778,-1144,
-2215,-16306,-1175,
-2007,-16128,-1167,
-1972,-16175,-869,
-2504,-16521,-529,
-2227,-16393,-515,
-2250,-15678,-266,
-2490,-16219,197,
-2713,-16696,317,
-2223,-15978,-406,
-2010,-15848,-522,
-2127,-15760,-738,
-2115,-16012,-508,
-2103,-16103,-411,
-2131,-15957,-285,
-2065,-15676,-345,
-1458,-15456,8,
-1462,-14364,285,
-1225,-14286,1290,
-1397,-13791,1094,
-1408,-14847,2101,
-1618,-15368,1852,
-1725,-14658,2062,
-1867,-15551,1903,
-1920,-15672,2388,
-1835,-15372,2476,
-1731,-15759,265,
-2735,-18801,1434,
-2288,-18435,1264,
-2566,-18587,110,
-1410,-16263,653,
-964,-16219,46,
-1329,-17001,1386,
-34,-16005,93,
470,-16160,-2401,
585,-16321,321,
733,-15920,948,
-877,-16083,3215,
-297,-15344,61,
52,-15744,2036,
225,-16025,-244,
424,-15695,-47,
167,-16225,550,
409,-16702,1300,
191,-16708,11,
526,-17080,369,
753,-16871,-12,
801,-16932,46,
708,-16983,304,
821,-16846,356,
945,-16807,304,
791,-16886,757,
700,-16544,628,
935,-16499,226,
671,-16897,-804,
988,-16785,-791,
421,-17361,-210,
382,-17261,-545,
691,-16366,-480,
864,-16795,-97,
710,-17316,1369,
598,-17621,-805,
716,-17523,-446,
524,-17594,-1138,
502,-17838,-1478,
109,-18981,-1223,
218,-19621,-463,
-1238,-18610,-2703,
-1936,-21152,-981,
2151,-24569,-2167,
8952,-7671,7572,
-888,-16996,-5596,
-1433,-17216,-3677,
766,-16546,-1096,
-252,-17966,-883,
212,-16916,1074,
-500,-17982,651,
-1134,-17578,-799,
-809,-17883,-482,
-470,-17235,530,
-607,-17398,-177,
-549,-17545,600,
-156,-16249,-120,
-150,-15479,-480,
65,-15496,-41,
-687,-16507,-100,
-835,-16574,-8,
-700,-16867,110,
-1443,-16604,-1334,
-1653,-17072,-1885,
-1106,-17139,-3002,
2642,-12612,532,
-1109,-12129,-4508,
-1326,-17039,-1058,
-1192,-16323,-3297,
-523,-15200,-2771,
-2589,-17374,-2295,
-1643,-15558,-1832,
-433,-15179,-1592,
-896,-16269,-1999,
-1466,-15914,-1905,
-1180,-15341,-341,
-1235,-15169,-304,
-1905,-15824,751,
-1403,-15756,801,
-1185,-16131,-161,
-380,-16057,-355,
-498,-16456,-1070,
-805,-16156,-1425,
-1693,-16642,-1574,
-1813,-18115,-976,
-2041,-15924,-609,
-1661,-11866,-7290,
-628,-14863,369,
-1733,-14707,445,
-1854,-15905,496,
-1646,-15143,699,
-971,-15064,1672,
-1657,-15511,1238,
-1919,-15903,718,
-1926,-15939,887,
-1650,-16200,683,
-1849,-16255,1291,
-1728,-16152,1699,
-1307,-15844,1136,
-1592,-16071,1098,
-1148,-15765,-343,
-822,-16027,-153,
-1153,-16067,427,
-1075,-15929,1481,
-1020,-16061,1365,
-1123,-16440,822,
-1351,-16087,2334,
-2090,-17203,2302,
-2024,-16872,1596,
-1400,-16456,1229,
-1065,-16098,1332,
-861,-15971,1872,
-1172,-16316,593,
-895,-16541,480,
-985,-16696,-328,
-911,-16357,-564,
-408,-16842,-1052,
463,-16802,680,
-653,-16371,695,
-1058,-16269,724,
-1276,-16684,1360,
-1141,-16752,314,
-937,-17160,-1300,
-775,-17033,-858,
-117,-17097,-1315,
-569,-16634,-1454,
-1271,-18304,-2476,
-522,-16613,-3481,
-205,-17243,338,
-570,-16838,-1363,
-650,-17678,-2300,
-328,-17571,-1083,
-544,-17455,-1033,
-820,-17341,-1481,
-435,-17276,-919,
-509,-16703,-562,
-720,-17213,20,
-584,-16242,-397,
-602,-16192,-143,
326,-15527,543,
-526,-16242,-471,
-28,-15096,-531,
184,-14156,-445,
1609,-15708,719,
-219,-15917,-27,
44,-16767,-472,
-285,-17081,557,
-650,-16716,683,
-551,-17263,1533,
521,-16725,2688,
826,-15013,2782,
252,-16217,1437,
-437,-16432,-659,
382,-14796,-1320,
-1371,-17088,-1412,
-812,-17542,-1792,
-347,-16263,-554,
-826,-17593,473,
-853,-16386,-3190,
-1474,-17942,-5932,
-1702,-18617,-1848,
-1499,-15241,-1859,
-1344,-16833,1422,
-1950,-16484,-765,
-1192,-13943,-1321,
-532,-14398,-83,
-1655,-16400,1472,
-849,-16039,2582,
-846,-15902,1524,
-980,-15955,936,
-1064,-15963,-26,
-655,-16883,-800,
-1243,-16081,-2338,
-1472,-17918,-2392,
-695,-17500,-2074,
-775,-16916,-1710,
-486,-15972,-3037,
-69,-16216,-279,
-322,-16235,-2841,
-387,-17003,-4051,
-879,-16512,-2967,
-1100,-14747,-1879,
-639,-15346,-1587,
-462,-13986,-480,
-821,-15364,-1111,
-600,-15633,-1462,
-1859,-15886,-1043,
-1499,-16021,-825,
-1418,-16242,-1730,
-1167,-17019,-3418,
-1812,-16761,-2509,
-1098,-16821,-2260,
-1229,-16600,-2141,
-1428,-17194,-2884,
-1345,-16871,-4869,
-996,-16010,-4338,
-734,-16319,-3768,
-1085,-15947,808,
-2161,-17418,-1057,
-1526,-15939,-2513,
-1220,-14378,-71,
-1114,-15815,-785,
-1127,-15100,963,
-1615,-16293,4954,
-2613,-16109,1992,
-1994,-15763,-4667,
-2566,-16232,-3710,
-1653,-15810,-3647,
-617,-15653,-3246,
-3069,-30184,2560,
-4751,-15990,6210,
-2861,-7765,-3959,
-90,-15548,-3669,
-904,-11347,-665,
756,-13127,-5061,
-190,-12938,6,
167,-8202,270,
874,-8976,-3569,
-537,-13695,-6955,
1289,-9141,1654,
-182,-14658,-1520,
670,-15274,433,
342,-17340,-4814,
2998,-15392,-9135,
1726,-25064,-15368,
748,-15986,-736,
-771,-14274,-6943,
1588,-13130,-2142,
1213,-12681,-685,
1379,-13019,-3052,
1438,-13684,-2591,
2472,-12509,-2944,
2600,-10501,-5464,
2310,-11669,-4003,
2334,-11974,-1534,
-6808,-32764,-9086,
-2224,-13152,-9135,
2282,-10434,-838,
2389,-13541,-6027,
536,-13452,-5231,
1265,-19746,-6646,
-917,-15280,-4403,
439,-6351,-5100,
-279,-23778,-7362,
3545,-16147,-16765,
2110,-10824,-10015,
-971,-16653,-6223,
-1203,-18360,-6765,
69,-14805,-6312,
-110,-15298,-4292,
1010,-13931,-4590,
289,-14718,-3844,
-258,-15318,-3825,
-420,-14879,-3545,
-149,-14724,-3524,
-201,-14541,-3445,
-722,-15404,-3866,
-750,-15287,-4490,
-214,-15155,-4694,
-144,-14918,-4650,
55,-14631,-4504,
-234,-14894,-5050,
-299,-15412,-5218,
497,-14587,-4664,
63,-14560,-5177,
185,-14208,-4518,
-547,-14835,-3887,
-259,-15068,-4311,
-368,-14970,-4280,
-607,-14072,-4111,
378,-14212,-3322,
733,-13574,-2971,
802,-13332,-3065,
717,-12983,-3481,
956,-13564,-3130,
1063,-12797,-3661,
1319,-12508,-2676,
1244,-12248,-2969,
1468,-12599,-3091,
1388,-12221,-3078,
1450,-12568,-2825,
1423,-12529,-2728,
1629,-12822,-2464,
1389,-13357,-1896,
1106,-13736,-1764,
1244,-14148,-1830,
1228,-14821,-2499,
1194,-15506,-2890,
781,-15548,-3388,
886,-15348,-2054,
872,-15338,-2525,
1085,-15229,-2391,
1310,-14648,-2278,
1173,-14790,-2403,
1133,-14706,-2697,
1372,-14667,-2496,
1104,-14678,-2112,
1380,-15015,-3421,
1865,-15071,-2888,
1980,-15052,-2492,
2090,-14635,-3183,
2412,-14135,-4005,
2741,-15057,-3958,
2339,-15280,-4548,
2166,-16048,-4680,
2031,-15439,-4787,
2055,-15787,-4564,
1926,-15993,-4464,
1606,-16434,-4657,
1539,-16096,-3740,
1616,-16086,-4234,
1843,-16533,-4599,
1432,-16764,-5168,
1678,-16980,-4504,
1528,-17039,-5596,
1396,-17114,-5582,
1729,-16976,-5734,
1598,-16937,-6489,
1745,-17320,-6437,
1159,-18102,-7672,
1160,-18358,-10024,
2131,-17797,-9336,
986,-22698,-9431,
564,-16368,-6178,
1845,-15962,-1244,
1479,-17336,-8490,
-4957,-19041,-14981,
1973,-13924,-5849,
435,-21154,-8419,
1703,-17547,-6772,
737,-16617,-5308,
2424,-16539,-4560,
1394,-16154,-4467,
622,-16623,-3788,
-448,-17323,-4565,
731,-15136,-4826,
2248,-18075,-4739,
141,-13257,-17472,
943,-17545,-5815,
-193,-17635,-5726,
-220,-18833,-7769,
1048,-20658,-3199,
3726,-8397,-13425,
1386,-13324,-3667,
1305,-17352,-7498,
1459,-16999,-7852,
286,-17749,-7214,
1286,-16653,-6854,
807,-16778,-4344,
1671,-17568,-5748,
2284,-15253,-6095,
940,-16379,-5910,
974,-16855,-7461,
-2,-18680,-6199,
291,-18010,-5299,
616,-18043,-5361,
354,-17974,-5314,
-167,-18175,-5520,
-200,-17146,-6699,
674,-16249,-2066,
-328,-17361,-6406,
259,-17526,-2932,
-177,-16616,-2083,
-119,-16262,-3142,
439,-17493,-1416,
518,-16459,-3286,
1180,-18079,-1804,
1825,-15776,-1525,
144,-18205,-2801,
97,-18236,-3761,
809,-18881,-359,
267,-17548,-2797,
2271,-16490,-5038,
754,-18394,-6079,
650,-17369,-6078,
2225,-16742,-5145,
2385,-15620,-5076,
961,-15525,-8420,
874,-21625,-4994,
2039,-13333,-12276,
84,-18335,-4480,
3334,-11596,-7810,
5073,-11141,-5370,
2166,-12291,-7168,
258,-17288,-5248,
2521,-17114,-6808,
2519,-14576,-2015,
2820,-14363,-4327,
2442,-15368,-5785,
3104,-14271,-5904,
2621,-14512,-5434,
2613,-14900,-5353,
2553,-15609,-5780,
3055,-14799,-4713,
2627,-14762,-4776,
2968,-15363,-4758,
2299,-15720,-4193,
2013,-16154,-4279,
2233,-16311,-4537,
2678,-15586,-4032,
1986,-16774,-4350,
1993,-16838,-4330,
2333,-15978,-3677,
2831,-15607,-3888,
2702,-15700,-4064,
2958,-15783,-4474,
2894,-15439,-4406,
3034,-15915,-3330,
3050,-15598,-3609,
2941,-15750,-4206,
2853,-15681,-3801,
3277,-14813,-3180,
3567,-15026,-3198,
3282,-15619,-3547,
3383,-14938,-3780,
3297,-15131,-3801,
3407,-14854,-3642,
3345,-14322,-2856,
3256,-15040,-3192,
3211,-15076,-3091,
3388,-15251,-2995,
2935,-15078,-2974,
3221,-15245,-2492,
3021,-15545,-2443,
2964,-14936,-1709,
2910,-15553,-1884,
2986,-15341,-1568,
2524,-16163,-1336,
2205,-15525,-1283,
2384,-15856,-396,
2590,-15548,-531,
2404,-16529,12,
3071,-16716,-525,
2280,-16197,1292,
3646,-15039,-1237,
1832,-17529,-487,
1963,-16753,-1238,
1938,-16841,-1987,
2810,-26163,2730,
1812,-16427,-2654,
3111,-15681,-2603,
2969,-15493,-1898,
3000,-15224,20,
1077,-16537,-3105,
2900,-15123,-1311,
3137,-14280,-1069,
2533,-15625,-126,
2205,-15110,-2099,
3671,-15036,-787,
1814,-17439,-1801,
2110,-16547,-1416,
2287,-16559,-1592,
2422,-16509,-1713,
2452,-16648,-2165,
1798,-17139,-2019,
2136,-16930,-2668,
2232,-16771,-2512,
2259,-16624,-2439,
2097,-16885,-2241,
2151,-16475,-2010,
2324,-16444,-2163,
2139,-16262,-1910,
2334,-16042,-1763,
2348,-16154,-1556,
2260,-16157,-1404,
2198,-16033,-1624,
2242,-15939,-1706,
2249,-15899,-1710,
2195,-15964,-1852,
2319,-15762,-1982,
2353,-15876,-2063,
2393,-15762,-2236,
2398,-15832,-2424,
2507,-15762,-2338,
2471,-15898,-2804,
2555,-15922,-2901,
2631,-16047,-3237,
2530,-16106,-3032,
2676,-16033,-2942,
2607,-16026,-3123,
2689,-15873,-3221,
2549,-15955,-3089,
2729,-16001,-3216,
2804,-15831,-3279,
2721,-15950,-3239,
2675,-15909,-3062,
2575,-16018,-2664,
2458,-16165,-2506,
2487,-16213,-2453,
2449,-16189,-2578,
2461,-16193,-2580,
2530,-16297,-2401,
2576,-16140,-2475,
2733,-15913,-2665,
2725,-15936,-2762,
2837,-15762,-2678,
3025,-15574,-2797,
2988,-15509,-3111,
3035,-15497,-3692,
3235,-15132,-3605,
3173,-15833,-3938,
3482,-15027,-3930,
3606,-14891,-3859,
3986,-14211,-4468,
3866,-15272,-4912,
4468,-14500,-4044,
3252,-15571,-4149,
2045,-17846,-3861,
3154,-15708,-2009,
2821,-16700,-1999,
2857,-16375,-1962,
3052,-16153,-3034,
2863,-17273,-2477,
2150,-17746,-3237,
2618,-17344,-2287,
2599,-17659,-1972,
2493,-17678,-2624,
2578,-17638,-2031,
1459,-17987,-2401,
2634,-17578,-1699,
2520,-17328,-2470,
2698,-17356,-2322,
2639,-17314,-2587,
2802,-17082,-2725,
2519,-17252,-2814,
2692,-16959,-2617,
2730,-16997,-3218,
2585,-17122,-3431,
2545,-16915,-3751,
2689,-16594,-3749,
2797,-16351,-3785,
2973,-16248,-3660,
2901,-15963,-3529,
2962,-16166,-3614,
3034,-16064,-3564,
2960,-16188,-3649,
2913,-16171,-3444,
2940,-15951,-3255,
2871,-15782,-3561,
3104,-15705,-3539,
3272,-15635,-3604,
3211,-15612,-3653,
3428,-15737,-3477,
3536,-15634,-3257,
3289,-15803,-3718,
3517,-15820,-3520,
3516,-15644,-3302,
3512,-15560,-2991,
3434,-15775,-2716,
3414,-15882,-2763,
3610,-15629,-2610,
3616,-15857,-2580,
3515,-15708,-2650,
3626,-15880,-2306,
3390,-16276,-2556,
3239,-16368,-2374,
3503,-16163,-2419,
3475,-16699,-2381,
3380,-16417,-3096,
3268,-16596,-2154,
3151,-16414,-2396,
3550,-16101,-1562,
3698,-16188,-1571,
3547,-16145,-1715,
3560,-16099,-2112,
3816,-15696,-1943,
3838,-15551,-2122,
3626,-15751,-2591,
3323,-15748,-2926,
3457,-15592,-3360,
3596,-15214,-3602,
3622,-15282,-3889,
3640,-15414,-3319,
3816,-15047,-3485,
3508,-15332,-3960,
3370,-15237,-3595,
3567,-15005,-3695,
3620,-14700,-3109,
3451,-14758,-3669,
3504,-14509,-3643,
2996,-14871,-4042,
3292,-14361,-3737,
3538,-14079,-2935,
3846,-13748,-2908,
3711,-13695,-1809,
4021,-13062,-4583,
3977,-12347,-357,
2380,-12061,-3912,
1048,-11933,-4621,
2995,-15918,661,
4746,-15819,-73,
4613,-15507,-4804,
4066,-15231,-4575,
3057,-14907,-4110,
3150,-14833,-4011,
3586,-14909,-2338,
4683,-15462,-4632,
3865,-15194,-2878,
5284,-15300,-3438,
4147,-17259,-3884,
3718,-17073,-4457,
4278,-16311,-2745,
4154,-15952,-3016,
4861,-15963,-3170,
3752,-16467,-2437,
3892,-14919,-3350,
3863,-14902,-2668,
4177,-15405,-1792,
4144,-15811,-3084,
3379,-15866,-3444,
3411,-15741,-3708,
3740,-14902,-3432,
4085,-15916,-3553,
4340,-15196,-4326,
3995,-14228,-3154,
3436,-15149,-3135,
3676,-16583,-3651,
4084,-15056,-3351,
3159,-15249,-4162,
3525,-14325,-4237,
3557,-15426,-5244,
3849,-14003,-4158,
4507,-14968,-5937,
4420,-14498,-5248,
4568,-15212,-5461,
4508,-16212,-5065,
4296,-16400,-4906,
4544,-15990,-4918,
4377,-15148,-4883,
4382,-15579,-4478,
3786,-15189,-4500,
3639,-14682,-4317,
3916,-14798,-3967,
4093,-15804,-4095,
3844,-15111,-3892,
3613,-14980,-3985,
4517,-16146,-3822,
3667,-15007,-3678,
3835,-16587,-3115,
3741,-16371,-2834,
3688,-16864,-4002,
2789,-15037,-4368,
3213,-15348,-3762,
3140,-14701,-3966,
3520,-15129,-3134,
3298,-14236,-3145,
3497,-14961,-3519,
3770,-15690,-2956,
3730,-15986,-2344,
3489,-14579,-2563,
3782,-14787,-2591,
3466,-15943,-2527,
3576,-15195,-2754,
3597,-15829,-2569,
4071,-15910,-2989,
3729,-15868,-2938,
4131,-16417,-4123,
4052,-17138,-3252,
3458,-15865,-3724,
3336,-16501,-4264,
3371,-16674,-3910,
3060,-14434,-4385,
3150,-15633,-3798,
2821,-15342,-3689,
2003,-12745,-2911,
2998,-15325,-4164,
3123,-15961,-2663,
3923,-17055,-4378,
3730,-15714,-3030,
3124,-13190,-3412,
3527,-16267,-2652,
2988,-13963,-3861,
3152,-15838,-3412,
3437,-16522,-3497,
3030,-14769,-3813,
3087,-16322,-2800,
2719,-15585,-2357,
2929,-16528,-3040,
2323,-14892,-2729,
3868,-18108,-5045,
3274,-17165,-4440,
3048,-15444,-3913,
2941,-16881,-1842,
3075,-16693,-4262,
2508,-15205,-2948,
2851,-15968,-3886,
2312,-15606,-2325,
2385,-15794,-2151,
2164,-15965,-1196,
2070,-14272,-2892,
2258,-14488,-2559,
2341,-15203,-2776,
1976,-15736,-2436,
1869,-16194,-3049,
1985,-16289,-2976,
2045,-16344,-2593,
2221,-16521,-2513,
2181,-16618,-2237,
2254,-16800,-2265,
2091,-16918,-2371,
2399,-16733,-2193,
2542,-16653,-2355,
2627,-16528,-2324,
2407,-16660,-2241,
2368,-16602,-2196,
2242,-16422,-1955,
2060,-16316,-1758,
2125,-16193,-1740,
2235,-16063,-1735,
2198,-16232,-1936,
2256,-16319,-2022,
2272,-16301,-2071,
2228,-16405,-1986,
2168,-16418,-2003,
2227,-16298,-1766,
2172,-16162,-1561,
2177,-16009,-1447,
1957,-16091,-1484,
1914,-16222,-1175,
1882,-16129,-1355,
2104,-16018,-1439,
2115,-16177,-1421,
2184,-16456,-1443,
2185,-16627,-1713,
2116,-16603,-1791,
2138,-16394,-1846,
2002,-16218,-1632,
2044,-16049,-1658,
2161,-15949,-1592,
2277,-15762,-1613,
2371,-15704,-1308,
2421,-15922,-1270,
2397,-16051,-1569,
2441,-15999,-1504,
2457,-16225,-1472,
2402,-16281,-1735,
2388,-16213,-1527,
2169,-16124,-1355,
2076,-16219,-1587,
1976,-16538,-1628,
1868,-16635,-1662,
1738,-16843,-1429,
1443,-16944,-1404,
1383,-16860,-1358,
1391,-16385,-1290,
1472,-16451,-778,
1759,-16476,-1023,
1911,-16313,-808,
1894,-16591,-768,
1726,-16768,-885,
1594,-16949,-935,
1644,-16848,-621,
1787,-16676,-398,
1846,-16662,-402,
1901,-16694,-220,
1832,-16654,-419,
1587,-16683,-86,
1654,-16425,-116,
1468,-16780,470,
1447,-16901,357,
1663,-16633,454,
1715,-16590,444,
1805,-16469,948,
1793,-16719,421,
1748,-16588,517,
1714,-16478,424,
1712,-16410,175,
1746,-16321,406,
1805,-16315,198,
1995,-15922,265,
2018,-15791,332,
2020,-15739,530,
1905,-15870,575,
1909,-15919,623,
1960,-15818,804,
2016,-15786,829,
1950,-15825,1006,
1882,-15997,1084,
1804,-16108,1028,
1899,-16157,1039,
1953,-16056,1045,
2028,-15899,1101,
2042,-15898,1055,
2108,-15769,1106,
2131,-15744,1119,
2035,-15859,1081,
1976,-15939,1241,
1906,-15884,1411,
1948,-15689,1505,
2070,-15817,1571,
2069,-15752,1621,
2053,-15480,1850,
2045,-15516,2015,
2027,-15339,1945,
1945,-15652,2096,
1944,-15939,1868,
1968,-15851,1695,
2020,-15584,1544,
2061,-15469,1443,
1856,-16071,1052,
1815,-16365,780,
1865,-16209,612,
1833,-16059,197,
1971,-15902,408,
2080,-15741,473,
2111,-15960,161,
2124,-16031,212,
1832,-16516,-232,
2016,-16048,434,
2295,-15749,180,
2329,-15565,161,
2297,-15531,108,
2320,-15716,396,
1773,-16717,615,
1822,-16258,890,
1836,-16413,933,
1790,-16414,998,
1356,-16794,1225,
1575,-16337,1827,
1806,-16021,1544,
1891,-16196,1538,
1776,-16535,1482,
1739,-16403,1233,
1658,-16222,1021,
1600,-16093,992,
1716,-15934,794,
1775,-16066,646,
1758,-15857,291,
1910,-15705,181,
1925,-15659,76,
2116,-15435,47,
2088,-15464,-276,
2126,-15255,-375,
2254,-15086,-574,
2151,-15605,-600,
2173,-15833,-812,
2161,-15750,-925,
2204,-15690,-938,
2052,-15877,-946,
1969,-16180,-1107,
1929,-16327,-1256,
1827,-16397,-1317,
1755,-16611,-1507,
1694,-16639,-1508,
1676,-16624,-1428,
1529,-16525,-1271,
1473,-16520,-1285,
1466,-16549,-1061,
1647,-16230,-767,
1700,-16277,-483,
1659,-16432,-636,
1731,-15905,-210,
1730,-15770,-249,
1835,-15735,-4,
1727,-15895,-142,
1895,-16224,-106,
1701,-16073,-267,
1649,-16177,-19,
1612,-16337,-216,
1500,-16620,-561,
1461,-16659,-384,
1284,-17049,-855,
1356,-16852,-731,
1429,-16942,-630,
1601,-16869,-772,
1655,-16758,-538,
1733,-16934,-289,
1843,-16803,-90,
1882,-16393,281,
2027,-16703,298,
2067,-16643,655,
2055,-16676,1013,
2133,-16669,1170,
2116,-16621,1509,
1985,-16838,1340,
1959,-16814,1667,
1836,-16746,1545,
1751,-16827,1455,
1846,-16475,1451,
1983,-16457,1507,
1993,-16581,1325,
2072,-16536,1464,
2249,-16730,1229,
2039,-17161,1074,
1955,-17070,799,
2148,-16808,531,
2313,-16598,399,
2220,-16738,226,
2281,-16520,11,
2208,-16660,-317,
2108,-16661,-372,
2013,-16813,-544,
2067,-16447,-502,
2166,-16029,-576,
2170,-16078,-757,
1987,-16205,-984,
1850,-16387,-1012,
1938,-16206,-1105,
1886,-16300,-1393,
1984,-16108,-1373,
1849,-16231,-1811,
1793,-16254,-1753,
1783,-16440,-2191,
1728,-16480,-2355,
1548,-16826,-2490,
1558,-16323,-2418,
1536,-16398,-2694,
1398,-16304,-2679,
1372,-16103,-2516,
1285,-16282,-3068,
1292,-16384,-3395,
1486,-16221,-3662,
1377,-16037,-3786,
1273,-16046,-3789,
1246,-16057,-3733,
1386,-15883,-3679,
1459,-15836,-3632,
1309,-16147,-3737,
1184,-16223,-3790,
1261,-16237,-3729,
1325,-16285,-3790,
1152,-16223,-3943,
1375,-16028,-3715,
1494,-16035,-3375,
1265,-16309,-3750,
1089,-16325,-3999,
1370,-16114,-3782,
1181,-16081,-3724,
1296,-15938,-3976,
1331,-16122,-3819,
1215,-16183,-3824,
1211,-16363,-3916,
996,-16407,-4076,
868,-16368,-4120,
981,-16357,-4124,
1197,-16198,-3861,
1221,-16241,-3871,
1287,-16211,-3756,
1230,-16281,-3674,
1294,-16240,-3519,
1242,-16431,-3437,
1412,-16268,-3208,
1400,-16379,-2799,
1375,-16303,-2722,
1469,-16355,-2641,
1393,-16364,-2802,
1555,-16401,-2692,
1362,-16352,-2432,
1247,-16672,-2718,
1234,-16587,-2740,
1383,-16510,-2887,
1452,-16522,-2914,
1455,-16564,-2794,
1401,-16618,-2793,
1323,-16604,-2702,
1539,-16369,-2368,
1631,-16360,-2222,
1633,-16328,-2218,
1631,-16265,-2006,
1661,-16267,-1987,
1803,-16094,-1778,
1750,-16313,-1805,
1722,-16503,-1772,
1796,-16433,-1720,
1889,-16285,-1716,
1863,-16444,-1696,
1855,-16513,-1849,
1860,-16403,-1751,
1877,-16368,-1749,
1985,-16251,-1809,
1966,-16262,-1817,
2009,-16220,-1735,
2040,-16114,-1786,
1887,-16138,-1763,
1892,-16146,-1807,
1828,-16144,-1849,
1790,-16170,-1893,
1807,-16152,-1887,
1716,-16187,-1857,
1639,-16183,-1787,
1538,-16193,-1685,
1630,-16082,-1667,
1752,-15998,-1717,
1788,-15998,-1640,
1781,-16094,-1962,
1736,-16191,-1854,
1743,-16282,-2284,
1697,-16328,-2265,
984,-16986,-2677,
1329,-16207,-2737,
1813,-15698,-2827,
1796,-15753,-2749,
1822,-15823,-2870,
1828,-16034,-2667,
1677,-16159,-2957,
1762,-16129,-3086,
1737,-16150,-3042,
1790,-16211,-3001,
1770,-16213,-3018,
1769,-16374,-3155,
1736,-16484,-2819,
1966,-16332,-3428,
1667,-16690,-2799,
1744,-16794,-2738,
1677,-16810,-3041,
1570,-16644,-2804,
1470,-16588,-3426,
1399,-16617,-3391,
1236,-16779,-3918,
891,-16665,-3789,
-458,-18440,-4692,
1320,-15893,-3379,
1138,-16114,-4099,
1024,-16515,-3635,
1366,-16340,-4151,
1535,-16037,-4133,
1690,-15874,-3863,
1768,-15986,-3663,
1686,-16126,-3590,
1652,-16150,-3671,
1716,-16116,-3567,
1831,-15970,-3457,
1961,-15883,-3526,
1753,-16062,-3758,
1921,-15838,-4006,
2074,-15649,-3322,
1941,-15499,-4505,
1870,-15556,-4112,
1874,-15422,-4322,
1951,-15183,-4419,
1815,-15206,-4248,
1927,-15079,-4468,
1883,-15071,-4204,
1829,-14932,-4095,
1895,-14959,-4224,
1804,-15081,-4034,
1700,-15167,-4148,
1640,-15367,-3923,
1607,-15472,-3831,
1584,-15511,-3884,
1334,-15620,-3671,
1941,-15473,-3418,
2024,-15503,-2881,
1797,-15673,-3259,
1728,-15725,-3659,
1665,-15734,-3096,
1693,-15917,-3246,
1617,-16116,-3436,
1573,-15959,-3273,
1797,-16464,-2990,
179,-18929,-3098,
2014,-14833,-3053,
1868,-15531,-2595,
1765,-15851,-1364,
1565,-16220,-2042,
1668,-15861,-2443,
1473,-16181,-2261,
1630,-16185,-2574,
1653,-16358,-2470,
1553,-16368,-2539,
1374,-16373,-2676,
1345,-16603,-2857,
1614,-16039,-2739,
1851,-16134,-2894,
2093,-16071,-2880,
2061,-16033,-3012,
1830,-16324,-3266,
1835,-16240,-3589,
1897,-16133,-3526,
1958,-16203,-3587,
2013,-16208,-3320,
2153,-16083,-3303,
2154,-16412,-3195,
2272,-16479,-3358,
2229,-16686,-3560,
2317,-16781,-3336,
2361,-16874,-3375,
2369,-16856,-3560,
2380,-16928,-3373,
2390,-16954,-3474,
2541,-16852,-3420,
2710,-16883,-3317,
2801,-16912,-3361,
2888,-16848,-3537,
2900,-16858,-3609,
2908,-16799,-3851,
2943,-16742,-4112,
2787,-16752,-4111,
2639,-16841,-4345,
2582,-17200,-4656,
2507,-16787,-4081,
2379,-16773,-4618,
2262,-16797,-4484,
2346,-16401,-4576,
2016,-16697,-4609,
2225,-16247,-4646,
1859,-16524,-4485,
2247,-16095,-4373,
2077,-15963,-4821,
1876,-16082,-4507,
2083,-15659,-4121,
2115,-15523,-4512,
2068,-15642,-4722,
1962,-15691,-4749,
2087,-15605,-4569,
1996,-15776,-4481,
1984,-15722,-3795,
2245,-15533,-3716,
2335,-15510,-3218,
2584,-15359,-3156,
2822,-15301,-2999,
2817,-15478,-2585,
2803,-15395,-2532,
2745,-15644,-2864,
2861,-15549,-2643,
2870,-15444,-2693,
2790,-15660,-2640,
2848,-15481,-2438,
2873,-15454,-3062,
2744,-15772,-3012,
2560,-15837,-3787,
2538,-15798,-2498,
2290,-16245,-2382,
2312,-16060,-2637,
2055,-16777,-2908,
1942,-16635,-2499,
1804,-17152,-1731,
2067,-16965,-1295,
1926,-17113,-1061,
1886,-17171,-922,
2254,-16852,-375,
1771,-17189,32,
2113,-16950,-1228,
2210,-16787,-519,
2163,-16966,-1394,
2331,-16571,-1596,
2262,-16469,-2159,
2294,-16374,-2526,
2208,-16446,-3299,
2165,-16422,-3753,
1958,-16286,-4267,
1961,-16280,-4129,
1926,-16127,-4672,
1886,-16134,-4483,
2038,-15663,-4345,
1653,-15610,-4472,
1649,-15508,-4222,
1534,-15830,-4433,
1552,-15795,-3933,
1493,-15556,-3721,
1287,-15612,-4272,
1295,-15346,-4035,
1457,-14994,-3916,
1593,-14837,-4041,
1778,-14726,-3983,
2089,-14509,-4073,
2112,-14665,-4424,
2239,-14684,-4541,
2194,-14805,-4848,
2077,-14894,-4827,
1797,-14903,-4857,
1545,-15382,-5147,
2006,-15055,-5181,
1959,-14667,-4784,
1870,-15505,-6505,
2210,-15545,-4401,
2066,-14945,-5437,
1997,-14804,-5764,
1987,-14734,-4913,
1997,-15035,-4722,
1961,-14754,-4949,
1987,-14992,-4351,
1934,-15163,-4265,
1878,-15599,-3545,
1716,-15733,-3805,
1705,-15856,-3209,
1597,-15821,-2900,
1589,-16006,-2548,
1806,-16043,-2167,
1808,-16007,-1734,
1836,-15945,-2118,
1429,-16603,-1995,
1391,-16539,-2184,
1542,-16758,-1452,
1472,-16649,-1623,
1482,-16970,-1271,
1420,-16926,-2000,
1598,-16415,-2155,
1702,-16226,-2012,
1753,-16249,-1987,
1770,-16186,-2083,
1837,-16093,-2114,
1861,-15861,-1628,
1782,-16051,-2237,
1788,-16060,-1997,
1617,-16061,-2085,
1740,-16014,-2050,
1761,-16035,-1884,
1724,-16084,-1743,
1702,-16139,-1767,
1781,-16178,-1598,
1646,-16233,-1583,
1756,-16077,-1489,
1862,-16057,-1622,
1951,-16103,-1574,
1838,-16108,-1536,
1933,-16016,-1455,
2032,-16011,-1476,
1922,-16189,-1538,
2059,-16038,-1320,
1986,-16155,-1392,
1968,-16162,-1415,
1964,-15977,-1173,
1957,-16074,-1203,
2003,-16019,-1149,
1932,-16101,-1170,
1881,-16122,-1243,
1950,-16233,-1194,
1811,-16335,-1170,
1853,-16157,-1135,
1877,-16064,-1327,
1857,-16071,-1511,
1864,-16032,-1651,
1851,-16196,-1589,
1750,-16208,-1664,
1745,-16293,-1665,
1864,-16040,-1993,
2077,-15754,-1087,
2219,-15691,-695,
2232,-15940,-493,
2121,-15945,-764,
1858,-16358,-1183,
2111,-15891,-366,
2194,-16087,-941,
2002,-15962,-437,
2196,-15643,-649,
1787,-16191,-427,
1785,-16107,-80,
1909,-16004,-361,
1377,-16366,-597,
1907,-15894,301,
1774,-16016,-316,
1548,-16428,-181,
1563,-16319,424,
1682,-16097,616,
1818,-15948,674,
1857,-15907,740,
1738,-15925,816,
1689,-15903,782,
1705,-16001,687,
1747,-16155,596,
1743,-16212,838,
1656,-16420,767,
1627,-16540,1135,
1589,-16612,1486,
1776,-16420,1357,
1985,-16513,1742,
1803,-16412,1664,
1745,-16385,1411,
1724,-16245,1381,
1707,-16211,1295,
1698,-16220,1436,
1605,-16317,1271,
1653,-16310,1185,
1668,-16236,952,
1664,-16237,710,
1676,-16202,671,
1779,-16083,527,
1754,-16106,350,
1807,-16117,88,
1872,-16028,14,
1872,-16019,-130,
1771,-16062,-270,
1832,-16048,-652,
1801,-16168,-872,
1821,-16097,-823,
1738,-16282,-1441,
1695,-16166,-1207,
1594,-16199,-1248,
1555,-16202,-1183,
1509,-16274,-1192,
1411,-16267,-1041,
1385,-16282,-934,
1251,-16451,-849,
1179,-16494,-666,
1230,-16415,-632,
1297,-16428,-467,
1310,-16400,-316,
1387,-16419,-256,
1291,-16573,-425,
1226,-16746,-419,
1168,-16668,-284,
1190,-16666,-115,
1204,-16729,-139,
1238,-16661,-223,
1301,-16519,-283,
1332,-16541,-330,
1375,-16479,-356,
1354,-16453,-361,
1404,-16422,-481,
1488,-16345,-444,
1426,-16391,-527,
1415,-16374,-511,
1353,-16338,-554,
1493,-16239,-477,
1506,-16204,-481,
1573,-16129,-513,
1539,-16102,-549,
1655,-15947,-569,
1721,-15798,-413,
1834,-15749,-303,
1757,-15868,-494,
1771,-15882,-531,
1705,-15910,-528,
1792,-15875,-380,
1727,-15917,-349,
1778,-16000,-382,
1641,-16108,-749,
1990,-15664,-455,
1783,-15766,13,
2016,-15914,-361,
1718,-16213,-239,
1622,-16052,-594,
1661,-16109,-741,
1691,-16181,-718,
1668,-16195,-633,
1737,-16101,-451,
1685,-16040,-771,
1620,-16165,-739,
1659,-16055,-784,
1553,-16141,-790,
1549,-16115,-1007,
1523,-16215,-1078,
1513,-16137,-1110,
1568,-16007,-1115,
1671,-15974,-1200,
1679,-15956,-1067,
1656,-15997,-1023,
1560,-16007,-1049,
1518,-16065,-1016,
1547,-16139,-996,
1618,-16169,-960,
1564,-16183,-820,
1585,-16189,-732,
1545,-16290,-709,
1569,-16266,-779,
1507,-16251,-738,
1465,-16223,-703,
1464,-16237,-698,
1442,-16274,-708,
1483,-16234,-578,
1482,-16229,-522,
1545,-16093,-517,
1582,-16019,-423,
1599,-16014,-363,
1576,-15973,-387,
1546,-16055,-390,
1503,-16064,-401,
1626,-15998,-346,
1596,-15934,-382,
1671,-15859,-343,
1710,-15757,-261,
1697,-15759,-348,
1691,-15897,-255,
1587,-15980,-368,
1670,-16021,-518,
1650,-16009,-589,
1478,-16135,-619,
1471,-16264,-812,
1475,-16209,-557,
1478,-16160,-671,
1520,-16209,-538,
1423,-16784,-1367,
1440,-16404,-806,
1392,-16432,-231,
1330,-16536,152,
1284,-16556,-168,
1409,-16357,-493,
1469,-16192,-1332,
1600,-16299,-350,
1744,-16512,92,
2077,-16510,-653,
1808,-16469,633,
1658,-16654,351,
1625,-16772,93,
1615,-16713,-723,
1619,-16617,812,
1475,-16821,843,
1283,-16717,986,
1456,-16579,340,
1542,-16954,1812,
609,-22347,-3841,
687,-17757,-3782,
1590,-16235,-1554,
1195,-16439,1582,
1729,-16039,2733,
1554,-16916,1366,
1632,-16867,1582,
1147,-17040,402,
1176,-17344,141,
862,-18018,438,
1469,-17232,2063,
1186,-17161,2905,
1123,-17137,2187,
1387,-17093,2534,
1564,-17320,2398,
1575,-16887,1848,
1307,-17064,2270,
1344,-17077,2320,
1360,-17025,2397,
1750,-16662,2457,
1883,-16288,2400,
1404,-16697,2127,
1582,-16735,2087,
1819,-16262,1902,
1927,-16144,1648,
1825,-16519,1517,
2047,-16299,1342,
2019,-16118,1372,
1829,-16322,1336,
2194,-15918,1059,
1999,-16096,1257,
2025,-15944,1112,
2014,-15895,1211,
2078,-15888,962,
2225,-15739,812,
2301,-15778,757,
2315,-15817,688,
2280,-16056,606,
2149,-15739,-281,
2188,-16008,323,
2092,-15907,47,
2499,-15415,-21,
1950,-16185,74,
2225,-16135,-502,
2024,-16122,-578,
2053,-15979,-441,
2256,-15909,-359,
2309,-16016,-414,
2316,-15913,-615,
2311,-16165,-979,
1585,-16724,-1042,
1849,-16212,-647,
1692,-16140,41,
2473,-15685,7,
2024,-16038,-454,
2082,-15981,-44,
1719,-16755,-399,
1927,-16197,-155,
1922,-16161,-803,
2046,-16313,-413,
1878,-16317,98,
1961,-16224,-292,
1942,-16254,-252,
2039,-16208,-659,
1733,-16496,-234,
1708,-16373,-250,
1838,-16314,-274,
1696,-16412,-194,
1663,-16391,-383,
1595,-16420,-404,
1601,-16394,-600,
1586,-16461,-379,
1551,-16478,-513,
1617,-16444,-568,
1620,-16498,-538,
1574,-16369,-443,
1614,-16337,-367,
1587,-16343,-298,
1417,-16379,-122,
1313,-16343,288,
1352,-16336,446,
1416,-16469,276,
1456,-16386,101,
1486,-16299,-137,
1531,-16416,-347,
1514,-16368,-535,
1462,-16344,-603,
1409,-16372,-613,
1367,-16470,-630,
1223,-16487,-492,
1159,-16595,-526,
1182,-16510,-391,
1201,-16435,-382,
1198,-16435,-326,
1215,-16414,-78,
1171,-16308,-240,
1184,-16270,-221,
1115,-16220,-39,
1227,-16237,-201,
1285,-16280,-36,
1165,-16300,47,
1021,-16237,46,
1132,-15970,99,
1168,-15880,108,
1303,-15749,74,
1208,-15931,121,
1253,-15957,10,
1210,-15900,-214,
1321,-15826,-110,
1320,-15972,-265,
1393,-15940,-142,
1265,-15958,-123,
1174,-16039,-122,
1145,-16066,-103,
1034,-16207,-133,
958,-16291,-1,
1070,-16355,-35,
1116,-16519,34,
1080,-16562,413,
1123,-16432,666,
1034,-16524,846,
971,-16497,1006,
1110,-16291,1197,
984,-16442,774,
1223,-16055,1115,
945,-16413,921,
1187,-16146,907,
1376,-15901,598,
885,-16530,722,
946,-16213,744,
954,-16268,439,
955,-16167,636,
865,-16113,431,
672,-16237,980,
459,-15941,1065,
700,-16128,1040,
841,-16195,967,
1178,-15713,1443,
1371,-16496,1411,
1066,-15891,2025,
660,-16876,3040,
1757,-15419,932,
1244,-15843,2717,
1725,-15594,2328,
1249,-16697,2215,
3708,-19849,3382,
2077,-19225,2512,
-231,-15243,4576,
-1701,-13339,2306,
-248,-14461,2219,
611,-16069,923,
833,-15159,2479,
-4,-14798,3748,
238,-16008,2905,
413,-16264,3087,
541,-16458,2650,
225,-16901,2534,
515,-16511,2079,
386,-16635,2229,
512,-16701,1949,
339,-16852,1801,
679,-16551,1745,
677,-16550,1892,
697,-16431,1767,
797,-16481,1397,
863,-16325,1272,
853,-16322,1514,
808,-16373,1220,
741,-16412,1385,
760,-16579,1207,
695,-16697,1005,
493,-16818,855,
431,-16968,690,
166,-17374,761,
469,-16937,686,
310,-17301,612,
380,-17139,1280,
375,-17594,342,
712,-16853,-221,
-88,-17554,-126,
364,-16547,-1490,
-452,-17237,347,
-11,-16538,-1892,
92,-16337,-1379,
-82,-16264,-1400,
67,-16420,-1678,
156,-16272,-1383,
206,-16328,-1390,
336,-16215,-1245,
343,-16469,-1083,
495,-16216,-868,
428,-16065,-563,
395,-16444,-75,
607,-16282,127,
806,-16202,6,
444,-16502,1360,
770,-15795,-1,
752,-16214,398,
767,-15762,209,
721,-16116,312,
692,-15939,133,
641,-16104,418,
466,-16380,69,
187,-16877,93,
-13,-17054,226,
-181,-17326,-39,
-513,-17658,275,
-419,-17439,277,
-607,-17468,308,
-838,-17565,261,
-718,-17428,437,
-645,-17468,418,
-574,-17247,78,
-707,-17587,190,
-582,-17507,-29,
-560,-17456,-555,
-415,-17138,-225,
-393,-17041,-555,
-322,-17046,-438,
-303,-17063,-483,
-199,-16980,-449,
-278,-17024,-603,
-159,-16708,-201,
-74,-16636,-352,
-24,-16611,-287,
56,-16550,-215,
5,-16558,-137,
-155,-16620,-94,
-45,-16340,209,
-58,-16422,298,
-117,-16325,514,
-247,-16434,561,
-311,-16187,1037,
-437,-15987,1234,
-410,-15898,1776,
-528,-16131,1614,
-674,-16214,930,
-517,-15946,1824,
-634,-15944,1430,
-555,-15897,1385,
-628,-15886,1106,
-509,-15617,1191,
-449,-15715,1499,
-489,-15476,859,
-392,-15516,1635,
-505,-15571,1142,
-505,-15534,991,
-366,-15327,1704,
-322,-15475,1553,
-359,-15555,1698,
-304,-15603,1992,
-328,-15789,1879,
-377,-15813,2027,
-400,-15832,2054,
-507,-15816,2154,
-591,-15974,2175,
-781,-15941,2278,
-815,-15927,1997,
-686,-15806,1663,
-787,-15994,2238,
-844,-15875,1640,
-808,-15967,1563,
-793,-15979,1468,
-711,-15788,1621,
-769,-16012,1570,
-494,-15747,1671,
-472,-15696,1806,
-467,-15725,2010,
-541,-16053,2144,
-432,-16088,2122,
-457,-16264,1980,
-572,-16046,2116,
-539,-16128,2516,
-481,-16214,2015,
-547,-16144,2506,
-649,-16259,2212,
-707,-16353,2053,
-838,-16582,2198,
-808,-16817,1605,
-843,-16896,1977,
-927,-16816,1403,
-947,-16817,1687,
-936,-16781,1267,
-988,-16841,1151,
-943,-16729,895,
-907,-16565,906,
-987,-16506,1254,
-846,-16250,714,
-1030,-16601,965,
-1049,-16442,1243,
-1103,-16767,1146,
-1236,-16399,1371,
-1259,-16204,1479,
-1293,-16027,1534,
-1413,-15796,1825,
-1384,-15625,1744,
-1460,-15547,1545,
-1514,-15368,1445,
-1555,-15341,1198,
-1490,-15363,1027,
-1547,-15423,697,
-1594,-15407,831,
-1656,-15307,352,
-1655,-15519,-4,
-1770,-15414,-66,
-1750,-15312,-196,
-1682,-15091,62,
-1876,-15280,130,
-1943,-15196,278,
-1905,-14832,407,
-2244,-15204,324,
-2332,-15053,504,
-2469,-15314,746,
-2638,-15265,812,
-1825,-18031,-4499,
-2736,-14651,871,
-2657,-15012,717,
-2551,-16226,-433,
-1974,-15440,1262,
-2385,-15013,1895,
-2834,-14925,1744,
-2942,-15667,1947,
-3319,-15805,3145,
-2963,-16382,2060,
-3030,-16444,1562,
-2956,-16476,2020,
-3177,-16547,2163,
-3282,-16665,1733,
-3085,-16951,1908,
-3138,-16804,1454,
-3186,-16867,1509,
-3017,-16979,2063,
-2975,-16661,2259,
-2924,-17171,1818,
-2947,-16882,2615,
-2669,-15885,2287,
-3156,-17218,2613,
-2781,-16338,2577,
-3103,-16016,2360,
-11176,-3702,4266,
-5238,-24401,5339,
-2160,-16316,2278,
-2981,-16282,4577,
-2650,-14906,5393,
-3923,-16088,6281,
-4032,-17201,3294,
-3948,-16381,2816,
-3219,-16529,2713,
-2680,-15889,3618,
-3678,-16360,2794,
-3768,-16567,2690,
-3515,-16617,2892,
-3353,-16622,2326,
-3487,-16813,2106,
-3556,-16949,2458,
-3545,-16733,2712,
-3533,-16690,2860,
-3389,-16384,2404,
-3419,-16381,879,
-3535,-16594,887,
-3488,-16951,1200,
-3504,-16833,1417,
-3796,-17563,2584,
-3803,-16052,2847,
-3494,-16264,1989,
-3530,-16354,3355,
-3783,-15852,2635,
-3682,-15995,3307,
-3642,-15839,3023,
