-3344,-15583,2381,
-3582,-15986,4123,
-3455,-15221,2712,
-3602,-16107,2253,
-2908,-16364,10348,
-3595,-14832,2705,
-4161,-16218,-3706,
-4139,-18751,4802,
-2964,-15392,4850,
-3264,-15308,2751,
-3493,-16253,2410,
-3514,-16608,2714,
-3394,-16038,2796,
-3339,-15878,3276,
-3725,-14597,2718,
-3410,-16123,2372,
-3196,-16013,1738,
-3206,-16329,2998,
-3858,-16642,3261,
-2990,-15546,3416,
-3157,-14913,4366,
-3167,-16274,4050,
-2201,-14564,2814,
-2660,-15247,3787,
-3838,-15794,3893,
-3200,-14840,4028,
-2453,-16584,2728,
-2407,-16713,2811,
-2783,-16689,3285,
-2835,-16201,3502,
-2854,-16310,3761,
-3555,-15835,3031,
-2746,-16044,3517,
-2719,-16145,3323,
-2899,-15913,3553,
-3472,-16042,3123,
-3025,-15620,3276,
-3505,-15528,3007,
-3144,-15696,2940,
-3084,-15553,2846,
-3033,-15822,3328,
-2903,-16053,3443,
-3025,-16147,3654,
-3263,-15872,3657,
-3068,-16162,4124,
-2842,-16541,4197,
-2964,-16950,3765,
-3166,-16673,3570,
-3735,-16213,3053,
-3856,-16306,2600,
-3627,-16648,2854,
-3499,-16494,3234,
-4348,-16245,3116,
-3515,-16184,3725,
-3918,-16380,4049,
-2508,-15465,5025,
-3475,-16113,4707,
-3253,-16366,5347,
-4407,-16318,4862,
-3976,-15690,5315,
-2740,-14945,4990,
-4105,-14998,4827,
-3204,-14809,5375,
-3305,-15186,5385,
-3366,-15424,4946,
-3007,-15545,4897,
-2853,-15777,4323,
-2974,-16407,4842,
-3098,-16649,5867,
-2495,-16613,6588,
-3161,-16007,6600,
-3264,-15626,6952,
-2967,-15252,6687,
-3776,-14718,6419,
-5079,-14837,5774,
-2335,-14359,7180,
-4590,-15136,5752,
-4013,-14080,6278,
-3010,-14306,6438,
-3870,-14773,5933,
-4706,-14076,5336,
-4063,-14548,5840,
-4860,-13924,5013,
-3518,-13443,6194,
-6863,-13981,2692,
-4076,-13698,7166,
-4618,-13110,3728,
-4565,-14873,4178,
-3692,-15125,6161,
-4159,-14778,6910,
-3295,-15176,6862,
-5091,-15218,5122,
-6118,-14951,4932,
-3897,-14150,5478,
-4683,-14531,6168,
-4965,-14099,4573,
-4173,-14782,5870,
-6110,-14424,5013,
-4703,-15260,5386,
-4310,-14311,4477,
-3936,-14861,4181,
-4950,-15280,4003,
-5297,-15611,3407,
-4105,-14851,3628,
-3865,-15301,4174,
-3794,-15117,3752,
-4421,-14870,3015,
-4719,-15205,3186,
-3678,-14988,3180,
-4798,-15449,3304,
-4341,-15830,4201,
-3673,-15398,4133,
-3803,-15322,4378,
-3730,-15073,4213,
-3052,-15501,4697,
-3317,-14487,3043,
-3159,-15124,3235,
-2406,-15773,3531,
-3775,-16009,1855,
-1503,-16008,3876,
-1506,-16452,3006,
-2905,-16676,1975,
-3254,-16397,2101,
-1590,-16730,3306,
-2843,-16711,3850,
237,-16308,4155,
-204,-16522,2715,
-1496,-15842,2211,
-760,-16868,2859,
-1579,-17034,3067,
-1189,-16602,3823,
-2640,-16002,3615,
-1984,-15569,3887,
-1549,-15385,3703,
-1891,-15895,4276,
-1885,-16264,4182,
-1621,-16237,3738,
-1464,-16226,3795,
-1584,-16061,3592,
-1649,-15933,3443,
-1338,-15880,3527,
-1562,-16012,3563,
-1367,-16109,3247,
-1470,-16446,3138,
-2364,-16266,2811,
-1493,-15693,3609,
-1589,-16095,3651,
-1821,-16034,4023,
-1187,-16021,3992,
-1491,-16309,3622,
-1440,-16270,3528,
-1280,-16194,3452,
-1194,-16486,3517,
-1013,-16507,3349,
-943,-16679,3430,
-981,-16664,3419,
-1012,-16586,3398,
-1114,-16412,3498,
-1073,-16330,3449,
-1081,-16328,3438,
-1051,-16097,3361,
-1001,-16000,3439,
-1088,-16216,3380,
-662,-16021,3263,
-1105,-15815,3079,
-999,-15868,3245,
-1,-15411,2374,
-1275,-15951,3004,
-1013,-15771,2872,
-862,-15762,2697,
-1035,-15802,2637,
-894,-15818,2682,
-685,-15812,2677,
-525,-15900,2476,
-268,-16222,2398,
-377,-16405,2278,
-324,-16493,2342,
-359,-16286,2144,
-139,-16033,1966,
-495,-15960,1835,
-39,-16024,1628,
-412,-16055,1855,
-285,-15853,2051,
-813,-16295,2481,
66,-15822,2853,
-772,-16312,2489,
-851,-16745,2926,
-819,-16547,3102,
-615,-16243,3147,
-722,-15932,3064,
-636,-16071,3124,
-629,-16624,3017,
3,-16409,3353,
205,-16530,3120,
-71,-16523,2759,
-378,-16326,2664,
-307,-16459,2628,
-266,-16582,2739,
-249,-16389,2781,
-435,-16026,2827,
-419,-16205,3008,
-496,-15809,3045,
-364,-15967,3285,
-691,-15851,3088,
-758,-15911,3063,
-773,-16181,2663,
-658,-16330,2966,
-651,-16386,3193,
-638,-16228,3292,
-384,-16050,3558,
-428,-16179,3573,
-483,-16092,3552,
-509,-16079,3577,
-483,-16124,3627,
-499,-16041,3481,
-972,-15084,4354,
-589,-16285,3421,
-450,-15669,3357,
-97,-15616,3401,
-533,-15824,3164,
694,-16008,3249,
-771,-16244,2970,
56,-15737,3277,
-755,-16449,3105,
-488,-16259,3269,
-672,-16531,3263,
-312,-16295,3212,
-485,-16679,3161,
-89,-15860,2820,
243,-16091,3044,
202,-16426,3309,
-53,-16633,2941,
304,-16305,2996,
153,-16247,2928,
-360,-16519,2984,
-289,-16356,2810,
-482,-16228,2825,
192,-16057,3561,
-459,-16297,3435,
55,-16143,3508,
-177,-16374,3709,
-21,-16224,3647,
-401,-16240,3137,
-140,-16111,3234,
-378,-16096,3514,
-2113,-14164,2153,
-1057,-16100,3031,
82,-16219,3888,
297,-16122,3948,
158,-16158,4153,
134,-16266,3929,
-983,-16444,4358,
519,-16083,4453,
441,-16187,4259,
704,-16188,5626,
418,-16099,4034,
-323,-15698,4375,
151,-16113,4427,
173,-16086,4075,
-286,-15826,4505,
-312,-15806,4812,
-35,-15737,4733,
-107,-15626,4848,
-2393,-16071,4794,
-127,-15756,4493,
-59,-15637,4499,
92,-15629,4427,
175,-15640,4408,
199,-15770,4569,
405,-15654,4575,
392,-15692,4362,
329,-15744,4160,
280,-15892,4160,
978,-16380,6248,
318,-16073,4516,
282,-15978,4283,
534,-16050,4291,
753,-16077,4424,
634,-15991,4279,
519,-16149,4172,
615,-15940,3994,
576,-15992,3848,
524,-16114,3887,
566,-15925,3806,
646,-15813,3710,
401,-15877,3759,
418,-15791,3661,
438,-15973,3817,
384,-15954,3927,
363,-15853,3878,
422,-15898,4001,
540,-15875,4016,
544,-15803,4087,
643,-15700,3915,
569,-15841,4085,
740,-16052,4089,
609,-16176,4000,
541,-16292,3877,
446,-16259,3827,
388,-16251,4005,
-12926,-23354,4086,
15,-16159,5788,
-629,-16354,4113,
1323,-15493,3497,
-324,-16696,4161,
1256,-15866,4234,
603,-16328,3904,
113,-16368,3275,
1071,-15595,3271,
43,-16241,3826,
552,-15972,3624,
288,-16226,3577,
93,-16250,3252,
-74,-16406,3472,
290,-16302,3535,
5,-16218,2947,
-10,-16078,3083,
-300,-16107,3383,
-110,-15774,3400,
192,-15609,3430,
-165,-16097,3691,
-126,-15860,3589,
-319,-16036,3241,
-359,-16039,3185,
-343,-16012,3207,
-613,-16178,2870,
-409,-16068,2999,
-305,-15888,2996,
-239,-15747,3011,
-231,-15784,3064,
-227,-15770,2949,
-176,-15769,3057,
-95,-15967,3238,
-62,-16012,3303,
-38,-16023,3279,
-27,-15989,3158,
89,-16145,3117,
91,-16160,3184,
19,-16263,3084,
-26,-16287,2759,
30,-16345,2731,
137,-16469,2790,
138,-16395,2710,
160,-16168,2713,
183,-16091,2654,
194,-16051,2473,
130,-16030,2488,
118,-16018,2471,
14,-16035,2572,
171,-16063,2649,
227,-15931,2693,
175,-15949,2697,
10,-15836,2925,
-130,-15818,3058,
123,-15948,3254,
144,-16101,3183,
108,-16078,3334,
267,-15924,3363,
349,-16049,3333,
315,-16197,3031,
376,-16150,2779,
631,-16261,3015,
698,-16406,2955,
636,-16412,2881,
574,-16405,2876,
645,-16319,2761,
583,-16311,2607,
531,-16296,2788,
447,-16131,2770,
508,-16068,2888,
328,-16083,2929,
235,-15839,3054,
379,-15909,3240,
381,-15938,3023,
362,-16046,2988,
462,-15892,3147,
621,-15867,3146,
661,-15947,3013,
606,-15857,2707,
624,-15906,2799,
666,-16022,2541,
589,-16094,2418,
432,-16170,2416,
707,-16137,2174,
679,-16229,2168,
793,-15576,1668,
817,-17904,2536,
649,-16287,2258,
484,-16282,2282,
719,-16185,2112,
797,-16357,2706,
711,-16569,3475,
582,-16401,3069,
903,-16392,3320,
1109,-16479,2917,
1515,-16994,2878,
484,-16217,2605,
388,-16326,2704,
254,-16081,1781,
209,-16259,2422,
264,-16061,2400,
130,-16067,2387,
116,-16064,2560,
446,-15795,2642,
-145,-16242,2448,
-106,-16128,2773,
-241,-16279,2842,
-275,-16253,2913,
-147,-16147,2786,
7,-16223,3066,
-3,-16237,2844,
-38,-15947,2612,
-308,-15996,2488,
-87,-15924,2559,
-79,-15969,2587,
-48,-16069,2678,
-52,-16100,2703,
-77,-16085,2782,
-53,-16083,2827,
-18,-16090,2708,
-158,-16129,2841,
-25,-16045,2900,
32,-16092,2813,
0,-16163,2750,
75,-16253,2781,
61,-16260,2712,
79,-16392,2759,
139,-16288,2595,
200,-16303,2467,
141,-16378,2380,
108,-16423,2251,
308,-16365,2435,
234,-16451,2356,
347,-16355,2375,
277,-16456,2522,
344,-16497,2545,
397,-16420,2718,
373,-16469,2661,
339,-16482,2770,
396,-16413,2742,
353,-16432,2972,
389,-16308,2885,
346,-16432,3086,
366,-16374,3149,
475,-16295,3051,
381,-16302,2902,
466,-16228,2883,
425,-16221,2860,
428,-16246,2826,
459,-16106,2771,
341,-16166,2725,
441,-16128,2789,
379,-16202,2807,
396,-16166,2804,
440,-16135,2858,
441,-16067,2766,
339,-16109,2677,
395,-16128,2568,
391,-16218,2519,
295,-16240,2467,
396,-16214,2512,
420,-16248,2549,
425,-16224,2612,
364,-16148,2655,
348,-16225,2631,
539,-16130,2711,
17,-17557,2277,
498,-16195,2601,
328,-16186,2765,
492,-16144,2523,
533,-16101,2415,
458,-16169,2203,
443,-16052,2592,
429,-16190,2411,
442,-15951,2660,
394,-16027,2263,
468,-16142,2311,
352,-15933,2152,
343,-16098,2506,
671,-14249,6569,
96,-16283,3000,
552,-15991,824,
470,-16521,1628,
573,-16379,2593,
943,-17884,2300,
137,-16504,551,
917,-16873,1226,
1097,-16478,1085,
3705,-16485,-14746,
962,-13582,6384,
499,-16028,4163,
914,-16264,1732,
788,-16885,-173,
958,-16226,3580,
636,-15937,572,
1216,-15286,2086,
894,-15978,1989,
978,-16069,1101,
773,-16320,1123,
868,-16049,1093,
1063,-16010,1925,
1042,-17025,1891,
1066,-15171,2599,
1245,-14381,4365,
1136,-15164,3472,
1130,-15422,3334,
1166,-15889,2582,
1177,-15944,2756,
1024,-15993,1739,
1030,-16045,1530,
1012,-16177,1851,
1086,-16052,1968,
1125,-15718,2708,
1094,-15621,2442,
986,-15973,2229,
947,-16269,2138,
889,-16271,1597,
920,-16187,1400,
963,-15982,1529,
6684,-5296,6879,
-2505,-21871,4276,
-42,-17340,2845,
651,-17937,1704,
823,-15160,2167,
895,-16707,1327,
736,-16473,653,
1046,-16448,2008,
2681,-12115,2462,
261,-16852,-23,
1032,-16314,4007,
842,-16747,2032,
820,-16004,3923,
370,-16941,-643,
843,-16270,2636,
1257,-15428,860,
600,-16408,1478,
564,-16730,908,
1019,-15891,1505,
1031,-15536,703,
-310,-16906,1316,
978,-16649,1512,
885,-16764,442,
820,-16246,-205,
730,-16830,231,
895,-16269,52,
987,-15494,-281,
727,-16187,-467,
1038,-15817,1461,
932,-16546,325,
3035,-11972,3992,
877,-17186,906,
582,-16567,734,
598,-17006,1245,
758,-16477,1979,
1179,-15622,1621,
512,-16339,1523,
751,-15890,1962,
486,-16955,1422,
485,-16492,1300,
611,-16699,1012,
114,-17218,1196,
264,-17651,270,
144,-17574,569,
273,-17481,1030,
233,-17456,1449,
347,-17093,1374,
535,-16555,1584,
653,-16952,1624,
840,-15769,1222,
585,-16595,549,
659,-16267,-327,
741,-16158,-715,
817,-15937,-215,
700,-16097,-1009,
630,-16332,-1102,
621,-16192,-922,
774,-16165,-1058,
800,-15953,-697,
1048,-14975,555,
303,-16468,-1200,
610,-16508,-740,
548,-16301,-53,
778,-16023,663,
634,-16365,166,
917,-15796,1125,
929,-16494,628,
991,-15600,1280,
1073,-15994,-320,
1132,-15544,199,
1302,-15586,-293,
1386,-15348,-927,
1565,-15765,-1204,
1702,-15685,-1495,
1775,-15561,-1885,
1891,-15974,-1285,
1977,-15319,-1253,
1216,-13226,-518,
2044,-15486,-791,
1958,-16210,-721,
2290,-14927,-1327,
2372,-14973,-1256,
2202,-14517,-861,
2311,-14784,-1161,
2574,-14701,-2006,
2442,-15376,-2261,
1763,-15828,-3348,
2806,-15483,-2816,
2639,-14703,-1904,
2551,-15379,-286,
2493,-16290,6,
2439,-15766,-1083,
2600,-15569,-868,
2573,-15624,-596,
2560,-16862,-2243,
2576,-16552,-3358,
2738,-15632,-2804,
2511,-14864,-3765,
2140,-17204,1138,
2502,-16097,-1586,
2010,-18305,-799,
2571,-16099,-702,
2397,-16968,-1906,
2302,-16868,-2812,
2270,-16987,-3477,
2468,-16769,-2926,
2404,-16886,-3500,
2432,-16230,-3467,
2304,-17541,-4342,
2606,-16672,-2924,
2608,-15596,-3203,
2354,-17420,-3796,
2076,-16707,-3333,
1688,-17439,-4408,
2042,-16593,-2922,
1920,-16741,-4356,
1723,-17942,-3272,
1691,-17707,-2352,
1694,-17161,-2867,
1567,-17172,-1386,
728,-18326,588,
1704,-16419,-620,
1351,-17303,-1799,
1424,-17795,-2034,
1725,-17567,-3256,
1591,-18025,-3288,
1279,-18076,-482,
1576,-17231,-1311,
1243,-17869,-421,
1479,-17484,-955,
1669,-16842,-2388,
1830,-16140,-2753,
1915,-15957,-3578,
1967,-15367,-3122,
2002,-14860,-3309,
2017,-15272,-2339,
1875,-15474,-2817,
1888,-15752,-5124,
1948,-15877,-5412,
1917,-15312,-3559,
1856,-15564,-4092,
1934,-16075,-4400,
2022,-15737,-4580,
2151,-15639,-3677,
2120,-15944,-3620,
2278,-15773,-3184,
2398,-15436,-3145,
2209,-15906,-3019,
2240,-15601,-3094,
2266,-15675,-4261,
2289,-15702,-4358,
2302,-15467,-4103,
2362,-15609,-3924,
2427,-15297,-3870,
2363,-15577,-3671,
2407,-15531,-3435,
2412,-15665,-3427,
2313,-15881,-3302,
2393,-16017,-2362,
2507,-15960,-2493,
2489,-16019,-2367,
2419,-16216,-2594,
2498,-16181,-2752,
2616,-15984,-3188,
2554,-16241,-2689,
2474,-16240,-1983,
2457,-16355,-2029,
2318,-16053,-1513,
2340,-16371,-1305,
2434,-15938,-1805,
2532,-15894,-2057,
2356,-15699,-2350,
2433,-16080,-2716,
2464,-15983,-2586,
2246,-16095,-2497,
2435,-15991,-2575,
2105,-16302,-3086,
2329,-16120,-3171,
2154,-16580,-3507,
2027,-16849,-3584,
2120,-16771,-3588,
2071,-16915,-4113,
2327,-16662,-3724,
2282,-16413,-3250,
2225,-16289,-2878,
2244,-16295,-2492,
2260,-16396,-2041,
2462,-16956,-1674,
2059,-16172,-1882,
2258,-16800,-1858,
2230,-16258,-2061,
2157,-16726,-2154,
2096,-16271,-2260,
2054,-16757,-2222,
2147,-16656,-2218,
2230,-16408,-2265,
2004,-16321,-1801,
2057,-16236,-1774,
2024,-16215,-1835,
2052,-16383,-1879,
2004,-16817,-1920,
1930,-16838,-1882,
1858,-16802,-1678,
1910,-16820,-1447,
2034,-16490,-1254,
2051,-16439,-980,
1994,-16570,-757,
2056,-16240,-871,
2087,-16289,-890,
2080,-16215,-1058,
2026,-16356,-1056,
1940,-16576,-1196,
1845,-16894,-1295,
1825,-16918,-1215,
1808,-16975,-914,
1754,-17097,-897,
1704,-17240,-1354,
1690,-17118,-1499,
1765,-17048,-1413,
1744,-17017,-1015,
1822,-16960,-851,
1823,-16868,-850,
1892,-16701,-718,
1906,-16688,-934,
1894,-16660,-1122,
1871,-16747,-1093,
1950,-16750,-1158,
1870,-16735,-1132,
1867,-16837,-879,
1847,-16865,-1066,
1824,-16945,-1135,
1769,-17072,-823,
1704,-17280,-541,
1621,-17431,-530,
1637,-17444,-458,
1588,-17496,-173,
1733,-17511,-318,
1642,-17550,-472,
1646,-17518,-400,
1714,-17254,-547,
1703,-17280,-783,
1640,-17433,-995,
1674,-17351,-1198,
1687,-17274,-1187,
1681,-17157,-1257,
1692,-17076,-1318,
1670,-16906,-1518,
1744,-16759,-1793,
1935,-16504,-1801,
2087,-16361,-1609,
2111,-16394,-1628,
2102,-16454,-1802,
2008,-16744,-1730,
2091,-16790,-1927,
2214,-16435,-1917,
2093,-16882,-1993,
2097,-16822,-1927,
2014,-16946,-1860,
2215,-16478,-1881,
2384,-16475,-1574,
2458,-16356,-1491,
2321,-16511,-1562,
2321,-16563,-1613,
2259,-16909,-1656,
2321,-16683,-1812,
2373,-16611,-1957,
2439,-16575,-2173,
2555,-16446,-2266,
2584,-16106,-2014,
2548,-16377,-1743,
2436,-16301,-1441,
2619,-16175,-1141,
2501,-16406,-943,
2608,-16344,-612,
2639,-16475,-979,
2700,-16228,-1214,
2599,-16371,-1704,
2703,-16321,-1879,
2665,-16304,-1775,
2605,-15988,-1812,
2742,-15876,-1561,
2633,-16005,-1560,
2549,-16114,-1523,
2497,-16140,-2111,
2271,-16187,-2269,
2532,-16241,-1881,
2311,-16340,-2004,
2093,-17029,-1852,
2035,-16911,-1774,
1982,-16896,-1685,
1961,-16974,-1633,
1769,-17521,-2048,
1581,-17762,-1903,
1487,-17973,-1886,
1525,-17694,-1563,
1592,-17716,-1283,
1468,-17715,-1523,
1371,-17589,-1574,
1313,-17676,-1736,
1213,-17934,-1823,
1075,-17982,-1866,
1055,-18066,-1936,
882,-18350,-1623,
763,-18471,-1405,
727,-18451,-1316,
687,-18422,-1067,
620,-18522,-1184,
649,-18366,-1391,
626,-18229,-1558,
719,-17860,-1686,
309,-17254,-2912,
164,-17650,-2671,
-171,-17879,-2322,
-261,-18025,-2337,
-428,-18368,-1798,
-537,-18543,-1297,
-484,-18394,-949,
-616,-18288,-604,
-1271,-18764,856,
-388,-16902,-5499,
-633,-17717,921,
-798,-18132,-457,
-835,-18080,1180,
-1220,-18769,-875,
-1088,-18213,-1665,
-1043,-18235,-461,
-1278,-19030,-925,
-1235,-18350,-702,
-1503,-18744,-314,
-1385,-18383,90,
-1442,-18942,312,
-1724,-19288,681,
-1889,-19077,1079,
-1812,-19342,1113,
-1948,-19589,1341,
-2352,-20040,1569,
-2495,-20688,2075,
-2588,-20405,2458,
-2991,-20964,2936,
-2994,-21087,4039,
-3257,-21301,5058,
-3130,-21125,4895,
-3114,-21097,5714,
-3204,-20547,5455,
-2965,-20291,5434,
-3332,-20867,6385,
-3217,-20619,6181,
-3630,-20473,4937,
-2716,-19835,4527,
-3411,-20073,4941,
-3524,-20815,5062,
-3581,-19227,5947,
-3318,-19971,5654,
-5040,-21488,6428,
-3130,-19769,6243,
-3864,-19060,4311,
-2556,-21473,5324,
-3366,-19475,4223,
-3810,-20385,6896,
-3949,-18820,6358,
-4040,-19418,6777,
-4080,-18812,7756,
-4261,-18733,7292,
-4788,-18405,9707,
-4713,-18602,8570,
-3173,-18375,14677,
-4176,-20682,10891,
-5491,-21722,6133,
-4686,-19505,6005,
-4365,-17672,6242,
-4228,-18118,7702,
-4255,-18190,7656,
-3936,-16960,10292,
-4042,-16621,11510,
-3584,-15672,10388,
-3931,-15496,9718,
-4125,-15395,9437,
-4251,-15370,10089,
-4255,-15158,12006,
-3957,-16664,23232,
-4239,-12610,7230,
-5052,-15337,16813,
-4414,-14260,14413,
-4659,-13472,12728,
-4643,-13835,16022,
-4493,-13977,14462,
-4577,-13029,14044,
-3555,-11894,5434,
-4167,-13746,20983,
-4452,-11474,12030,
-4341,-13474,16137,
-3958,-10012,12870,
-4932,-12360,9619,
-4380,-10638,9276,
-4466,-12162,9786,
-4586,-11363,8970,
-4665,-9669,9343,
-3639,-8228,6641,
-3819,-9705,11055,
-5246,-8023,7730,
-5673,-14109,11834,
-5145,-10128,8477,
-6060,-8758,11824,
-5275,-6430,9185,
-5435,-8977,14054,
-5022,-3781,8868,
-5480,-7945,11633,
-5206,-6280,16283,
-4372,-6507,12353,
-4759,-6494,9523,
-4712,-5562,14104,
-4605,-5446,10329,
-4711,-4682,7011,
-4572,-6235,9079,
-4486,-5628,7295,
-5233,-5010,12798,
-4683,-5990,9268,
-4407,-4308,11818,
-4395,-6590,8011,
-3987,-1561,21261,
-3990,-7674,12725,
-4716,-5359,11908,
-4685,-8119,12927,
-3769,-5114,12351,
-3393,-7026,9662,
-3309,-6053,10668,
-3819,-5085,13844,
-4062,-5587,15784,
-3650,-3928,15536,
-3119,-2630,16441,
-3240,-1799,16155,
-2964,-1689,15812,
-2601,-1175,14676,
-2769,-1530,14624,
-3232,-2088,14493,
-2655,-1936,15416,
-2546,-1218,13741,
-2989,-2575,13822,
-2871,-2214,14032,
-3010,-2895,13296,
-1860,-1201,12804,
-2668,-293,12940,
-2535,-2367,12924,
-2495,226,10532,
-612,1372,8576,
-2473,923,9406,
-2542,-1313,13531,
-2674,-132,11643,
-2240,921,10979,
-2353,-27,13320,
-2267,-27,12968,
-2426,286,13311,
-1390,1776,12687,
-2003,2322,11504,
-1586,2817,13142,
-1799,3002,13047,
-1850,3219,14297,
-1528,4472,14380,
-1628,4504,14821,
-1482,4681,14295,
-1324,5628,13220,
-1275,5698,13308,
-1327,4977,12672,
-1595,3922,12222,
-1550,3724,11439,
-1418,3688,11235,
-2148,4312,10728,
-1377,4063,11724,
-1418,4405,11733,
-1269,4915,11842,
-1331,5058,12248,
-1186,5515,11732,
-1152,5546,12135,
-1291,5096,12715,
-1286,5957,12610,
-1421,4943,13031,
-1339,6888,12756,
-1012,5336,13124,
-483,6887,11919,
-1112,7164,11443,
-1590,4554,15467,
-838,9478,13400,
-739,5271,13748,
-364,11057,10442,
-631,9704,12164,
-538,10334,12853,
-371,9620,15249,
-1167,7771,13289,
-789,7817,12764,
-789,8072,10752,
-620,7399,10405,
-879,7033,9805,
-765,7555,11673,
-735,7863,12551,
-250,8344,11416,
-677,7468,9783,
-1172,6764,9859,
-1200,7302,12274,
-884,7656,13567,
-810,8126,11586,
-1633,8435,12877,
-758,7383,13047,
-702,7383,12002,
-729,8732,10794,
-485,8692,11517,
-664,8545,10498,
-529,8946,11201,
-624,8444,10710,
-740,9263,12035,
-668,8767,11736,
-1501,9174,9996,
-343,10161,9922,
-666,9124,10214,
-847,8461,10182,
-1104,8650,11148,
-843,8528,11335,
-720,8981,12334,
-574,9322,11447,
-774,8759,11569,
-514,9255,10827,
-501,9153,11278,
-1003,7805,12289,
-1090,8606,10320,
-982,8651,11184,
-834,9071,11593,
-650,8758,10469,
-399,9015,11327,
-460,8986,12451,
-581,8968,12245,
-372,9539,12118,
-418,9410,12664,
-501,9425,12608,
-681,9190,13215,
-611,9237,13545,
-375,8963,11864,
-611,10297,11818,
-567,9393,15225,
-331,10184,14772,
-377,10358,13617,
-83,10376,12849,
21,10283,13656,
-254,10195,12361,
-443,9305,13844,
-570,8862,12670,
-466,9104,12721,
-661,8785,12801,
-243,9863,13227,
-383,9571,12680,
-463,10120,13821,
-26,9682,13494,
-803,10607,12507,
-62,11161,13750,
-206,10176,13721,
-659,9901,12239,
-280,9045,14183,
-642,9545,14067,
-657,9195,13682,
-557,9336,14721,
-822,9075,12759,
-1221,8846,13698,
-636,8926,12830,
-756,9185,13410,
-860,9233,12394,
-748,9457,13454,
-775,9037,13924,
482,11908,12806,
-966,7020,13302,
-759,9845,12733,
-338,9879,12095,
-644,9056,11612,
-1350,7322,13019,
-556,9512,11038,
-242,10085,12366,
-209,10944,13158,
-126,10061,13391,
-376,9888,12898,
-172,10398,12860,
-475,9569,14039,
-182,9783,13449,
-369,9637,13150,
-467,8980,13577,
-815,7478,14084,
-1019,7792,15424,
-475,7855,15944,
-624,8213,14075,
-986,8041,14835,
-370,9373,14386,
-369,9475,13466,
-286,9828,13312,
-333,9139,13986,
-396,8973,13919,
-572,8372,13917,
-825,7906,14449,
-976,7969,14749,
-977,8112,14546,
-901,8320,14365,
-918,8549,14158,
-863,8440,14289,
-825,8652,14484,
-774,8941,14766,
-731,9298,15152,
-616,9708,15292,
-741,9577,15697,
-464,9634,15346,
-571,9565,14502,
-626,9234,14420,
-590,9188,13630,
-767,8602,13099,
-953,8041,13074,
-1036,7772,13605,
-1090,7820,13298,
-1095,7559,13177,
-1152,7234,13247,
-1168,7122,13344,
-1227,7287,13139,
-1286,7257,13945,
-1185,7585,14421,
-1214,7968,14299,
-1273,8007,14140,
-1360,7866,14218,
-1436,7838,14401,
-1432,7769,13986,
-1443,7768,13939,
-1522,7953,14050,
-1399,8280,13707,
-1298,8559,13438,
-1239,8619,13591,
-1478,7584,12205,
-1471,8078,12657,
-1353,8081,13669,
-1412,7832,13076,
-1376,8162,14005,
-1368,7974,15448,
-1469,7544,14563,
-1396,7527,13504,
-1395,7370,13799,
-1416,7616,14031,
-1350,7639,13952,
-1595,7434,14926,
-1452,7774,15024,
-1469,7524,14711,
-1432,7729,14023,
-1401,7781,13955,
-1415,8007,13857,
-1315,8074,14185,
-1268,8101,13965,
-1236,8081,14041,
-1346,7705,14471,
-1253,8116,13701,
-1285,7361,14227,
-1260,7086,14597,
-1286,6889,14568,
-1258,7144,14968,
-1266,7430,14986,
-1332,7828,17461,
-1342,7316,18724,
-1309,6319,14777,
-1597,6468,12370,
-1470,7013,16312,
-1609,7415,14157,
-1653,7698,13278,
-1485,8053,13950,
-1210,8668,14529,
-1191,8536,14480,
-1251,8606,14347,
-1225,8456,14213,
-1229,8392,14059,
-1155,8189,13862,
-1412,8214,13932,
-1235,8178,14300,
-1349,8053,14059,
-1231,8209,14610,
-1182,8092,14922,
-1287,8603,15128,
-1264,8411,14521,
-1310,8132,14512,
-1425,7554,14772,
-1632,7427,14133,
-1684,6743,13541,
-1755,6596,13611,
-1806,6659,13711,
-1929,6531,14131,
-1987,6429,14370,
-1995,6360,14313,
-1921,6389,14576,
-1798,6820,14890,
-1868,6741,15106,
-1735,6753,15178,
-1769,6785,15077,
-1923,6521,15264,
-1722,6867,14988,
-1764,7229,15166,
-1766,7441,15378,
-1703,7009,15018,
-1683,7304,15460,
-1624,7265,15497,
-1749,7136,15205,
-1769,6935,15575,
-1685,7374,15059,
-1643,7177,15056,
-1676,7035,14857,
-1684,6992,14372,
-1779,6815,14536,
-1819,6805,14921,
-1530,7505,15237,
-1382,7580,15424,
-1461,7411,15614,
-1652,6958,15592,
-1505,7531,14803,
-1861,7235,16352,
-1573,7142,16197,
-2239,5978,15866,
-1879,6802,15112,
-1941,6940,18979,
-1747,6651,16109,
-2075,6043,14817,
-2141,5881,10926,
-1868,7422,12221,
-1901,6602,14495,
-1681,7807,15296,
-1627,7831,13881,
-1554,7852,14322,
-1676,7666,14468,
-1701,7935,13920,
-1650,7763,13408,
-1615,7755,13210,
-1708,7420,13745,
-1763,7402,14155,
-1800,7475,13949,
-1728,7653,14226,
-1720,7502,13936,
-1808,7143,13623,
-1841,6982,14213,
-1815,7136,14429,
-1824,7221,14745,
-1844,7305,14566,
-1929,6722,13595,
-1959,6607,14352,
-1848,6541,14909,
-1935,6684,15127,
-1805,6916,15495,
-1745,7230,14926,
-1682,7346,14847,
-1677,7297,14801,
-1665,7522,14498,
-1732,7213,14713,
-1731,7195,14595,
-1723,7175,14812,
-1720,7141,14886,
-1800,6801,14997,
-1883,6458,14578,
-1857,6570,14000,
-1862,6582,14088,
-1909,6566,14238,
-1870,6816,14007,
-1811,7038,14201,
-1795,7193,14324,
-1769,7334,14173,
-1775,7335,14385,
-1669,7747,14483,
-1709,7666,14354,
-1630,7733,14557,
-1597,7496,14470,
-1650,7166,14577,
-1615,7361,14604,
-1659,7177,14408,
-1710,7206,14553,
-1700,7304,14574,
-1614,7382,14430,
-1695,7387,14637,
-1627,7637,14631,
-1679,7495,14246,
-1638,7531,14242,
-1609,7356,14063,
-1566,7530,14135,
-1563,7622,14197,
-1537,8103,14146,
-1529,8004,14297,
-1581,7677,14143,
-1600,7475,13800,
-1703,7519,14231,
-1627,7704,14179,
-1676,7459,14247,
-1724,7332,14367,
-1813,7203,14293,
-1746,7361,14180,
-1809,7432,14327,
-1691,7638,14069,
-1767,7500,13947,
-1793,7091,14281,
-1772,7068,14356,
-1802,6954,14520,
-1853,6937,14649,
-1914,6681,14518,
-1907,6831,14374,
-1917,6974,14688,
-1852,6869,14650,
-1909,6823,15041,
-1936,6706,15020,
-1881,6805,14982,
-1830,7044,14704,
-2025,6957,14430,
-1962,6798,15209,
-1944,6894,15026,
-1945,6646,14763,
-1976,6680,14782,
-1990,6625,14556,
-1965,6789,14423,
-1932,6799,14546,
-1898,6843,14809,
-1886,6743,14813,
-1923,6829,14906,
-1893,6880,15002,
-1862,7060,15123,
-1885,7123,15159,
-1939,7017,15050,
-1900,6918,14839,
-1939,6971,14608,
-1958,6992,14636,
-1940,6973,14662,
-1858,7310,14821,
-1828,7383,15006,
-1809,7371,15093,
-1764,7408,14928,
-1669,7702,14907,
-1679,7647,14917,
-1874,7380,15109,
-2169,7262,14662,
-2249,6735,14389,
-2202,6651,14678,
-2068,6716,14864,
-2314,6649,14391,
-2178,6716,14484,
-2117,6885,14713,
-2078,6998,14629,
-2156,6921,14496,
-2058,6830,14471,
-2040,7123,14818,
-2013,6936,15057,
-1852,7477,15008,
-1821,7319,15291,
-1670,7637,14459,
-1644,7484,14980,
-1668,7370,14926,
-1377,7492,15148,
-1489,7494,14023,
-1545,7114,14225,
-1569,7251,14577,
-1491,7299,14313,
-1344,7745,14697,
-1347,7698,15174,
-1405,7398,14917,
-1414,7291,14427,
-1525,6874,14399,
-1547,6691,14529,
-1651,6255,14592,
-1681,6246,14274,
-1752,6403,14715,
-1768,6694,15178,
-1661,7019,15205,
-1650,6927,15082,
-1684,6915,14875,
-1576,7335,15123,
-1528,7530,15174,
-1534,7398,15189,
-1516,7219,15302,
-1600,6952,14914,
-1664,6634,14630,
-1723,6374,14319,
-1880,6309,13978,
-1863,6507,13815,
-1941,6449,13856,
-1886,6532,14233,
-1924,6485,14333,
-1913,6700,14098,
-1891,6688,14507,
-1814,6961,14707,
-1565,7286,14884,
-1549,7436,15036,
-1544,7275,13932,
-1461,7327,14474,
-1571,7265,13959,
-1411,7326,14562,
-1451,7207,14657,
-1572,7094,13976,
-1637,7039,14158,
-1509,6807,15133,
-1817,6315,13770,
-1682,6284,14633,
-1607,5930,14907,
-1539,6437,15152,
-1475,6115,15835,
-1516,6252,15347,
-1570,6281,15250,
-1374,6323,14649,
-1240,5769,14410,
-1525,6020,14272,
-1631,4901,15810,
-1567,5235,16345,
-1637,5079,15890,
-1644,5293,15878,
-1601,5195,16209,
-1706,5079,16124,
-1663,4900,16007,
-1613,5218,15764,
-1526,5234,16183,
-1480,5392,15885,
-1487,5481,16106,
-1624,5285,15709,
-1663,4750,15453,
-1738,5017,15832,
-1807,4923,16488,
-1934,4588,15432,
-1833,4789,15203,
-1854,4598,15738,
-2047,4560,15636,
-2047,4793,15575,
-1942,4489,15250,
-1967,4634,15407,
-2135,4489,15266,
-1897,4605,15046,
-1894,4580,15249,
-1851,4531,15296,
-1833,4339,15449,
-1669,4789,15545,
-1630,4890,15576,
-1588,4806,15565,
-1530,4785,15201,
-1437,5116,15849,
-1573,4998,16096,
-1414,4924,16296,
-1515,4837,16035,
-1512,4894,15593,
-1407,5006,15700,
-1441,4975,15732,
-1510,4880,15578,
-1383,4995,16027,
-1422,4997,15788,
-1386,4985,15892,
-1355,4929,15385,
-1323,4818,15372,
-1270,4738,15443,
-1338,4594,15633,
-1168,4888,15623,
-1249,4478,16177,
-1324,4552,15851,
-1299,4592,15633,
-1354,4619,15554,
-1408,4553,15535,
-1406,4544,15588,
-1460,4283,15755,
-1556,4181,15916,
-1531,4257,16153,
-1515,4211,16066,
-1635,4037,16052,
-1556,4269,15761,
-1568,4066,15903,
-1580,3980,15856,
-1694,3939,15510,
-1613,4021,15843,
-1627,4237,15829,
-1590,4381,15804,
-1485,4562,16294,
-1576,4423,16149,
-1679,4486,15918,
-1626,4329,16216,
-1607,4398,15793,
-1702,4148,15736,
-1718,4095,15418,
-1726,4179,15564,
-1652,4079,15819,
-1724,4049,16197,
-1623,4219,16519,
-1575,4419,16434,
-1531,4442,16326,
-1536,4604,16313,
-1425,4887,16267,
-1498,4724,16255,
-1543,4390,16033,
-1704,4272,15572,
-1656,4319,15406,
-1698,4432,15316,
-1741,4302,15129,
-1732,4338,15015,
-1785,4374,15211,
-1777,4404,15381,
-1692,4533,15412,
-1688,4602,15573,
-1630,4735,15764,
-1611,4929,15863,
-1566,4931,15787,
-1567,4804,15811,
-1568,4780,15782,
-1588,4924,15756,
-1655,4766,15487,
-1664,4581,15471,
-1650,4535,15390,
-1627,4671,15366,
-1656,4590,15309,
-1803,4578,15109,
-1805,4495,14957,
-1775,4655,14862,
-1770,4867,14982,
-1713,4892,15243,
-1756,4670,15468,
-1695,4876,15378,
-1704,4770,15392,
-1746,4835,15434,
-1729,4705,15684,
-1714,5032,15941,
-1701,5086,16213,
-1854,4336,16049,
-1766,4876,15753,
-1778,4783,15655,
-1842,4846,15248,
-1789,4712,15286,
-1884,4723,15614,
-1885,4371,15668,
-1961,4233,15185,
-1882,4364,15047,
-1910,4330,15416,
-1973,4107,15263,
-1923,4062,15340,
-1886,4364,15839,
-1861,4498,16196,
-1847,4557,16477,
-1817,4738,16253,
-1836,4763,15521,
-1806,4895,15304,
-1837,4630,14912,
-1912,4588,14486,
-2074,4391,14670,
-2164,4310,15040,
-2012,4596,15116,
-1926,4826,15521,
-1737,5061,15687,
-1742,5133,15673,
-1541,5627,15778,
-1700,5234,15546,
-1614,5146,15232,
-1469,5182,15013,
-1449,5303,15690,
-1493,5027,15507,
-1672,4812,15270,
-1721,4688,14670,
-1768,4487,14851,
-1733,4497,14615,
-1808,4369,15152,
-1730,4669,15549,
-1623,4965,15919,
-1501,4957,15798,
-1448,5006,15649,
-1474,5112,16458,
-1415,5244,15874,
-1319,5091,16511,
-1100,5369,16395,
-1370,5066,16712,
-1224,5539,15477,
-1115,5673,15114,
-1234,5086,15365,
-1587,4888,15312,
-1383,5112,15426,
-1097,5362,15284,
-1880,2368,15666,
-1866,4687,15996,
-1694,4729,17063,
-1715,4892,16429,
-1742,5355,16041,
-1386,6135,17465,
-1420,7306,16433,
-1300,7316,15694,
-1195,7583,17396,
-1242,7202,19023,
-1626,7057,17887,
-1273,7179,17327,
-2174,5120,15225,
-2015,5311,14496,
-2233,5148,13949,
-2443,5192,15272,
-2495,4187,15106,
-1945,5344,15848,
240,10168,17244,
19504,32764,32734,
-14970,-32764,10567,
-3750,13182,-1480,
-2396,-938,-1463,
-2608,5157,21162,
-3041,5361,18049,
-2968,1978,9653,
-3141,3047,17383,
-2738,4520,16630,
-2719,5356,18344,
-3176,4174,11787,
-2879,4833,15086,
-2681,4926,19263,
-2579,6125,13903,
-2717,5827,13482,
-2581,5329,17570,
-2522,8462,20862,
-2421,4034,9397,
-2344,7136,13041,
-2547,6110,22619,
-2190,8821,20396,
-2431,7411,12891,
-2412,6791,16178,
-2276,7309,16008,
-2568,6777,13044,
-2490,5839,14121,
-2894,5599,14476,
-3091,5139,15809,
-3033,5812,11795,
-2745,4372,14307,
-2531,5327,13260,
-2388,4902,15278,
-2042,4831,14636,
-2385,5572,14185,
-2233,4483,12213,
-2208,5149,13018,
-2059,5609,15450,
-2161,4905,14460,
-2309,4035,14230,
-1956,4611,15734,
-2021,4306,14795,
-1943,4657,15346,
-1486,5386,15960,
-1953,3897,15924,
-1691,4965,16055,
-1490,4932,17074,
-1664,2886,14826,
-358,6519,15277,
-3850,-863,15941,
-156,7320,13137,
698,9691,14078,
-512,4639,16112,
-822,4961,18402,
-612,4915,16969,
-716,4464,17159,
-929,4459,16792,
-892,4197,17032,
-928,4013,16882,
-1038,3737,16486,
-1131,3036,16365,
-761,2738,16142,
-933,3438,16213,
-838,3591,16098,
-440,3818,15160,
-442,4676,15331,
-455,4308,16712,
-458,4574,17132,
-323,4822,16747,
-413,4458,16048,
-532,3984,15992,
-257,3992,16269,
-510,5162,15775,
-445,4372,16508,
-324,4331,16899,
-357,4829,16507,
-248,4126,16398,
-563,3896,16400,
-258,4803,16194,
16,5284,16299,
250,5806,16607,
-3,5564,17078,
-156,5370,16887,
-168,5548,16798,
-534,4807,15399,
-483,4581,14973,
-645,4516,15110,
-891,3751,15148,
-1480,651,14717,
-978,4853,15320,
-995,3606,15887,
-1035,4417,17184,
-1248,4338,16608,
-1114,4194,15258,
-1308,4174,15411,
-1227,4745,16424,
-759,6045,17725,
-879,6005,15850,
-859,5709,15386,
-944,5602,15689,
-941,5548,15477,
-962,5420,14787,
-1162,5127,15822,
-1186,4984,15472,
-1306,5049,15577,
-1470,4747,15605,
-1599,4093,14608,
-1306,4723,15601,
-1405,4570,16524,
-1461,4961,16234,
-1458,5616,16454,
-1228,5819,16865,
1000,9888,17544,
-1430,5475,15029,
-1223,6139,15401,
-1188,5810,14042,
-1139,6421,15452,
-1352,6043,15167,
-891,6281,14950,
-1072,5941,15482,
-1034,5989,15794,
-1408,5031,15131,
-1491,5389,13466,
-1933,5476,14903,
-1773,5555,14688,
-1390,6678,15627,
-1625,6289,15615,
-356,10046,16740,
-678,11101,14951,
-6144,23456,9682,
-7217,-19384,24325,
-1738,11062,936,
-1696,4930,18895,
-1944,8901,13964,
-2119,7125,11126,
-2103,5091,15403,
-1875,6629,16286,
-1919,6595,15735,
-2519,4898,12349,
-2493,4459,12237,
-2734,4459,12213,
-2506,4982,13720,
-2728,4790,15127,
-2662,5219,15500,
-2629,5939,15087,
-2556,5900,15496,
-2419,5594,16400,
-2344,6475,16311,
-2281,6317,17765,
-2161,6473,16320,
-1835,6803,16235,
-2082,6562,16122,
-2296,5852,17204,
-2512,5190,13927,
-2499,5547,14000,
-2442,5760,14390,
-2275,5994,14430,
-2311,6303,15267,
-2294,6049,15381,
-2288,6204,16245,
-2377,5888,15936,
-2359,5968,15250,
-2401,5700,15428,
-2484,5643,14770,
-2612,5314,14567,
-2725,5380,14168,
-2746,5367,14391,
-2756,5267,14357,
-2876,5201,13640,
-2789,5725,13576,
-2685,5954,14584,
-2795,5783,14853,
-2521,6395,15211,
-2481,6130,15747,
-2286,6557,15479,
-2226,7115,15825,
-2342,6417,15460,
-2106,6933,16106,
-2259,6302,14929,
-2147,6718,15393,
-2128,6501,15410,
-2200,6176,14616,
-2283,5749,14306,
-2288,5827,14682,
-2288,5741,14796,
-2289,5610,14498,
-2310,5850,14513,
-2230,5892,14709,
-2145,6026,14990,
-2124,5853,14925,
-1973,6467,14898,
-1969,6354,15540,
-1819,6892,15791,
-1900,6378,15296,
-1860,6586,14796,
-1889,6480,14990,
-1900,6592,14658,
-1872,6567,14537,
-1950,6514,14661,
-1967,6555,14662,
-1954,6553,14728,
-1992,6539,14741,
-2064,6494,14771,
-2132,6752,14743,
-2090,6646,14993,
-2156,6368,15014,
-2268,6211,14352,
-2250,6066,13985,
-2297,6204,14366,
-2365,6065,14503,
-2352,6304,14648,
-2321,6191,14875,
-2360,6224,14935,
-2286,6388,15004,
-2322,6288,14995,
-2393,6171,15125,
-2377,6202,15301,
-2394,6120,15328,
-2452,6004,15085,
-2522,6187,14961,
-2506,6114,15167,
-2530,6088,15119,
-2570,6215,15102,
-2555,6523,15248,
-2501,6593,15460,
-2509,6462,15158,
-2494,6355,15041,
-2594,6353,14840,
-2564,6134,14831,
-2709,5865,14355,
-2752,5862,14370,
-2734,5809,14696,
-2751,5798,14442,
-2707,5951,14648,
-2687,5978,14994,
-2761,5983,14962,
-2707,5924,14981,
-2722,5876,15100,
-2708,5993,15229,
-2641,5958,15199,
-2629,6073,14553,
-2623,6099,14972,
-2669,6108,14743,
-2601,6067,14603,
-2566,6002,14238,
-2543,6037,14350,
-2491,6172,14439,
-2441,6076,14459,
-2413,5966,14503,
-2474,5896,14621,
-2392,6253,14958,
-2352,6255,15148,
-2154,6198,15367,
-2392,6168,14590,
-2323,6001,14784,
-2287,5919,14673,
-2331,5786,14612,
-2315,5767,14669,
-2300,5765,14614,
-2270,5680,14378,
-2221,5687,13912,
-2197,5553,14219,
-2238,5593,14470,
-2153,5800,14766,
-1989,6053,15083,
-2000,6429,15212,
-1953,6265,15117,
-1894,6419,14851,
-1706,6730,16134,
-1714,6558,15805,
-1474,7156,15740,
-1464,7268,15864,
-1515,6985,16028,
-1493,6951,15945,
-1471,6731,16064,
-1483,6593,15958,
-1512,6492,16009,
-1537,6323,15778,
-1493,6494,15751,
-1349,6555,15793,
-1392,6386,15319,
-1411,6238,14987,
-1462,6147,15077,
-1519,6110,15189,
-1429,6147,15279,
-1505,6340,15376,
-1446,6161,15302,
-1452,6141,15260,
-1362,6309,15193,
-1324,6550,15362,
-1293,6598,15484,
-1313,6650,15467,
-1225,6582,15324,
-1335,6451,15122,
-1296,6539,15054,
-1236,6634,15039,
-1253,6567,14925,
-1243,6473,14618,
-1282,6336,14674,
-1295,6255,14660,
-1259,6054,14661,
-1283,6056,14817,
-1265,6081,15185,
-1274,6001,14697,
-1226,6029,14541,
-1213,6162,14833,
-1173,6295,15034,
-1175,6175,15167,
-1223,6078,14992,
-1256,6020,14879,
-1316,5985,14855,
-1293,6041,14857,
-1343,5979,14937,
-1291,6069,15017,
-427,4447,22189,
-2194,8302,8366,
46,5269,14734,
-1604,2454,21411,
3361,13106,9989,
-2932,4686,12669,
-754,6496,12547,
-1768,3506,18396,
-1385,7017,14266,
-1426,8526,13412,
-2071,3409,20066,
-1557,7091,16734,
-2142,5593,16345,
-1925,5780,17814,
-2720,4262,14215,
-3772,-1042,3341,
-1840,8978,12520,
-2677,5582,5433,
-1921,8206,12228,
-2875,4923,9978,
-2836,4133,12153,
-1462,7727,18535,
-1857,5854,19444,
-1980,6552,16841,
-1758,7152,19120,
-1352,8245,22712,
-1851,7011,14120,
-1812,5317,15102,
-1837,5586,15613,
-1942,6852,14428,
-1751,4931,16042,
-1703,5341,14890,
4447,13528,13453,
-2257,2298,19138,
-583,7951,16287,
-1000,5833,13813,
-1076,10146,14353,
-1637,5625,19144,
-1587,5190,14638,
-2238,1344,16451,
-1645,8364,15553,
-1421,6395,14016,
-2000,3778,16867,
-1527,5669,17295,
-1449,6989,15739,
-1411,6421,16285,
-1616,6188,15209,
-1570,6155,14749,
-1577,6592,15248,
-1576,6386,15363,
-1479,6243,14251,
-1610,5746,16151,
-1607,5658,15854,
-1659,5384,15878,
-1468,6450,16185,
-1702,5650,16220,
-1678,4970,16396,
-1495,6268,16019,
-1885,4894,16240,
-1847,4985,15893,
-1895,5109,16020,
-1706,5306,15970,
-1584,6414,15624,
-1430,6231,15246,
-1503,5838,15840,
-1502,6104,15116,
-1533,6084,15680,
-1363,6280,15487,
-1260,6410,14972,
-1086,6335,14803,
-1244,5568,15232,
-1336,6460,14429,
-1328,6173,14429,
-1318,5854,14497,
-1294,6310,14572,
-1257,6353,14767,
