-246,6627,14293,
-191,6946,14708,
-168,6725,14257,
-199,6190,15017,
-91,5810,15435,
-48,5874,15592,
-139,6711,15707,
-128,7219,15758,
377,7918,15488,
-431,6068,14709,
-53,6306,14866,
-179,6459,14830,
-31,6028,14813,
115,5987,14646,
-52,5576,14902,
-74,5151,15097,
-604,4953,15135,
-783,6090,14546,
-867,5735,15389,
-586,6461,16327,
-1106,5821,15627,
-1067,5562,15870,
-615,5559,15734,
-574,5678,15880,
-330,6515,15653,
-893,6034,15398,
-371,6510,15888,
-1052,6714,16200,
-529,7226,15562,
-657,6719,15718,
-541,6921,15675,
-641,6992,14632,
-556,6856,14838,
-910,6557,15339,
-1166,6821,15861,
-791,7599,14696,
-587,7671,14269,
-902,7112,15377,
-1329,5760,15800,
924,6888,16367,
-1264,5349,16269,
55,5600,16356,
-3676,4102,14529,
-2332,4980,14847,
-1632,5524,14437,
-1568,4742,14502,
-980,5694,15312,
-872,4558,15836,
-1356,4746,14579,
-1159,5210,16125,
-1022,5030,17071,
-1465,4531,15749,
-901,4445,17615,
-1504,4624,15974,
-1357,4511,16069,
-1305,3857,15882,
-1254,4073,15927,
-1098,4314,15659,
-1002,3980,15670,
-870,3794,15591,
-597,4226,15342,
-935,4502,14895,
-610,4065,15375,
-379,3942,15606,
-688,3637,15536,
-733,3827,15844,
-1008,3802,16148,
-802,4166,16169,
-651,4238,16534,
-812,4275,16496,
-900,4334,16523,
-989,4420,16386,
-1127,4529,15902,
-1231,4639,15911,
-1222,5241,15603,
-1145,5158,15171,
-961,5118,15170,
-1028,4790,15201,
-1160,4613,14928,
-850,4354,14851,
-870,4349,15173,
-800,4434,15425,
-546,4557,15327,
-559,4544,15607,
-589,4486,15539,
-474,4292,15551,
-372,4188,15690,
-398,4172,15620,
-401,4221,15750,
-341,4262,15873,
-412,4408,16064,
-311,4734,16005,
-508,4549,15861,
-619,4823,15996,
-561,4924,15887,
-519,4906,15951,
-443,4845,15924,
-408,4567,15797,
-577,4594,15580,
-408,4572,15443,
-330,4750,15578,
-305,4794,15480,
-198,4452,15367,
53,4114,15544,
1,4113,15213,
5,4029,15325,
130,3908,15352,
50,4030,15565,
146,3938,15702,
220,4104,15731,
68,4045,15553,
222,3979,15710,
190,3988,15751,
269,4017,15618,
280,4012,15568,
28,4184,15442,
-87,4396,15455,
-21,4612,15366,
-21,4856,15537,
-50,4843,15591,
-5,4860,15752,
-41,5042,15751,
-123,5029,15733,
-151,5012,15671,
-83,5226,15423,
-92,5132,15535,
-126,4964,15515,
11,4876,15542,
-33,4880,15569,
-149,5049,15573,
-282,5043,15495,
-107,5088,15636,
-150,5050,15493,
-250,4874,15451,
-327,4954,15346,
-174,5026,15385,
-218,5226,15361,
-274,5063,15345,
-318,5257,15165,
-281,5168,14936,
-336,5704,15012,
-148,5919,14943,
-180,5828,15045,
-177,5524,15223,
-115,5178,15630,
-96,5232,15712,
-145,5267,15847,
-364,5217,15690,
-523,5093,15653,
-559,5075,15592,
-565,5120,15527,
-490,4984,15608,
-322,4880,15598,
-281,4683,15783,
-292,4629,15702,
-200,4709,15717,
-167,5024,15926,
-134,4921,15923,
-118,4873,16070,
-105,4857,16084,
-187,4767,16018,
-270,4876,15893,
-477,4839,15604,
-412,4913,15650,
-391,4881,15640,
-454,4840,15472,
-487,4856,15507,
-426,5064,15649,
-406,5341,15609,
-366,5715,15465,
-382,5374,15417,
-183,5179,15560,
-260,5121,15697,
-224,5291,15544,
-344,5268,15359,
-376,5226,15237,
-387,5221,15077,
-329,5306,15172,
-373,5346,15185,
-424,5243,15304,
-259,5303,15394,
-200,5495,15543,
-289,5467,15547,
-245,5487,15684,
-363,5381,15665,
-328,5005,15609,
-560,5539,15494,
-479,5455,15434,
-447,5482,15321,
-433,5396,15408,
-485,5367,15420,
-544,5377,15393,
-581,5792,15485,
-606,5820,15487,
-595,5663,15691,
-487,5770,15533,
-418,5922,15573,
-395,5801,15436,
-421,5565,15353,
-415,5753,15127,
-342,5660,15083,
-310,5430,15057,
-182,5178,15219,
-158,5127,15335,
-229,5163,15422,
-330,5181,15502,
-271,5136,15648,
-352,4922,15689,
-322,4871,15712,
-423,5092,15791,
-445,5033,15791,
-440,5078,15810,
-335,4897,15963,
-308,4939,15892,
-267,5135,15877,
-286,5302,15860,
-319,5223,15823,
-145,5011,16116,
-46,5209,16355,
25,5070,16748,
67,4670,17122,
18,4859,17306,
12,5003,17423,
68,5209,17729,
-72,5158,17650,
-70,5020,17295,
-74,5230,17298,
-106,5229,17221,
-12,5164,16961,
-117,4978,16633,
46,4754,16542,
176,4584,16493,
220,4776,16615,
247,5064,16629,
242,4955,16378,
65,4640,16101,
7322,10397,-7947,
32764,32764,-25679,
11386,5185,32764,
-6810,-4651,21164,
2333,-4035,10551,
-1548,17157,18898,
799,6229,20727,
-142,288,22106,
-1040,3281,23431,
-2687,3341,17999,
735,5065,15470,
-6001,2422,14238,
-2078,1304,13555,
-1016,-1393,21680,
2233,6705,23264,
-3152,2063,16881,
-578,4852,19591,
-1563,4094,21050,
153,5323,22263,
-633,5456,22769,
-628,6151,21335,
-1614,4433,18763,
-1174,3882,17085,
-1089,4048,16649,
-238,4431,15247,
-697,5063,15557,
-517,4620,14609,
-766,3971,13881,
-837,4493,13983,
-524,4680,13457,
-356,5030,13454,
-425,5014,13786,
-896,5532,13494,
-771,5652,13552,
-875,5235,14084,
-922,5160,13754,
-729,5425,13736,
-1107,5251,13573,
-1040,5655,13128,
-1334,5684,12942,
-1154,5691,12825,
-1091,5195,12662,
-881,5291,13002,
-634,6391,14477,
-1233,5902,13432,
-1089,5502,14291,
-1099,5693,14806,
-1029,6064,15317,
-1212,6190,15636,
-1218,5937,15871,
-1339,5889,15851,
-1459,5884,15854,
-1240,5887,15769,
-1179,5989,15877,
-1259,5976,15905,
-1270,5756,16049,
-1244,5739,15991,
-1251,5723,16078,
-1248,5722,16307,
-1190,5989,16284,
-1340,5940,16382,
-1306,5896,16498,
-1367,5983,16640,
-1342,6097,16650,
-1205,6139,16673,
-1130,6058,16601,
-1074,6162,16607,
-1067,6253,16645,
-1118,6482,16472,
-1088,6399,16178,
-965,6195,15970,
-1063,5757,15574,
-1094,5932,15263,
-1115,6024,14790,
-959,6066,14709,
-849,5703,14563,
-814,5558,14447,
-775,5702,14408,
-779,5954,14247,
-776,5710,14332,
-712,5355,14138,
-795,5336,14317,
-748,5442,14151,
-672,5453,14250,
-651,5412,14229,
-727,5342,14129,
-641,5279,14282,
-706,5018,14428,
-621,5169,14663,
-537,5545,14710,
-678,5612,14860,
-661,5583,15155,
-679,5348,15329,
-660,5526,15437,
-722,5604,15389,
-744,5538,15433,
-799,5465,15481,
-814,5499,15562,
-830,5395,15676,
-830,5515,15777,
-941,5732,15900,
-814,5918,15974,
-823,5837,16036,
-853,5726,16020,
-836,5849,16052,
-894,5759,15910,
-862,5730,16019,
-888,5979,16094,
-907,5959,16097,
-896,6099,16123,
-990,6018,15967,
-966,6083,15872,
-998,5993,15806,
-951,6070,15805,
-996,6158,15565,
-1014,6134,15421,
-995,6112,15210,
-1076,5902,14963,
-1040,5792,14836,
-967,5707,14724,
-919,5584,14631,
-896,5526,14671,
-854,5536,14737,
-892,5376,14657,
-803,5476,14691,
-875,5415,14760,
-851,5509,14824,
-855,5702,14946,
-842,5707,14969,
-869,5954,14985,
-973,6051,14935,
-977,6042,14839,
-1013,5910,14810,
-976,5824,14900,
-1016,5813,14983,
-1089,5829,14976,
-1032,5763,15045,
-953,5608,15090,
-883,5455,15209,
-942,5418,15308,
-869,5450,15351,
-791,5320,15369,
-773,5281,15485,
-731,5348,15433,
-616,5292,15492,
-699,5349,15492,
-736,5380,15541,
-760,5338,15553,
-1038,5692,15435,
-1013,5839,15450,
-954,5847,15558,
-848,5860,15778,
-946,5912,15867,
-1070,6105,15947,
-1041,6233,15857,
-1153,6371,15764,
-1117,6356,15775,
-1099,6497,15658,
-1085,6455,15522,
-1129,6385,15418,
-1034,6230,15426,
-857,5917,15283,
-811,5920,15244,
-859,5870,15169,
-857,5916,15097,
-918,5942,14940,
-945,5958,14817,
-962,5776,14698,
-898,5637,14702,
-844,5932,14697,
-779,5894,14764,
-788,5949,14929,
-825,6026,15027,
-752,6278,15168,
-842,6132,15307,
-775,6004,15478,
-820,6063,15665,
-908,6164,15734,
-847,6312,15871,
-804,6126,16001,
-757,5990,15974,
-714,5848,15835,
-684,5895,15855,
-613,5876,15923,
-677,5874,16058,
-660,5853,16176,
-654,5627,16364,
-545,5742,16736,
-566,5714,16932,
-698,5551,16913,
-681,5772,16819,
-691,5771,16544,
-904,5793,16426,
-726,5507,16237,
-772,5359,16124,
-811,5471,16189,
-766,5592,15937,
31187,32764,32764,
4625,-16084,-32764,
16314,13272,32764,
5878,-14328,-32764,
-9554,9416,24025,
1437,21468,23709,
-3373,7675,30636,
-1057,2430,25784,
-3000,2955,21143,
-4888,5728,22156,
-4483,6482,17277,
-4486,4806,11589,
-2282,5340,16893,
-539,-1355,23861,
2516,7670,26138,
-4299,4370,19901,
-2063,6358,21282,
-2727,7648,24403,
-1228,8343,23724,
-2276,6308,23464,
-1488,7405,21783,
-2354,5698,18929,
-2438,4257,18919,
-2238,4529,15710,
-629,5419,15215,
-615,4182,13607,
-300,5110,12925,
-1057,4018,12569,
-635,4835,12126,
-842,4597,12225,
-872,4943,12748,
-877,5090,12928,
-1207,5436,12969,
-1232,5773,12595,
-1115,5156,12203,
-981,5549,12385,
-1221,5379,12327,
-927,6017,12499,
-1264,5733,11611,
-1449,5491,11545,
-1289,5444,11615,
-1489,5027,11025,
-1114,5703,12441,
-1558,5827,12135,
-2046,6024,12434,
-1760,6702,13376,
-1718,6234,14241,
-1820,6258,15036,
-1938,6676,15524,
-1901,7175,16334,
-1877,7121,16376,
-2040,6982,16600,
-2092,6988,16569,
-2230,7034,16239,
-2131,7032,16271,
-2103,7104,16393,
-2010,7176,16544,
-2119,6994,16264,
-2036,6949,16493,
-2014,6979,16636,
-2068,7223,16775,
-1957,7054,16784,
-1966,7216,16880,
-2029,7114,16712,
-1903,7142,16548,
-1840,7285,16352,
-1811,7187,16280,
-1812,6996,15981,
-1574,7144,16042,
-1673,6873,15561,
-1774,6890,15490,
-1706,6824,14932,
-1589,6786,14399,
-1548,6474,14149,
-1494,6288,13831,
-1420,6396,13634,
-1229,6219,13547,
-1257,6041,13413,
-1166,6173,13099,
-1181,6297,13193,
-1074,6263,13157,
-918,6191,13283,
-836,6139,13575,
-979,6091,13762,
-872,6275,13715,
-1006,5946,13797,
-987,5799,13857,
-973,5884,14089,
-1026,6119,14225,
-1021,6072,14132,
-1149,5873,14300,
-1072,5919,14639,
-1105,5937,14846,
-1212,6102,15010,
-1391,6024,15345,
-1340,6399,15490,
-1266,6595,15776,
-1398,6552,15911,
-1374,6786,15994,
-1398,6867,15881,
-1421,6617,15910,
-1409,6605,16051,
-1425,6790,16021,
-1408,6752,16101,
-1398,6872,16080,
-1513,6801,15981,
-1571,6812,15984,
-1461,6900,15947,
-1580,6800,15755,
-1583,6873,15724,
-1569,6810,15560,
-1523,6889,15510,
-1387,6655,15350,
-1403,6669,15241,
-1505,6618,14996,
-1419,6677,14863,
-1458,6630,14548,
-1440,6520,14316,
-1489,6545,14183,
-1591,6612,13993,
-1565,6595,14026,
-1498,6596,13965,
-1470,6378,14068,
-1476,6294,14124,
-1484,6481,14269,
-1387,6718,14354,
-1354,6609,14431,
-1462,6538,14382,
-1443,6636,14276,
-1483,6783,14292,
-1531,6549,14224,
-1465,6526,14329,
-1428,6619,14474,
-1474,6707,14497,
-1458,6613,14531,
-1428,6507,14591,
-1388,6529,14829,
-1319,6563,14922,
-1409,6651,15018,
-1387,6588,15119,
-1317,6579,15193,
-1383,6546,15210,
-1324,6565,15435,
-1359,6699,15409,
-1413,6636,15432,
-1413,6631,15422,
-1415,6668,15464,
-1431,6684,15476,
-1436,6667,15481,
-1429,6658,15562,
-1474,6537,15501,
-1505,6507,15527,
-1317,6573,15581,
-1367,6538,15400,
-1442,6572,15273,
-1440,6566,15112,
-1474,6554,14955,
-1415,6423,14930,
-1437,6398,14862,
-1402,6617,14763,
-1457,6704,14643,
-1420,6540,14517,
-1316,6466,14593,
-1393,6487,14628,
-1433,6479,14616,
-1427,6310,14704,
-1353,6476,14843,
-1457,6517,14833,
-1424,6566,15019,
-1464,6448,15075,
-1431,6490,15165,
-1482,6545,15156,
-1446,6577,15233,
-1440,6534,15263,
-1456,6624,15370,
-1415,6821,15300,
-1433,6814,15362,
-1400,6653,15458,
-1295,6444,15505,
-1496,6807,15413,
-1432,6920,15258,
-1410,6684,15379,
-1263,6472,15487,
-1255,6458,15489,
-1316,6522,15358,
-1361,6407,15301,
-1347,6391,15211,
-1311,6240,15113,
-1155,6081,15298,
-1067,6119,15268,
-1173,5948,15178,
-934,5960,15182,
-1270,6176,15075,
-1218,6132,15402,
-1125,6075,15635,
-1216,6272,15551,
-1409,6301,15577,
-1448,6414,15642,
-1513,6664,15643,
-1549,6696,15659,
-1570,6606,15471,
-23698,-32764,-32764,
21269,-2821,32764,
6942,3382,32764,
-9366,-10080,-10416,
-4365,10636,25059,
1478,14577,17200,
-4802,4254,24678,
-1655,3420,23938,
-2500,4927,24570,
-4249,7647,20954,
-4476,5083,13797,
-799,6801,14305,
-1961,8078,13925,
-3444,2913,19469,
-1737,6089,17117,
-2589,6652,19404,
-2350,7637,20780,
-1613,7936,22068,
-2270,6930,21635,
-2567,7413,20064,
-2442,8040,18404,
-2344,6402,16643,
-1771,6005,15564,
-1527,6532,15271,
-1221,6151,13984,
-1285,6099,13274,
-1389,5518,11711,
-1436,5294,11410,
-1197,5801,11019,
-945,5750,11334,
-1052,5932,11566,
-1070,5997,12142,
-932,6174,12396,
-909,6766,11929,
-1631,6661,12791,
-1098,6654,12058,
-1423,6428,12539,
-1501,6678,11899,
-1321,6444,11816,
-1447,6453,11839,
-1577,6650,11642,
-1749,6519,12886,
-1928,6815,12004,
-1739,6625,12631,
-1903,6853,13594,
-1690,7602,14016,
-1740,7569,14444,
-1830,7572,15020,
-1907,7824,15142,
-2198,7885,15450,
-1913,7829,15347,
-1766,7869,15953,
-2159,7621,15637,
-2210,7737,15986,
-2055,7414,15796,
-2144,7523,16236,
-2253,7720,16090,
-2294,7614,16423,
-2251,7450,16262,
-2134,7497,16679,
-2142,7650,16679,
-2125,7694,16639,
-2050,7653,16584,
-2058,7712,16521,
-2021,7748,16330,
-2032,7823,16458,
-1975,7698,15805,
-2019,7797,15628,
-1983,7528,15413,
-1820,7610,15144,
-1850,7376,14808,
-1732,7217,14354,
-1741,7189,14220,
-1702,7012,13810,
-1629,6805,13364,
-1531,6605,13185,
-1466,6529,13174,
-1391,6434,13017,
-1393,6253,12963,
-1444,6256,12878,
-1247,6244,12975,
-1395,6223,13042,
-1180,6076,13122,
-1347,6401,13419,
-1344,6320,13544,
-1332,6145,13727,
-1415,6187,14007,
-1475,6388,14102,
-1386,6567,14224,
-1527,6292,14363,
-1486,6484,14628,
-1486,6573,14872,
-1520,6455,15023,
-1611,6635,15094,
-1578,6585,15267,
-1632,6765,15376,
-1636,6682,15376,
-1674,6801,15665,
-1649,6897,15595,
-1634,6995,15666,
-1653,6889,15503,
-1655,6767,15585,
-1642,6727,15506,
-1605,6951,15410,
-1732,7000,15252,
-1749,7068,15200,
-1751,7116,15288,
-1604,7210,15344,
-1695,7236,15287,
-1719,7316,15316,
-1813,7226,15276,
-1810,7238,15119,
-1828,7250,14939,
-1792,7150,14936,
-1802,7024,14561,
-1724,6950,14645,
-1813,6902,14611,
-1891,6924,14493,
-1929,6995,14480,
-1970,6885,14500,
-2004,6868,14617,
-1969,6854,14765,
-2038,6958,14790,
-1998,6889,14862,
-2014,6880,14898,
-2052,6738,14878,
-2005,6578,14967,
-1970,6593,15029,
-1895,6565,14991,
-1883,6652,14883,
-1864,6646,14731,
-1860,6643,14586,
-1862,6726,14531,
-1774,6848,14503,
-1777,6952,14526,
-1771,6930,14632,
-1704,6991,14733,
-1603,6965,14880,
-1668,6916,14965,
-1633,6877,15033,
-1658,6897,15009,
-1603,6774,14907,
-1641,6686,14705,
-1679,6619,14569,
-1698,6559,14583,
-1699,6601,14531,
-1712,6696,14547,
-1783,6731,14535,
-1756,6613,14653,
-1769,6825,14840,
-1753,7015,14760,
-1802,7160,14839,
-1753,6996,14834,
-1709,6871,14885,
-1702,6884,14844,
-1748,6993,14728,
-1805,7046,14562,
-1792,6954,14498,
-1768,7039,14410,
-1815,6985,14286,
-1756,6896,14324,
-1797,6841,14638,
-1844,6783,14827,
-1871,6765,15040,
-1880,6929,15083,
-1893,6891,15160,
-1913,6782,15175,
-1979,6792,15226,
-1877,7351,15146,
-1999,7053,14999,
-1988,6748,15160,
-2025,6934,15063,
-1946,7118,15174,
-1905,7244,15175,
-1823,7281,15328,
-1866,7062,15400,
-1882,7088,15451,
-1892,7012,15388,
-1780,6958,15377,
-1731,6726,15440,
-1704,6725,15547,
-1740,6824,15647,
-1767,6790,15739,
-1727,6905,15872,
-1848,6934,15865,
-1835,6942,15833,
-1959,6993,15719,
-2038,7188,15544,
-1923,7157,15432,
-1914,6788,15370,
-1801,6599,15455,
-1828,6784,15305,
-1731,6906,15416,
-1700,6630,15251,
-1829,6379,15321,
-1776,6313,15074,
-1642,6395,15049,
29148,32764,32764,
16992,4027,32764,
-1365,-8447,13482,
-6328,-366,-11651,
-3704,20284,10717,
945,5150,22316,
1259,4373,28666,
-502,6326,27122,
-8896,2336,5283,
-4610,8772,11506,
-2946,7953,10789,
-3332,-1307,14377,
1571,6804,23268,
-2374,6383,17155,
-2806,7789,19481,
-2101,8844,22256,
-2004,8061,23459,
-1353,8859,23492,
-1832,7785,22044,
-2471,7283,19183,
-2069,7554,17787,
-1940,6904,16868,
-2075,5896,14527,
-917,5133,14071,
-1012,5342,14004,
-860,5319,12449,
-735,5795,12369,
-763,5418,12047,
-855,5456,12107,
-866,5404,11979,
-931,5672,12316,
-1112,5930,12447,
-1031,5996,12414,
-1240,7085,13109,
-1828,6102,11917,
-1144,6318,11588,
-1090,6511,12270,
-1432,6243,11588,
-1432,6337,11446,
-1607,6353,11228,
-1482,6552,12115,
-1852,6684,12056,
-1734,6620,12137,
-1930,7059,13097,
-1940,7125,13116,
-2157,7504,14210,
-1958,7728,14501,
-2206,7608,15389,
-1977,7507,15164,
-2277,7521,15721,
-2404,7513,15907,
-2345,7653,15772,
-2681,7722,15719,
-2748,7754,15790,
-2876,7376,15785,
-2620,7619,16160,
-2595,7428,16295,
-2623,7568,16448,
-2667,7755,16348,
-2582,7784,16661,
-2595,7638,16578,
-2633,7870,16413,
-2544,8038,16552,
-2550,8103,16420,
-2436,8097,16331,
-2415,8283,16011,
-2497,8088,15754,
-2333,7996,15477,
-2265,8147,15381,
-2219,7821,14769,
-2259,7654,14830,
-2063,7682,14240,
-2126,7579,13993,
-1931,7474,13490,
-1934,7163,13353,
-1877,7040,13320,
-1883,6771,12906,
-1785,6797,12683,
-1545,6714,12564,
-1764,6622,12449,
-1666,6424,12521,
-1583,6416,12591,
-1438,6327,12643,
-1519,6414,12930,
-1315,6479,13103,
-1484,6569,13612,
-1570,6600,13921,
-1590,6689,14199,
-1521,6722,14357,
-1494,6759,14402,
-1597,6967,14724,
-1653,7006,14800,
-1820,7154,15038,
-1833,7377,15199,
-1902,7378,15280,
-1874,7540,15767,
-1874,7708,15933,
-1931,7658,15930,
-2043,7601,15910,
-2059,7472,15823,
-2018,7419,15664,
-2021,7356,15694,
-2014,7318,15687,
-2029,7266,15585,
-2024,7153,15670,
-2007,7240,15588,
-1915,7169,15558,
-1947,7051,15567,
-1870,7060,15387,
-1909,7108,15324,
-1968,7191,15134,
-2001,7105,14977,
-2076,6985,14860,
-1973,7064,14581,
-2010,7011,14375,
-1940,7072,14181,
-1970,7049,14119,
-1945,7056,13965,
-1934,7123,13840,
-2006,7221,13725,
-1979,7055,13708,
-2025,6981,13562,
-2050,6977,13563,
-1950,7267,13670,
-2044,7367,13595,
-2034,7345,13709,
-2070,7230,13763,
-2169,7370,13783,
-2210,7078,13656,
-2077,7152,13749,
-1973,7203,13833,
-2004,7164,13774,
-1967,7025,14008,
-1999,6965,14095,
-1992,7107,14305,
-1967,7122,14445,
-1885,7000,14639,
-1872,6985,14952,
-1875,7072,15161,
-1883,7184,15317,
-1819,6721,15352,
-1917,7250,15342,
-2203,7224,15021,
-2121,7197,14958,
-2091,7169,15044,
-2018,7189,15113,
-2125,7355,15188,
-2050,7280,15282,
-2041,7224,15246,
-2109,7208,15203,
-2031,7228,15185,
-2079,7172,15157,
-2000,7028,15196,
-2015,7036,15140,
-1978,7013,15146,
-1992,7055,15061,
-2001,7001,14937,
-1985,6871,14853,
-1965,6812,14698,
-2000,6905,14580,
-2026,6903,14456,
-1967,6862,14396,
-1989,6881,14277,
-1908,6866,14261,
-1958,7160,14405,
-1979,7097,14480,
-1930,7124,14554,
-1867,7215,14530,
-1911,7170,14543,
-1918,7169,14428,
-1969,7114,14398,
-1946,7128,14445,
-2004,7113,14415,
-1954,7174,14470,
-1969,7137,14501,
-1978,7054,14594,
-1955,7075,14548,
-1972,7043,14623,
-1957,7015,14655,
-1981,7177,14674,
-2033,7218,14581,
-2023,7278,14507,
-2084,7178,14535,
-2131,7080,14481,
-2028,7094,14663,
-2030,7266,14730,
-2048,7289,14842,
-2068,7271,14860,
-2158,7374,14857,
-2197,7464,14666,
-2244,7409,14803,
-2156,7480,14808,
-2228,7465,14655,
-2177,7384,14637,
-2155,7337,14517,
-2106,7324,14368,
-2114,7358,14388,
-2091,7241,14362,
-2011,7165,14319,
-2012,7016,14336,
-1979,7075,14447,
-2023,7108,14623,
-2034,7204,14875,
-2057,7190,15000,
-2062,7318,15176,
-2096,7384,15124,
-2060,7333,15153,
-1921,7207,15184,
-1987,7110,15030,
-1977,7183,14940,
-1942,7140,14768,
-2007,7259,14658,
-2007,7271,14435,
-1979,7245,14297,
-2023,7280,14229,
-1962,7222,14228,
-2009,7270,14349,
-1933,7192,14350,
-1806,7103,14575,
-1819,7011,14655,
-1824,7017,14722,
-1809,7053,14645,
-1812,6860,14719,
-1788,6846,14768,
-1856,6641,14843,
-1928,6769,15168,
-2010,6944,15222,
-1994,7090,15295,
-1967,7077,15394,
-1931,7012,15495,
-1830,7111,15361,
-1917,7139,15429,
-1888,7196,15290,
-1875,7207,15352,
-1895,7408,15251,
-1839,7364,15058,
-1943,7012,14868,
-1871,6979,14619,
-2270,6689,14405,
-2245,6737,14372,
-199,11092,6121,
32764,32764,32764,
15158,15321,32033,
-10457,-8125,22807,
-927,-1582,7173,
-2898,25185,24601,
-586,10639,25184,
-690,6720,32764,
-1944,7446,24752,
-4371,7179,18668,
-6176,8130,11109,
-1692,13169,18418,
913,8409,17610,
804,6024,21447,
-4781,5303,19711,
-2744,8729,17100,
-3322,8312,22168,
-2141,9217,22854,
-1829,8931,23396,
-2216,7603,22416,
-2727,8267,19495,
-2456,7699,17635,
-2137,7287,16383,
28,10625,20719,
-2789,5890,12269,
-595,6336,12149,
-1258,5306,12152,
-461,5705,11570,
-767,5419,11707,
-502,5013,11315,
-655,4863,11787,
-1229,5499,12045,
-1481,5778,10991,
-1174,5179,11733,
-1385,5522,11683,
-1681,5740,11605,
-1470,5990,11598,
-1678,5725,11537,
-1596,5510,11300,
-1649,5545,11374,
-1563,5444,11525,
-1390,5957,11151,
-1967,6272,12065,
-1863,6311,12068,
-2160,6487,12662,
-1900,6362,13870,
-2329,7148,14830,
-2198,6946,14883,
-2445,7453,15663,
-2423,7209,15812,
-2352,7432,16290,
-2379,7641,16629,
-2581,7445,16256,
-2623,7049,16226,
-2727,7144,16421,
-2794,7345,16718,
-2937,7559,16303,
-2877,7812,16672,
-2897,7748,16856,
-2739,7729,17058,
-2624,7348,16998,
-2737,7945,17541,
-2635,7719,17032,
-2587,7562,16902,
-2671,7653,16747,
-2559,7704,16341,
-2552,7762,16165,
-2390,7618,16008,
-2152,7419,15675,
-2650,7570,15093,
-2378,7742,14952,
-2403,7375,14136,
-2679,7546,14107,
-2117,7122,13437,
-2022,7003,13489,
-1825,6727,13188,
-1889,6494,13245,
-1834,6587,12657,
-1675,6481,12651,
-1664,6689,12809,
-1806,6422,12868,
-1640,6463,12815,
-1766,6502,12903,
-1539,6216,12864,
-1478,6281,13175,
-1330,6066,13373,
-1621,6174,13560,
-1689,6278,13705,
-1821,6319,14143,
-1646,6444,14258,
-1643,6268,14296,
-1719,6386,14541,
-1851,6395,14761,
-1896,6700,14679,
-2061,6573,14696,
-1881,6507,15024,
-1925,6571,15271,
-1865,6691,15588,
-2005,6755,15779,
-2083,6736,15734,
-2095,6851,15845,
-2087,6797,15938,
-2113,6813,16087,
-2196,7024,16080,
-2148,7170,16045,
-2116,7188,16115,
-2032,7078,15883,
-2271,7010,16149,
-1996,7105,15895,
-2195,7101,16017,
-2142,6945,15756,
-2162,6839,15539,
-2200,6917,15313,
-2178,6931,15157,
-2232,6878,15015,
-2094,6736,14891,
-2132,6682,14639,
-2044,6654,14507,
-2007,6666,14361,
-2014,6675,14361,
-1757,6562,14291,
-1966,6918,14405,
-1968,6867,14520,
-2027,6797,14483,
-2007,7043,14361,
-2005,7163,14344,
-1882,6967,14263,
-1935,6771,14235,
-1823,6888,14014,
-1970,6672,13943,
-1954,6666,13723,
-1858,6462,13870,
-1878,6504,13847,
-1864,6588,13768,
-1832,6537,13932,
-1823,6443,14081,
-1849,6419,14206,
-1897,6631,14299,
-1794,6478,14561,
-1760,6405,14835,
-1813,6440,14912,
-1824,6499,14976,
-1951,6459,15057,
-1966,6389,15092,
-2046,6594,15025,
-1996,6643,15031,
-1997,6292,15052,
-2079,6433,15083,
-2087,6586,15165,
-2097,6833,15330,
-2133,6995,15366,
-2091,6975,15514,
-2076,6994,15504,
-2160,7006,15644,
-2120,7092,15491,
-2199,7213,15462,
-2244,7246,15343,
-2158,7177,15266,
-2178,7026,15055,
-2191,7018,14913,
-2094,6889,14746,
-2158,6808,14666,
-1889,6734,14927,
-1874,6751,14869,
-1845,6868,14896,
-1955,6948,14725,
-1948,6697,14627,
-1913,6772,14484,
-1941,6811,14481,
-1845,6976,14437,
-2010,6727,14273,
-1940,6936,14409,
-1843,6994,14354,
-1846,7012,14285,
-1798,6902,14313,
-1762,6748,14376,
-1719,6648,14471,
-1789,6640,14498,
-1855,6744,14448,
-1851,6717,14426,
-1888,6774,14398,
-1933,6981,14326,
-2043,7078,14228,
-2102,7041,14161,
-1956,6813,14322,
-2089,6448,14243,
-1839,6739,14706,
-2126,7437,14904,
-1892,6482,15183,
-2085,6323,15215,
-2079,6389,15394,
-2177,6422,15459,
-2187,6453,15619,
-2470,6490,15672,
-2216,6582,15937,
-2449,6771,16175,
-2253,6870,16286,
-2266,7211,15798,
-2123,7136,16078,
-2243,7831,16092,
-2267,7721,15797,
-2374,7416,15732,
-2489,7670,15404,
-2456,7310,15293,
5221,-32764,16563,
32764,32764,2642,
10874,3844,32764,
-3599,-11911,21774,
-2095,16314,18502,
-9436,22036,8776,
-2226,4959,23322,
1368,3980,28254,
-4524,3158,28719,
-8467,8874,22223,
-5987,7201,17682,
-5005,7166,16126,
-4932,3656,15383,
-2142,-2409,24356,
582,7598,26283,
-3325,1500,20915,
-3638,4601,24247,
-3617,3777,25975,
-2368,5124,27224,
-2859,3019,26307,
-2404,3362,24597,
-3044,3216,21398,
-3239,2595,19964,
-1900,3112,16044,
-1258,2304,15100,
-1756,3280,15112,
-1397,2327,13795,
-1371,2872,12933,
-1516,3630,12015,
-1237,5500,11360,
-1672,4574,11322,
-999,4486,11819,
-875,4616,10777,
-1866,4708,11604,
-1265,5429,11342,
-1376,5521,10653,
-1463,5206,10566,
-1316,6032,10513,
-1337,5798,10187,
-1514,6120,10311,
-1906,6463,10130,
-2002,6186,9882,
-1903,6637,10422,
-2093,7490,10763,
-2143,7843,10657,
-2255,7095,11962,
-2295,7838,12417,
-2403,8186,12870,
-2471,8137,13218,
-2520,7926,13738,
-2522,8169,14275,
-2633,8063,14051,
-3057,8125,14228,
-2743,8494,14578,
-2986,8314,14775,
-2839,8483,15216,
-2884,8320,15480,
-3006,8132,16028,
-2935,7847,16406,
-2909,7684,16495,
-3080,7440,16719,
-2700,7479,17194,
-2723,7511,17448,
-2837,7684,17551,
-2736,7644,16748,
-3053,7457,17684,
-2643,7612,17128,
-2710,7336,17311,
-2685,7488,16830,
-2690,7534,16522,
-2565,7849,16141,
-2764,7670,15894,
-2556,7396,15326,
-2233,7530,14693,
-2472,7433,14688,
-2155,7241,13840,
-2253,7065,13673,
-2127,7254,13269,
-2003,7309,12984,
-1950,6929,13071,
-1835,6694,12870,
-1678,6619,12605,
-1666,6602,12708,
-1609,6512,12799,
-1748,6487,12748,
-1755,6638,12847,
-1750,6619,12905,
-1662,6404,13050,
-1650,6510,13447,
-1773,6541,13430,
-1808,6580,13597,
-1783,6689,13690,
-1822,6685,13813,
-1871,6756,13969,
-1921,6748,14155,
-1888,6915,14234,
-1837,7163,14438,
-1735,7255,14600,
-2083,7322,14764,
-2035,7461,14944,
-2040,7677,15103,
-2118,7584,15005,
-2062,7516,15074,
-2062,7489,15133,
-2095,7512,15034,
-2170,7457,15193,
-2196,7421,15300,
-2262,7580,15388,
-2306,7508,15312,
-2389,7319,15326,
-2409,7329,15401,
-2303,7303,15512,
-2316,7430,15503,
-2347,7347,15429,
-2313,7364,15314,
-2331,7307,15298,
-2375,7247,15129,
-2340,7064,14747,
-2271,7120,14725,
-2266,7185,14569,
-2290,7136,14473,
-2325,6902,14406,
-2332,6803,14360,
-2376,6975,14367,
-2404,6903,14316,
-2287,6803,14249,
-2349,6670,14198,
-2275,6631,14267,
-2410,6801,14276,
-2293,6641,14255,
-2339,6626,14094,
-2308,6512,14053,
-2206,6486,14202,
-2134,6500,14272,
-2205,6496,14417,
-2088,6473,14545,
-2105,6642,14728,
-2099,6616,14820,
-2067,6543,14995,
-2075,6599,15207,
-2104,6613,15321,
-2134,6648,15404,
-2135,6732,15422,
-2166,6696,15337,
-2195,6501,15340,
-2090,6417,15376,
-2084,6345,15332,
-2072,6211,15186,
-2114,6228,15046,
-2102,6195,15039,
-2090,6185,14981,
-2062,6266,14960,
-2099,6296,15054,
-2088,6199,15033,
-2092,6348,15044,
-2122,6403,14895,
-2094,6543,14803,
-2107,6590,14685,
-2103,6550,14633,
-2127,6480,14567,
-2160,6393,14452,
-2153,6625,14315,
-2136,6313,14256,
-2247,6481,14951,
-2320,6496,14871,
-2351,6394,14855,
-2322,6515,15005,
-2328,6461,14988,
-2394,6553,14973,
-2437,6929,14978,
-2441,6764,14947,
-2285,6586,15014,
-2240,6514,15164,
-2273,6604,15287,
-2272,6672,15295,
-2305,6671,15331,
-2325,6725,15279,
-2357,6739,15308,
-2337,6698,15327,
-2341,6761,15394,
-2501,7283,15186,
-2583,7213,15248,
-2514,7201,15416,
-2612,7503,15262,
-2731,6456,14931,
-2537,6611,15228,
-2606,6841,15398,
-2606,6429,15497,
-2460,6168,15230,
-2233,5673,15226,
-2070,6073,15639,
-2128,6145,15320,
-2161,5546,15674,
-1971,5548,15799,
-2120,5777,15588,
-1912,6343,15677,
-2014,6151,15383,
-1858,6003,15290,
-1529,5761,15467,
-1835,5683,15461,
-1794,6033,15420,
-1948,6355,15649,
-2143,6366,15924,
-2271,6070,16226,
-2156,6542,16069,
-2045,6872,16265,
-1982,6586,15975,
-1890,6384,15688,
-2055,6294,15551,
-2018,6803,15576,
-2049,6967,15370,
-28571,-32764,32764,
1755,-11211,32764,
29838,26685,32764,
-16663,-12193,13245,
-6817,2814,-6170,
-1880,20766,18089,
-3771,9300,13968,
-3713,6193,25347,
-1877,4906,21460,
-8541,6717,27226,
-1552,5725,16474,
-6035,9154,15895,
-3152,7215,17337,
-6210,-869,21382,
-935,9142,27692,
-3457,5560,21471,
-2470,5204,23837,
-2207,5186,25655,
-2427,6571,24939,
-2614,6585,25007,
-2885,6891,24333,
-1101,3045,25729,
-4315,4395,18927,
-1670,2827,16088,
-10,3279,15559,
-760,2298,13758,
-613,2636,13330,
-232,2147,12102,
-553,2191,11717,
-82,2549,11685,
-1065,2766,12063,
-515,2778,11108,
-743,2600,12213,
-923,2800,12340,
-1197,3935,12059,
-1239,3557,12048,
-1273,3481,11628,
-1115,3788,11357,
-1203,3902,11186,
-1059,3939,11242,
-1529,3143,11887,
-1628,4189,11678,
-1750,4360,11405,
-1618,4468,11774,
-1541,5299,12538,
-1739,5296,13094,
-1917,4993,13668,
-2138,5467,14696,
-2369,6404,15008,
-2535,5981,15742,
-2350,6152,15570,
-2686,6100,16496,
-2666,5950,16332,
-2836,6260,16600,
-3040,6029,16651,
-2812,6257,16986,
-3265,5872,17757,
-3193,6304,17367,
-3434,6100,17547,
-3224,5863,17185,
-3232,5695,17335,
-2718,5724,18379,
-3613,5919,17131,
-3185,6215,17489,
-3159,6014,17697,
-3127,6443,17941,
-3336,6392,17709,
-3225,6311,17337,
-3171,6255,16869,
-3202,6264,16574,
-3073,6254,16320,
-2981,6173,15952,
-2834,6101,15532,
-2648,5967,15084,
-2596,5832,14874,
-2362,5568,14540,
-2333,5186,14466,
-2203,5316,13993,
-2125,5454,13838,
-2056,5037,13568,
-1976,4756,13585,
-1942,4940,13560,
-1846,5135,13449,
-1809,5086,13445,
-1807,4855,13775,
-1744,4840,13898,
-1716,4955,14055,
-1812,5017,14339,
-1713,4729,14060,
-1774,4590,14329,
-1780,4731,14226,
-1933,5081,14408,
-1906,5297,14557,
-1945,5184,14784,
-1830,5196,15019,
-1943,5283,15084,
-2048,5161,15344,
-2020,5399,15545,
-2112,5615,15542,
-2077,5409,15818,
-2108,5399,15954,
-2167,5335,16031,
-2082,5555,16275,
-2166,5509,16332,
-2242,5562,16358,
-2255,5560,16439,
-2265,5439,16394,
-2235,5407,16484,
-2285,5332,16463,
-2306,5374,16444,
-2270,5470,16446,
-2390,5311,16543,
-2272,5477,16543,
-2310,5518,16367,
-2397,5625,16229,
-2370,5629,16030,
-2407,5459,15773,
-2393,5439,15600,
-2388,5483,15410,
-2377,5422,15218,
-2268,5314,15133,
-2397,5377,14935,
-2406,5311,14748,
-2273,5242,14694,
-2146,5208,14653,
-2246,5144,14639,
-2143,5095,14681,
-2126,5149,14749,
-2154,5292,14650,
-2185,5475,14686,
-2144,5311,14688,
-2165,5349,14681,
-2096,5325,14719,
-2033,5402,14813,
-2123,5387,14949,
-1967,5129,15042,
-2004,5236,15221,
-2147,5373,15093,
-2146,5454,15165,
-2165,5558,15182,
-2182,5561,15178,
-2200,5666,15134,
-2242,5769,14953,
-2218,5735,14922,
-2193,5807,15001,
-2164,5738,15198,
-2255,5723,15258,
-2250,5625,15320,
-2200,5576,15391,
-2275,5502,15494,
-2300,5569,15590,
-2313,5413,15672,
-2285,5290,15869,
-2249,5394,15860,
-2369,5399,15794,
-2303,5318,15853,
-2255,5241,15793,
-2319,5207,15663,
-2296,5169,15503,
-2182,5161,15533,
-2178,5085,15348,
-2158,5195,15296,
-2197,5247,15224,
-2207,5231,15252,
-2209,5411,15183,
-2237,5520,15075,
-2185,5572,15098,
-2154,5499,15203,
-2098,5381,15189,
-2146,5348,15244,
-2056,5286,15294,
-2123,5411,15356,
-2149,5435,15410,
-2196,5385,15512,
-2239,5474,15618,
-2208,5345,15627,
-2186,5375,15693,
-2138,5266,15767,
-2083,5320,15872,
-2031,5220,15820,
-2021,5318,15829,
-2009,5384,15756,
-1940,5184,15877,
-1796,4962,16125,
-1687,4988,16422,
-1864,5048,16598,
-1629,4021,16369,
-1673,4866,16680,
-1881,5326,16602,
-1938,5160,16785,
-1685,5012,16696,
-1745,5001,16976,
-1903,5159,17073,
-1972,5309,16977,
-2430,5368,17233,
-2338,5747,17202,
-2321,5874,17163,
-2602,6017,16854,
-2779,6436,16618,
-2662,6432,16599,
-32764,-29490,32764,
4719,-12189,32764,
20169,10980,31602,
-9644,-10355,27052,
6911,11191,10816,
4050,13195,26794,
-3786,11143,17930,
-3474,7013,30895,
-10633,603,30747,
-5505,8697,22825,
-7622,5920,15066,
-6014,8430,12709,
-1305,7458,14926,
-3606,5436,15823,
-1772,4446,24202,
-3049,7573,21306,
-3762,7133,23204,
-3109,9873,23108,
-3573,8212,22588,
-3093,7479,22632,
-2917,7098,20385,
-2726,6616,18179,
-1655,6953,15909,
-2001,5226,15353,
-1259,4748,13626,
-1297,4407,13097,
-1250,5470,12068,
-973,4661,10841,
-869,4489,10917,
-941,4716,9597,
-1636,5272,9915,
-872,5194,10027,
-817,4631,11069,
-1369,4882,10056,
-1164,5779,10380,
-1238,4876,10281,
-1204,5779,10049,
-1698,5602,10442,
-1430,5775,10432,
-1688,5834,10452,
-1509,5859,10251,
-1719,5867,11149,
-789,6058,10658,
-1037,7207,11598,
-2417,5781,11706,
-2137,6414,13058,
-2296,6898,13579,
-2050,7133,14495,
-2277,6708,15229,
-2346,7220,15960,
-2448,7298,16164,
-2434,7384,16562,
-2280,7202,16804,
-2651,7469,17146,
-2651,7130,17226,
-2882,7278,16806,
-2751,7204,16548,
-2828,7013,16587,
-2708,7254,16907,
-2829,6802,17009,
-2560,6783,16931,
-2624,7084,17238,
-2497,6743,17177,
-2690,6907,17462,
-2547,6899,17049,
-2501,6988,16762,
-2572,6868,16414,
-2478,6715,16270,
-2413,6664,15889,
-2288,6550,15690,
-2220,6550,15362,
-2236,6369,15172,
-2093,6507,14963,
-2048,6006,14604,
-2109,5811,14364,
-1949,5735,13989,
-1997,6247,13851,
-1909,6097,13576,
-1833,5917,13676,
-1696,5772,13568,
-1597,5763,13633,
-1584,5692,13606,
-1582,5548,13918,
-1564,5492,13969,
-1570,5519,14136,
-1568,5666,14113,
-1656,5466,14091,
-1719,5594,14094,
-1796,5645,14153,
-1725,5770,14343,
-1796,5861,14458,
-1799,5929,14602,
-1797,6089,14770,
-1850,6111,15050,
-1885,6055,15199,
-1896,6405,15219,
-1978,6532,15387,
-1993,6110,15437,
-2044,6142,15573,
-1961,6313,15749,
-2032,6320,15839,
-2111,6199,15880,
-2015,6196,15938,
-2032,6205,16034,
-2099,6162,15829,
-2123,6206,15883,
-2245,6095,15922,
-2238,6180,15885,
-2234,6057,15826,
-2173,6132,15839,
-2246,6075,15714,
-2227,6151,15648,
-2288,6016,15515,
-2254,5959,15520,
-2306,5932,15358,
-2311,5913,15322,
-2171,5963,15319,
-2130,5958,15116,
-2191,5915,14909,
-2146,5915,14832,
-2193,5890,14700,
-2108,5911,14737,
-2194,6166,14804,
-2138,6201,14810,
-2184,6176,14847,
-2176,6096,14855,
-2173,6089,14826,
-2219,6121,14896,
-2099,6104,14955,
-2150,6041,14888,
-2128,5887,14832,
-2141,5918,14866,
-2110,5936,14775,
-2084,5806,14661,
-2029,5724,14715,
-1990,5692,14752,
-1967,5779,14745,
-1975,5680,14838,
-1928,5660,14889,
-1952,5703,15113,
-1929,5705,15154,
-1943,5639,15233,
-1850,5597,15373,
-1881,5589,15391,
-1871,5731,15473,
-1954,5734,15410,
-1915,5701,15408,
-1929,5670,15425,
-1932,5685,15469,
-1990,5767,15447,
-2014,5933,15449,
-2030,6114,15480,
-2036,5984,15636,
-1992,5936,15781,
-2043,6007,15872,
-2084,6110,15823,
-2107,6121,15712,
-2084,6151,15603,
-2128,6054,15459,
-2052,6081,15250,
-2066,6046,15088,
-2071,5971,14860,
-2022,5943,14784,
-1973,5946,14825,
-1998,5916,14765,
-1929,5888,14789,
-1990,5800,14703,
-2005,5853,14645,
-2067,5961,14603,
-2070,6014,14589,
-2073,5774,14694,
-1979,5904,14863,
-1994,5912,15076,
-1935,5875,15246,
-1904,5962,15515,
-2021,5948,15599,
-1982,5869,15648,
-2026,5942,15694,
-1974,5878,15758,
-1977,5860,15861,
-1966,5873,15915,
-1892,5865,16050,
-1896,5716,16077,
-1828,5704,16183,
-1821,5724,16109,
-1721,5662,16090,
-1727,5506,16134,
-1613,5392,16341,
-1656,5496,16334,
-1649,5435,16276,
-1675,5489,16300,
-1575,5319,16419,
-1428,5247,16603,
-1526,5358,16551,
-1592,5767,16448,
-1741,5427,16299,
-1758,5324,16112,
-1954,5644,15721,
5329,3894,3192,
32764,32764,4619,
10511,16633,32764,
-8657,-7687,19045,
3560,41,-2919,
-1289,16297,29468,
1358,4927,16087,
-3172,8349,20252,
-1845,11464,27209,
-4225,9515,28037,
-1693,8531,28751,
-6714,6502,15094,
-5918,4641,12719,
-5290,10805,17230,
-5193,5209,14178,
-2193,6722,26314,
-4501,5191,22566,
-3312,6720,22802,
-3656,8127,23838,
-2955,7984,23764,
-3169,7260,23822,
-3176,6905,22313,
-3310,5952,19939,
-2254,8394,21994,
-2752,3941,14769,
-1281,5793,14453,
-1056,4471,12660,
-2070,4146,13262,
-1576,2494,10802,
-927,4013,11305,
-764,3753,10364,
-1937,5549,8802,
-1131,3680,12386,
-412,4122,10902,
-1570,5030,11470,
-1717,4707,9349,
-2732,4158,11374,
-2729,4042,11624,
-2119,4543,10898,
-1796,4921,12199,
-988,5415,10028,
-1736,5455,11415,
-2086,5486,10667,
-1806,5219,11392,
-1887,5616,11824,
-1942,6189,12577,
-2164,6075,13359,
-2101,5868,13560,
-2189,6026,14079,
-2447,6203,14711,
-2147,6259,14677,
-2357,6557,15429,
-2451,6416,15404,
-2531,6210,15931,
-2577,6174,16202,
-2600,6206,16345,
-2689,6182,16472,
-2806,6195,16781,
-2682,6029,16735,
-2902,6155,17126,
-2751,6018,17122,
-2792,6255,17344,
-2727,6043,17435,
-2610,6040,17957,
-2665,6160,17955,
-2649,6346,18169,
-2612,6280,18228,
-2661,6193,18261,
-2545,6212,17958,
-2554,6229,17749,
-2504,6266,17279,
-2584,6404,16839,
-2349,6185,16481,
-2235,6101,16107,
-2103,5922,15480,
-2223,5529,15039,
-2034,5465,14680,
-1833,5587,14196,
-1708,5519,14023,
-1563,5250,13863,
-1433,5106,13584,
-1587,5048,13377,
-1451,5207,13502,
-1417,5249,13429,
-1591,5117,13435,
-1611,5024,13524,
-1458,5016,13477,
-1505,5142,13673,
-1519,5091,13558,
-1525,5099,13879,
-1635,5216,14012,
-1842,5443,14321,
-1612,5339,14553,
-1728,5447,14614,
-1687,5447,14889,
-1635,5498,15035,
-1573,5433,15220,
-1685,5297,15433,
-1684,5729,15506,
-1778,5755,15699,
-1801,5588,15846,
-1900,5650,15998,
-1901,5848,16105,
-1949,5827,16217,
-1881,5793,16328,
-1856,5707,16455,
-1791,5661,16583,
-1867,5584,16647,
-1861,5600,16606,
-1769,5665,16543,
-1877,5558,16523,
-1914,5536,16471,
-1847,5559,16406,
-1876,5561,16313,
-1877,5508,16126,
-1838,5587,15925,
-1921,5597,15625,
-1989,5738,15417,
-1995,5846,15139,
-2076,6080,14966,
-1994,5989,14825,
-1954,5891,14680,
-2055,5996,14511,
-2104,6060,14376,
-2027,6050,14382,
-1983,5959,14354,
-1978,6062,14358,
-2100,6117,14240,
-2100,6108,14217,
-2063,6086,14107,
-2126,6043,14082,
-2116,6064,14107,
-2143,6078,14202,
-2067,6019,14255,
-2116,5894,14238,
-2107,5959,14402,
-2058,5907,14535,
-2125,5898,14640,
-2124,5832,14718,
-2091,5745,14889,
-2062,5744,15098,
-1991,5687,15277,
-2050,5703,15382,
-2063,5688,15444,
-1972,5766,15597,
-1981,5638,15749,
-1811,5930,15858,
-1919,5915,15826,
-2014,5733,15805,
-2053,5688,15824,
-2008,5929,15825,
-2038,5962,15868,
-1981,5972,15826,
-1945,5823,15817,
-1998,5845,15815,
-2068,5876,15736,
-2096,5862,15672,
-2035,5905,15683,
-1954,5960,15735,
-1941,5839,15746,
-1953,5814,15676,
-1937,5798,15599,
-1871,5799,15532,
-1522,5572,16172,
-1620,5538,16274,
-1656,5794,16283,
-1722,5949,16262,
-1620,5768,16456,
-1639,5540,16374,
-1650,5606,16284,
-1691,5765,16217,
-1805,5837,16149,
-1734,5765,16074,
-1771,5607,15994,
32764,32764,31376,
1344,-13784,32764,
-7486,-5292,-10442,
6389,-258,498,
-13554,13626,10975,
-1998,13897,14351,
-7533,11007,16516,
-738,8020,13647,
-6104,12520,17325,
-4522,13133,23411,
-1736,10811,21236,
-3104,6888,20521,
-406,9381,24322,
-3964,13324,20349,
-7271,9515,14581,
-3792,9073,26200,
-3111,9416,20768,
-3701,7978,21054,
-3286,10831,22610,
-3163,10363,22160,
-2577,9200,22174,
-2326,7243,20568,
