-2134,6595,15010,
-2061,6728,14737,
-2309,7347,14662,
-2249,6939,14589,
-2405,6964,14905,
-2498,6728,14954,
-2647,6629,14686,
-2723,6734,14793,
-2568,6386,14421,
-2390,8871,13628,
-2324,6361,14848,
-2502,6488,15179,
-2488,6370,14708,
-2304,6761,14998,
-2750,6029,14943,
-2741,5937,16011,
-2687,5968,14643,
-2822,6075,14794,
-2273,6662,15875,
-2239,6018,15682,
-2731,5888,15337,
-2748,5842,15018,
-2341,6317,15387,
-2990,6832,15895,
-2033,6544,15882,
-1978,7301,17176,
-2136,5791,15559,
-3207,5627,15204,
-1461,5563,15537,
-2736,5093,14503,
-1770,5585,16093,
-2372,5216,14280,
-3001,5075,14887,
-2866,5462,15372,
-2897,5489,15148,
-2981,6042,14522,
-3135,5163,15400,
-2960,5321,15760,
-3086,5523,15615,
-2885,5468,15679,
-2912,5410,15710,
-2981,5342,15658,
-2889,5362,15787,
-2988,5247,15650,
-3011,5018,15244,
-3033,5005,15294,
-2951,4789,15369,
-3082,4105,15374,
-2915,4382,15656,
-2869,4450,15811,
-2977,4997,15137,
-2843,5679,15795,
-2813,6232,15834,
-2726,6225,16039,
-2685,6817,15728,
-2709,6999,15426,
-2409,7478,15469,
-3217,5459,14384,
-2818,5845,14408,
-2880,6415,14836,
-3122,5785,14303,
-2862,4575,12854,
-2024,5536,8720,
-2719,4610,19335,
-2775,3581,5823,
-1915,6798,20375,
-2873,4280,12254,
-4226,175,4293,
-2558,1630,23819,
-2195,4458,10214,
-2111,7573,15373,
-2032,4313,9436,
-1715,6243,14594,
-1436,6727,10064,
-1676,4423,21669,
-1464,6393,24362,
-1613,6895,14622,
-1479,4178,8682,
-1462,4887,14774,
-933,5191,17660,
-733,6590,18360,
-1258,5470,15342,
-1426,4829,21836,
-1018,5990,14191,
-813,5729,16250,
-1089,3190,28908,
-682,6910,13549,
-273,6034,15218,
-697,5168,13520,
-730,5060,17171,
-678,5679,14946,
-981,5117,16552,
-859,4773,16116,
-990,5090,15674,
-1027,5011,15465,
-938,4694,15382,
-978,4903,15516,
-1188,5090,15868,
-692,5335,15511,
-705,5566,15593,
-550,5768,16122,
-889,5798,14455,
-714,6655,15806,
-380,5942,15636,
-497,6312,15644,
-415,6797,14655,
-426,7294,15569,
-272,7155,15333,
-147,7613,15250,
-328,7451,15404,
-311,7399,15205,
-346,7739,14927,
-363,7843,14808,
-319,7880,14656,
-282,8158,14477,
-276,7781,13301,
-541,7968,14540,
-371,7729,13943,
-267,8010,14528,
-554,8397,14009,
-383,8408,13839,
-382,8287,13987,
-508,8250,13702,
-487,8137,14000,
-589,8776,13804,
-578,8668,13829,
-466,8654,13627,
-498,8689,13819,
-508,8801,13761,
-534,9367,13874,
-432,9408,13518,
-479,9504,13600,
-541,9253,13316,
-469,9253,13669,
-555,9599,13507,
-448,9457,13739,
-482,9777,13147,
-419,9975,13264,
-540,9592,13238,
-547,9652,13439,
-550,9628,13368,
-531,9871,13548,
-507,9723,13302,
-547,9923,13232,
-473,9713,13575,
-652,10085,13322,
-606,10011,13163,
-603,9895,13450,
-633,9795,13373,
-528,9777,13157,
-575,9864,13311,
-635,10090,13275,
-596,10185,13281,
-501,10303,13431,
-528,10274,13318,
-526,10408,13279,
-678,10166,12333,
-371,11312,12851,
-386,10551,13332,
-266,10658,13230,
-622,10022,13011,
-606,10041,13127,
-656,10154,12948,
-610,10337,12966,
-657,10365,12963,
-166,11023,15191,
-590,10523,13049,
-758,9828,13006,
-728,10135,12842,
-690,10052,12772,
235,9623,12276,
232,9249,13588,
987,11551,13079,
-259,8930,13177,
-1709,9051,13042,
-2332,8146,12912,
689,10335,12665,
-279,9456,12816,
-301,8955,12512,
-413,9593,12582,
-391,9201,12446,
-379,9260,12809,
-404,9224,12677,
-987,9218,12609,
-561,9313,12788,
-724,9149,13128,
-866,8956,13138,
-780,9157,13455,
-591,9249,13322,
-700,9256,12967,
-771,9381,12715,
-945,9971,12375,
-1013,10206,12282,
-1019,10458,12127,
-1208,10664,12101,
-891,11060,12301,
-1153,11637,11882,
-1339,12343,11374,
-564,11389,11559,
-1225,12218,13089,
-1306,11457,11434,
-1170,11918,11342,
-1119,11707,11456,
-362,9746,11502,
-1038,12086,10926,
-1055,11484,11133,
-1467,11755,11109,
-935,11701,11448,
-1000,11919,11627,
-979,12325,11495,
-995,12589,11507,
-1241,13206,11195,
-1437,13419,10881,
-833,12846,11063,
-816,12569,10939,
-951,12475,10845,
-1130,12346,11207,
-1161,12332,10703,
-1077,12001,10740,
-1324,11971,10624,
-1547,12122,10627,
-1947,11788,10451,
-1130,12288,10488,
-465,12158,10285,
-467,11961,10819,
-609,12625,10406,
-837,12321,11201,
-1195,13098,10607,
-1243,13020,10202,
-1494,13164,9633,
-1488,13557,9758,
-1382,13570,9930,
-363,15634,10102,
-1500,13025,9259,
-317,13320,10987,
4320,9080,1861,
-373,8065,-2250,
256,10810,8752,
-1930,14692,12193,
-2642,14158,10889,
-2620,10845,13991,
-1584,14483,10710,
-1110,14550,10341,
-1064,13163,11449,
-1111,13870,11377,
-1108,14035,11321,
-1423,13452,11814,
-1253,14293,11759,
-1310,12769,11374,
-1184,12798,11413,
-1097,12914,11152,
-1255,12662,11322,
-1248,12109,11711,
-1459,11913,11896,
-1338,11902,11382,
-1382,11311,11895,
-1346,11510,11320,
-1462,11735,11228,
-1458,11485,11913,
-1568,11939,11421,
-1592,11332,12091,
-1719,11175,11733,
-1720,11346,11943,
-1942,10888,11984,
-1827,10535,11604,
-3244,15369,13785,
-2370,10592,17220,
-999,10519,11273,
-1719,11900,11650,
-1546,11756,12220,
-1807,10632,12608,
-2334,9938,12960,
-2906,6420,15960,
-576,11566,8877,
-1028,11811,11079,
-2555,8232,12174,
-733,13494,11001,
-716,13972,11073,
-2723,10047,14194,
-2266,10401,12820,
-1034,10948,12013,
-1152,10982,11681,
-1213,11586,12331,
-1238,12645,12203,
-1472,11257,12021,
-1483,11373,12385,
-1487,10637,12563,
-1732,9899,13234,
-1719,9526,12426,
-1411,9994,12047,
-1361,11405,12641,
-1311,11028,12678,
-930,11623,11709,
-1182,11271,12366,
-1263,11379,13033,
-1308,10818,13616,
-805,11410,12041,
-798,10943,12532,
-1147,9882,12793,
-963,9964,12489,
-896,10966,12187,
-1079,11089,11565,
-1107,10891,12455,
-868,10758,12891,
-1065,11059,11966,
-1686,10392,13972,
-1638,9931,13708,
-567,11824,12703,
-965,10734,12343,
-798,10697,12264,
-907,10607,12307,
-1039,10480,12572,
-1013,10518,12847,
-1047,10432,12740,
-872,10445,12676,
-919,10394,13149,
-1351,8962,13583,
-1441,8531,13423,
-1140,9316,13003,
-1187,9776,12506,
-995,9959,13025,
-1008,10034,12809,
-1029,10304,12606,
-1134,10017,12728,
-1220,9799,12612,
-1170,10198,12394,
-1310,9809,12688,
-1112,9903,12766,
-1394,9766,12951,
-1128,10373,12760,
-1261,9992,13066,
-1212,9954,13247,
-1184,10000,13241,
-1260,9884,13391,
-1230,10186,13474,
-1053,10385,13589,
-1233,10122,13202,
-927,10266,13724,
-1220,10101,13108,
-1142,10117,13443,
-1079,10192,13315,
-1097,10225,13244,
-1054,10246,13421,
-1133,10337,13265,
-1070,10147,13460,
-1186,10274,13038,
-1239,11107,12432,
-1269,9652,12117,
-1093,9732,13787,
-965,9902,13404,
-1034,10000,12576,
-1082,10031,12538,
-954,9755,12788,
-1040,9816,12639,
-1086,9748,12814,
-1102,9652,13013,
-1179,9740,12940,
-1244,9544,12901,
-1301,9542,12913,
-1152,9666,13061,
-1247,9505,13236,
-1081,9745,12954,
-1286,9627,12696,
-1333,9449,12990,
-1371,9464,12726,
-1234,9564,12593,
-1116,9699,12626,
-1224,9470,12658,
-1219,9617,12701,
-1216,9635,12732,
-1245,9547,12745,
-1174,9524,12797,
-1137,9613,12634,
-949,9654,12555,
-1029,9426,12579,
-975,9391,12656,
-1009,9409,12583,
-1074,9146,12885,
-1065,9353,12961,
-973,9614,13097,
-1237,9239,13516,
-1089,9448,13731,
-1005,9724,13315,
-1352,9556,13500,
-1114,9311,14033,
-1208,9647,13449,
-1102,9684,14110,
-957,9662,13719,
-1086,9494,13692,
-1026,9541,13894,
-877,9924,13818,
-1074,9552,13999,
-1242,9478,14568,
-1125,9821,14376,
-1005,9713,14546,
-1065,9823,14382,
-1190,9823,14185,
-974,9798,14188,
-969,9719,13991,
-898,9658,13675,
-934,9464,13627,
-1000,9271,13416,
-1010,9194,13287,
-1133,9137,13307,
-1154,9068,13477,
-1054,8992,13326,
-1033,8872,13016,
-1081,8791,13203,
-1068,8825,13189,
-1123,8790,13173,
-1154,8790,13238,
-1170,8724,13385,
-1195,8736,13453,
-1114,8885,13676,
-1223,8860,13607,
-1158,9041,13729,
-1195,9111,13963,
-1161,8969,14083,
-1112,8809,14029,
-1101,8582,13978,
-1073,8574,13917,
-2081,8116,14670,
-1018,8986,14533,
-1144,8449,14409,
-1263,8792,14228,
-1107,8800,14219,
-1100,8786,13952,
-1257,8553,14656,
-1424,8761,14582,
-1352,8599,14954,
-1390,9150,14232,
-1354,8805,14536,
-1596,8011,15145,
-933,9938,13224,
-631,9717,13393,
-1177,8700,13871,
-1896,8293,12371,
-1443,8477,14217,
-1470,9037,14092,
-963,9762,14236,
-1761,8950,13962,
-1781,8637,13389,
-1809,8833,13599,
-1567,9062,13923,
-1212,9221,12920,
-217,10351,9394,
-2349,7483,14350,
-2357,8754,12623,
-2306,9293,14597,
-1952,9488,13645,
-1865,9218,13526,
-1844,9771,12863,
-1864,9499,13181,
-1973,9388,13262,
-2361,9338,13077,
-2263,12258,9007,
-1610,9326,13453,
-2067,9057,13215,
-2165,9276,13536,
-1848,8789,13806,
-1564,9337,13082,
-1322,11236,10833,
-1740,9495,13319,
-1625,9777,13344,
-1930,9685,12259,
-2093,8740,13044,
-1456,9541,12704,
-1447,9901,12250,
-2040,9235,12805,
-1991,8631,13383,
-1859,8368,12806,
-1564,8562,13239,
-1683,8471,13376,
-1973,8370,13256,
-1925,7769,14349,
-1789,8028,13851,
-1745,8349,13816,
-1863,8784,13647,
-1832,8429,13823,
-1638,9006,13205,
-1617,9373,13046,
-1738,9543,13495,
-1926,9498,13634,
-1643,9173,13335,
-1397,9497,12784,
-1500,9563,12878,
-1674,9273,13428,
-1766,8866,13533,
-1691,8750,13047,
-1288,8955,13053,
-2118,8931,13387,
-1692,8348,14543,
-1838,8833,14471,
-2011,8628,14680,
-1954,8866,14006,
-1674,8802,14554,
-2460,8671,14832,
-1988,8881,14275,
-1601,8711,14231,
-1670,9035,14410,
-1497,9124,13885,
-1593,8590,14243,
-1553,8559,13694,
-1642,8714,14202,
-1719,8523,14349,
-1641,8521,14698,
-2014,7983,14457,
-1480,9028,15196,
-1746,9134,14923,
-1654,9249,14975,
-1457,9296,14295,
-1364,9156,15410,
-1736,9108,14679,
-1759,9009,15107,
-1949,9312,14293,
-1862,9278,14795,
-1822,9488,14269,
-1844,9404,14788,
-1550,9992,14406,
-1650,9994,14422,
-1728,9611,14803,
-1488,9666,15152,
-1655,9314,14366,
-1406,9328,14819,
-1459,8460,12966,
-1875,8290,13665,
-1619,8521,12849,
-2140,8204,14105,
-2076,8428,14871,
-2563,8865,16011,
-2221,9490,16861,
-2128,9960,16412,
-2106,9963,15629,
-1896,10052,15591,
-1324,10518,15723,
12078,14745,-32764,
-6436,3100,11100,
-138,733,-6108,
1185,7563,-3184,
-317,9200,1339,
214,-5154,22039,
-4324,-7604,30254,
-3437,-3077,17546,
-1765,-1351,11299,
-2119,-7392,11921,
-3549,-7663,6945,
923,-8201,18613,
-3179,-8992,32764,
-285,-2264,23280,
-3263,4899,19255,
-2369,4324,16712,
-558,-1308,20379,
2784,-4614,21940,
4011,-8367,19862,
2511,-6494,16620,
3595,-5575,14264,
1606,-7294,12936,
618,-3548,10269,
-854,-2888,13485,
958,1137,18420,
1075,-2066,17334,
408,-1702,16133,
-356,-4686,16838,
-388,-4813,13019,
-459,-3473,13416,
-1036,-3850,11426,
-414,-1992,11810,
-362,-2261,11441,
6,-1296,12010,
-502,-1848,12327,
-1028,-39,14105,
-975,-521,15570,
-1145,-605,16138,
-1103,-362,15287,
-1226,-711,14825,
-1352,-1578,15647,
-1357,-908,16402,
-955,-1533,17408,
-1089,-2187,17926,
-1561,-1939,17423,
-1623,-789,17100,
-1060,698,16391,
-881,1249,18560,
-1025,1598,16696,
-1229,1202,14421,
-2520,646,15666,
-535,1101,5013,
-4328,-1557,14971,
-1455,674,15242,
1422,6509,18549,
1210,4313,14502,
80,5029,20807,
968,3137,14469,
-739,4840,15417,
-100,6870,19896,
480,4277,12256,
-1642,2607,12841,
-489,4275,14737,
-187,5628,17589,
-620,7044,16066,
-784,6106,18282,
-334,5678,17055,
-457,7379,17566,
-798,6796,17686,
56,6249,14204,
-1849,3785,13764,
-1546,2899,14667,
-1298,4751,12933,
-555,6977,11098,
-1131,6577,14291,
-2741,2609,12825,
1549,-6921,12347,
1675,-11169,11917,
5410,9658,11164,
2638,12228,21676,
-3117,1194,18316,
-3117,5859,20487,
-1122,6443,-9069,
-2726,6233,-17513,
2729,8611,728,
5287,9027,8959,
7909,17343,32764,
7014,-9730,32764,
2575,11023,11365,
5670,2252,21261,
-3038,-11924,28020,
-804,5796,32764,
3752,12024,25095,
3828,707,21800,
3590,3017,20468,
2523,6934,18052,
3410,80,15897,
1955,-2109,13576,
1285,-3980,14725,
1525,-779,14673,
1756,-268,13273,
1450,-3895,17565,
2150,1366,18071,
1564,1349,21097,
1410,401,16480,
2012,1555,13074,
2642,4662,14685,
2869,3863,15977,
1038,2222,14840,
2100,3621,15425,
2542,4985,16249,
3660,6701,16416,
3224,6424,18940,
984,1561,15267,
803,1927,16649,
1630,3116,16677,
2079,2972,14047,
2014,2545,12770,
1576,3305,15010,
2492,5547,15066,
2337,6903,16954,
2838,8119,15960,
1299,5409,18616,
1889,5889,15686,
2133,7972,16365,
2762,8065,15353,
2511,5628,12115,
2048,5707,13053,
2320,6423,14739,
2508,8188,13893,
2735,9122,14137,
2607,8686,14320,
2292,8008,14582,
1973,7957,15901,
1901,7946,15761,
1852,8294,15123,
1800,8123,14937,
2164,8674,14296,
1966,9005,15561,
2565,9195,16557,
3552,11342,16222,
3458,10765,13975,
2991,9341,14768,
3486,9423,14224,
1082,6969,14259,
-204,6533,11187,
-511,6488,13052,
-13,6440,14751,
-142,8118,13399,
478,8944,12831,
645,9234,11889,
-282,7496,8803,
742,7597,11409,
869,7418,14314,
1059,9003,14234,
1061,9154,14945,
1172,8627,13193,
921,7250,10907,
430,8471,14565,
1307,7529,11219,
854,9023,14408,
899,8759,13922,
138,6054,13228,
825,8516,14466,
329,7802,14300,
64,8342,15182,
937,9248,12315,
2667,10560,20369,
1485,10685,15648,
601,8188,13622,
1269,8111,14393,
754,8473,15114,
591,9832,14106,
416,8193,14605,
239,10044,13061,
505,7947,15583,
1060,8164,15235,
650,7651,15307,
757,8667,14494,
1410,7496,15159,
571,7888,12996,
833,8524,13541,
370,8465,12422,
-494,9254,13430,
-234,9510,13778,
-115,9866,13766,
-41,9019,13442,
170,9105,13957,
1074,9123,14290,
450,10067,14548,
2027,7873,15144,
-1872,13870,16572,
-486,12966,12720,
-951,10005,14465,
294,8752,14354,
-257,9599,13931,
-532,9692,14486,
-1870,9824,11298,
-1480,10403,8372,
-2350,9977,12816,
-1100,10188,11660,
-77,10339,11630,
-531,8495,10746,
-1453,7820,11804,
-1951,9502,12483,
-3241,9376,11169,
-2396,9730,11952,
-1821,9495,11952,
-2126,9265,12483,
-1398,8757,13364,
-950,7703,14909,
-303,8986,14412,
-425,9071,15163,
-1051,9324,14524,
-1414,8956,15633,
-178,9539,14421,
-358,8413,13615,
-913,10075,14432,
-1794,9801,11248,
-1540,7338,14705,
-2705,9053,9859,
-2722,10583,9587,
-2680,9853,11908,
-2025,11141,11501,
-2767,10925,11649,
-2361,12055,11697,
-2433,11122,13090,
-2212,10687,12797,
-2420,12208,12978,
-2366,11431,11242,
-2280,10791,12816,
-2258,11133,10540,
-2710,10610,10247,
-2775,11504,10400,
-2661,11448,10001,
-2809,11178,10284,
-2565,12065,10469,
-3343,11723,11092,
-2925,13669,8958,
-3305,12433,8794,
-2794,11710,9445,
-2863,12080,9932,
-3012,11596,9668,
-2657,10558,7418,
-1618,10197,7055,
-1159,11448,-30022,
3137,9476,22344,
8,5662,32764,
1976,12531,31840,
-3331,8826,32764,
-1160,9459,5120,
-1137,7712,11893,
-535,5810,9583,
-335,5735,20079,
-127,7945,18911,
-532,9895,15300,
23,9835,14875,
-501,10215,15271,
-857,12820,12418,
-1062,16173,17004,
-1767,6219,9449,
-1402,10281,19858,
-1611,8675,15915,
-371,7803,12835,
-1583,9736,17331,
-1299,9789,14383,
-1422,9363,15656,
-922,9271,15617,
-477,9093,14872,
-565,8537,14255,
-908,6647,11662,
-791,8082,16072,
-524,9544,13645,
-1406,8729,16117,
-470,8383,13126,
-589,9006,12667,
-907,9193,13687,
-70,10557,13426,
-1177,8709,13911,
-1132,9018,13351,
-1627,6824,14919,
-1120,8207,13958,
-1224,8284,14365,
-1050,8514,14260,
-1341,7657,14711,
-1008,8266,14699,
-759,8288,14388,
-681,7785,15192,
-1176,7474,15092,
-670,8055,15070,
-5267,2278,20605,
1393,11419,7176,
-280,7425,15122,
-447,8167,13009,
-1269,8891,13878,
-718,8553,12415,
-523,8617,11570,
-1104,9499,12976,
-1204,11579,16651,
-797,11382,16926,
-3280,7020,11786,
-803,10484,14334,
-1171,10483,12992,
-507,10103,12474,
-806,10258,13626,
-562,10557,12648,
-707,10381,13845,
-486,9943,12214,
-792,10297,12933,
-892,10374,13238,
-817,10319,13156,
-906,10155,13710,
-889,9978,13356,
-1101,10418,13610,
-1115,10109,13936,
-1061,9907,14037,
-1223,10367,13838,
-1777,9870,14130,
-2206,9458,13800,
-1864,10993,13096,
-1422,10444,12765,
-1021,9501,13269,
-229,10365,13303,
-425,9162,12364,
-362,10177,13065,
-933,9986,12410,
-1205,10132,12938,
-920,10606,12533,
-1592,10021,12203,
-1433,10593,12349,
-2005,9844,11533,
-1715,10364,12273,
-1633,10984,12566,
-2904,10009,12287,
-1871,10318,12683,
-2127,10075,12682,
-1344,10701,11888,
-1885,8953,13324,
-1079,9951,12174,
-763,9096,11894,
-1043,8243,11267,
-196,9827,12267,
-847,9566,11385,
-521,10720,12093,
-1404,10946,12575,
-1400,10238,12531,
-1076,10134,12788,
-1119,9854,12910,
-1197,10127,12888,
-1229,10439,13004,
-1201,10834,13119,
-1624,11139,12408,
-955,14976,18262,
-964,13085,14221,
-1616,11136,13062,
-1326,10808,13135,
-1345,10489,12755,
-1379,10814,12628,
-1273,10941,12382,
-1068,10640,12579,
-890,10593,12610,
-1054,10559,12433,
-1090,10530,12257,
-1032,10638,12225,
-1026,10756,12239,
-1112,10796,12313,
-1119,10731,12319,
-1117,10413,12377,
-1093,10466,12204,
-975,10570,12434,
-884,9865,13006,
-852,9950,12815,
-1106,10046,13128,
-1125,10067,12795,
-798,9657,12916,
-711,9312,12815,
-688,9548,12828,
-1098,10443,12521,
-1362,10373,12442,
-1350,10650,12648,
-1104,10746,12699,
-1048,10316,12794,
-619,10610,12179,
-955,10047,12201,
-867,10473,12599,
-953,10616,12867,
-1261,10700,13081,
-1211,10517,13182,
-1020,10130,12729,
-1008,9641,12692,
-854,9049,13472,
-1036,9476,13266,
-1104,9971,13389,
-254,8439,13066,
927,8313,13332,
319,7824,14096,
-1132,8018,13116,
-569,8342,13439,
-835,9622,14092,
-999,9087,12520,
-768,9048,13393,
-671,9782,12984,
-660,10135,13867,
-325,10611,14672,
-624,10403,13516,
-919,9665,12574,
-562,9287,13990,
-155,9780,13384,
-551,8980,13803,
-785,9364,13749,
-608,9360,14026,
-875,8886,13438,
-573,9215,13724,
-385,9369,12449,
-432,9770,13469,
-395,9356,12754,
-507,9213,12797,
-374,9008,13023,
-401,8612,13168,
-474,8572,13429,
-505,8501,13272,
-296,8122,13077,
-637,8174,13794,
-519,8200,13826,
-217,8270,13824,
-322,8149,13702,
-254,8176,13928,
-296,7836,14087,
-244,7758,13894,
-502,7780,14325,
-181,8246,14229,
-378,7554,14081,
-362,7886,13924,
-415,7711,14298,
-151,8370,14962,
-399,8076,14680,
-742,8103,15090,
-302,7865,14781,
-171,8466,14949,
-249,8311,14458,
-281,8177,14487,
-165,8327,14784,
-138,8376,14600,
-208,8375,14478,
2,8560,14752,
-107,8367,14549,
-236,8250,14545,
-278,8262,14496,
-215,8533,14601,
-292,8312,14638,
-263,8362,14479,
-315,8317,14301,
-274,8526,14273,
-419,8595,14352,
-459,8766,14131,
-574,8852,13957,
-534,8778,13894,
-343,8927,13642,
-474,8823,13654,
-441,8921,13817,
-526,9047,13651,
-605,8988,13576,
-653,9149,13458,
-706,9384,13371,
-911,9621,13343,
-705,8560,14183,
-1366,9961,13554,
-948,10441,13706,
-1166,10549,13370,
-1654,10312,13589,
-593,9977,12897,
-584,9452,13256,
-917,8883,13225,
-1345,8098,14838,
-316,9455,13384,
-119,9085,12735,
-309,10205,13508,
-1369,9197,9917,
-1850,9758,12866,
-193,10143,13446,
-458,9301,13603,
-445,7813,12921,
-209,5920,13921,
-1075,8066,14270,
-450,8206,14192,
-1131,7527,14741,
-526,7813,15283,
-624,7537,15130,
-886,6518,15086,
-1087,6552,15327,
-1359,6163,16297,
-1224,7975,15382,
-1278,6742,15101,
-1188,6944,15490,
-1030,7714,17853,
-910,6840,15169,
-1084,6910,15626,
-442,6458,15133,
-683,6088,16734,
-284,6486,15114,
-604,6404,15269,
-320,7124,15597,
-740,7224,15067,
-690,6879,15012,
-966,7223,14558,
-1104,6494,14481,
-1540,6282,15447,
-990,5903,15348,
-541,6532,15006,
258,6104,14939,
317,5913,15344,
-1834,7911,12887,
-1287,7553,14467,
-868,7485,15136,
-645,6564,13793,
-338,6272,13667,
-413,6608,13807,
-382,6736,13810,
-594,6602,13890,
-732,6478,14052,
-784,6514,14425,
-759,6419,14444,
-772,6609,14570,
-180,6025,14683,
-513,7361,14899,
-853,6601,14740,
-731,6724,14954,
-678,6775,15057,
-537,6580,14953,
-549,7029,15218,
-380,7912,15252,
-82,8161,15737,
-886,6839,13902,
-712,7553,16064,
-496,7751,15124,
-886,7226,15696,
-864,6899,15464,
-419,7425,15351,
-487,7521,15106,
-240,7652,14983,
93,7805,14363,
-361,7174,14989,
-566,7292,14775,
-730,7416,15034,
-171,8168,14897,
248,8233,14571,
-468,7551,14368,
-298,8431,14600,
-778,8032,14105,
-132,8542,14819,
-480,8404,14501,
-480,8168,14390,
-738,7913,14559,
-767,8306,14212,
-1008,8221,13851,
-851,8137,14003,
-902,8324,14583,
-497,8161,14131,
-434,7722,13569,
331,8242,13907,
-211,7626,14016,
-459,7936,14058,
-267,8043,13593,
-205,8484,13912,
-102,7849,14395,
69,7932,15299,
30,6888,13887,
-306,7435,14190,
-1060,7271,14428,
-633,7329,14214,
-492,7730,13936,
-614,7792,14187,
-84,7681,14511,
-438,8319,13493,
-11,7724,13920,
-221,7091,15007,
-599,7482,15584,
-6,7572,15284,
-33,8066,15567,
-674,8010,15448,
-442,8234,15207,
-240,7877,15078,
-218,7693,14987,
-110,7746,14605,
184,7724,15025,
218,7414,15055,
148,7644,15068,
81,7915,15437,
132,7281,15277,
312,7543,14908,
-145,9883,14197,
-13,8196,14891,
-8,8104,14476,
9,8067,13893,
178,8135,14624,
75,8231,14051,
168,8374,13911,
220,8548,13710,
-118,7997,13997,
-228,7717,14046,
-91,8029,13880,
127,8016,14116,
320,8191,13838,
-13,7884,13461,
-65,8371,14079,
-18,8127,14149,
-219,7943,13527,
-160,8053,13813,
-84,7951,13696,
-125,7772,13917,
-58,8098,14065,
37,8027,14456,
-27,7881,13984,
-103,7923,14365,
-53,7830,14284,
60,7689,14310,
85,7779,14387,
65,7892,14671,
110,7936,14698,
336,7929,14592,
-385,6684,14561,
30,7891,15071,
193,7738,15117,
-33,7616,14918,
16,7605,14930,
42,7621,14734,
141,7808,14884,
157,7570,14976,
117,7646,14841,
248,7673,14996,
372,7596,14628,
312,7463,14692,
380,7452,14671,
256,7456,14704,
177,7517,14763,
178,7563,14735,
136,7613,14598,
173,7583,14527,
123,7639,14518,
119,7590,14399,
99,7646,14572,
155,7607,14432,
40,7509,14342,
114,7589,14387,
106,7567,14403,
244,7637,14419,
29,7360,14294,
95,7522,14603,
6,7304,14304,
193,7199,14621,
118,7087,15187,
-91,7059,15288,
253,7195,14851,
24,6602,15109,
76,6969,15032,
146,6601,15002,
300,6571,14828,
363,6467,15131,
259,6274,15137,
224,6286,15353,
8,6066,15262,
284,6765,15199,
153,6282,15537,
277,6418,15200,
176,6358,15491,
183,6261,15392,
256,6196,15309,
222,6186,15301,
186,6122,15500,
232,6148,15346,
256,6120,15426,
146,6083,15465,
175,6049,15643,
92,6076,15211,
370,6123,15320,
256,5868,15280,
300,6028,15259,
264,5971,15221,
228,5833,15276,
215,5788,15306,
195,5724,15464,
176,5684,15634,
152,5524,15649,
162,5419,15955,
306,5602,15449,
26,5573,15642,
229,5599,15883,
274,5339,15561,
217,5382,15431,
209,5409,15817,
253,5476,15646,
282,5203,15817,
146,5327,15572,
289,5523,15957,
171,5134,15651,
214,5027,15871,
228,5211,15500,
115,5176,15825,
317,5024,15718,
268,5013,15373,
262,5093,15604,
265,4748,15634,
210,4930,15316,
236,4957,15534,
213,4697,15715,
267,5100,15702,
218,4981,15447,
321,5032,15776,
215,5112,15546,
72,5031,15865,
155,4959,15696,
265,5051,15766,
249,5047,15578,
160,4897,15644,
173,4865,15569,
161,4820,15620,
234,4933,15538,
204,4920,15604,
123,4928,15551,
245,4853,15463,
251,4852,15533,
97,4875,15837,
165,5126,15892,
87,4823,15841,
103,4923,15771,
215,4973,15865,
236,5060,15748,
157,4869,15801,
183,4914,15720,
186,4809,15733,
189,4728,15767,
215,4682,15898,
237,4742,15705,
292,4798,15745,
211,4819,15796,
267,4888,15830,
255,4936,15874,
191,4862,15868,
172,4790,15966,
157,4736,15917,
239,4705,15789,
193,4598,15727,
181,4732,15728,
327,4843,15918,
287,4732,15792,
234,4642,15751,
231,4643,15692,
163,4641,15931,
330,4652,15745,
161,4606,15727,
215,4771,15948,
204,4731,15899,
239,4681,15856,
275,4597,15582,
69,4449,15820,
307,4722,15858,
247,4635,15685,
230,4676,15658,
203,4627,15734,
168,4624,15641,
215,4626,15781,
135,4508,15901,
176,4587,15704,
270,4723,15897,
127,4650,16044,
249,4717,16078,
320,4543,16150,
50,4556,15989,
-31,4556,15701,
304,4848,15786,
557,4581,15956,
195,4566,15535,
221,4611,15553,
154,4451,15654,
507,4441,15658,
137,4601,15563,
150,4587,16044,
-93,4572,15780,
444,4875,15848,
151,4664,15778,
454,4472,15602,
183,4510,15470,
162,4384,15578,
164,4092,15614,
-84,4395,15931,
466,4534,15686,
92,4254,15771,
195,4426,15768,
269,4650,15700,
139,4440,15683,
159,4601,16143,
190,4626,16160,
158,4647,16096,
196,4546,16036,
259,4505,15752,
161,4381,15860,
176,4508,15979,
223,4396,15873,
254,4340,15768,
140,4249,15769,
257,4303,15717,
207,4247,15732,
199,4308,15837,
228,4293,15935,
232,4312,15914,
212,4311,15856,
192,4282,15916,
246,4259,15993,
264,4323,15778,
144,4321,15868,
152,4285,16057,
288,4492,15964,
62,4256,16040,
140,4400,15815,
39,4281,15863,
234,4404,15709,
166,4480,15691,
70,4353,15869,
348,4461,15651,
146,4025,15887,
233,4196,15579,
201,4015,15393,
219,4102,15712,
-123,4018,15834,
265,4234,15891,
20,4002,15855,
127,4283,15445,
118,3971,16033,
142,4172,15919,
141,4105,15916,
84,4340,16240,
194,4244,16299,
181,4169,16058,
151,4201,16055,
117,4041,16163,
159,4094,16128,
192,4119,16077,
213,4201,16056,
240,4231,16106,
224,4225,16069,
244,4252,16076,
195,4198,16138,
190,4287,16217,
208,4307,16105,
219,4316,16083,
224,4256,16017,
235,4231,16007,
214,4250,15877,
152,4150,15906,
191,4182,15829,
239,4231,15861,
150,4128,15770,
161,4078,15635,
183,4095,15689,
153,4080,15680,
133,4092,15675,
203,4189,15712,
174,4129,15857,
248,3955,15732,
38,3971,15689,
-47,4026,16176,
163,4290,15903,
119,4095,16229,
230,4108,15653,
206,4045,15684,
226,4067,15747,
140,3945,15713,
124,3973,15829,
100,4075,15909,
109,4296,16095,
125,4362,16058,
140,4369,15935,
130,4245,15887,
166,4239,15883,
80,4339,16096,
135,4425,15941,
175,4391,15841,
189,4361,15776,
189,4348,15770,
185,4303,15783,
155,4387,15896,
185,4416,15859,
171,4490,15920,
250,4278,16015,
-5,4530,15905,
202,4582,15969,
-9,4489,15989,
163,4735,15948,
412,4809,15890,
246,4615,15655,
128,4467,15669,
159,4743,15766,
363,4853,15675,
264,4815,15655,
23,4774,16079,
185,5159,16014,
85,4765,15690,
121,4598,15827,
136,4735,15756,
190,4908,15852,
186,5039,15842,
169,5041,15893,
136,5070,15736,
169,4918,15657,
143,4930,15702,
238,5045,15635,
105,4937,15434,
107,5032,15519,
120,4916,15606,
31,4811,15625,
55,4928,15537,
100,4853,15637,
-12,4829,15583,
-14,4754,15633,
191,5068,15602,
94,4851,15391,
89,4750,15506,
61,4743,15415,
105,4844,15394,
14,4726,15365,
169,5196,15461,
-67,4996,15615,
80,5116,15737,
251,5323,15638,
45,5089,15575,
82,5080,15868,
133,5341,15709,
62,5190,15811,
34,5213,15738,
65,5259,15633,
21,5091,15618,
230,5172,15598,
111,5269,15610,
42,5231,15573,
127,5175,15586,
96,5221,15620,
59,5156,15665,
86,5076,15528,
27,5172,15676,
35,5323,15789,
81,5478,15649,
74,5265,15511,
-17,5198,15282,
144,5433,15686,
45,5458,15683,
25,5314,15704,
34,5337,15559,
46,5305,15555,
84,5307,15483,
-26,5411,15549,
30,5269,15554,
109,5364,15485,
-24,5179,15304,
64,5492,15336,
47,5372,15455,
77,5473,15470,
47,5429,15581,
-17,5638,15729,
-28,5472,15683,
35,5501,15670,
67,5562,15671,
35,5483,15676,
15,5577,15652,
68,5675,15582,
1,5601,15564,
-67,5477,15608,
9,5549,15602,
163,5777,15623,
-37,5717,15624,
-185,5437,15626,
-198,5687,15557,
-365,5363,15605,
151,6217,15576,
-243,6176,15372,
-136,6556,15054,
-620,6328,15081,
-407,5341,15155,
143,7318,15156,
-306,5548,15346,
364,6119,15470,
-153,6124,15419,
-251,6250,15090,
-306,6752,15484,
-438,6623,15117,
-510,6730,14906,
-1702,4650,16391,
-1771,3981,15899,
-689,4540,15682,
-435,6197,15989,
-614,6993,15976,
170,7641,13943,
-1480,6323,14984,
953,7883,15687,
433,6800,15762,
787,6963,16102,
466,6555,16347,
-106,6658,15829,
-173,7381,15637,
-139,7316,15560,
205,7116,13587,
373,6893,13993,
82,6078,13829,
192,5781,15076,
431,6422,15892,
470,6427,15624,
115,6715,15937,
-58,6795,15680,
45,6652,15346,
76,7069,14908,
-112,6503,14274,
-253,6173,14107,
-659,5324,14084,
-726,5717,15116,
-1186,5081,14480,
-485,6146,14614,
-128,7389,15432,
-839,6773,15526,
-949,7356,15722,
-831,7175,15982,
140,8030,15857,
-196,8245,16116,
-64,7839,16473,
-229,7253,14879,
-350,6837,16194,
441,8293,15804,
-514,7102,14980,
200,6819,14797,
-156,6673,14217,
-337,6266,14534,
-15,6825,14030,
13,6478,14414,
-219,6699,14706,
193,6114,14569,
155,6132,14478,
-194,5786,14209,
-203,5873,14635,
-212,6228,14530,
-535,5957,14468,
-379,6310,14693,
-224,6382,14483,
-597,6197,14342,
-325,6755,14329,
-609,6837,14742,
-117,7977,14830,
-450,6992,15146,
-989,6083,14630,
-425,6531,14129,
-1033,6281,15039,
-753,6266,15144,
-758,6785,15737,
-658,7283,15647,
-573,7367,15471,
-789,7439,17094,
-560,7253,15354,
-738,6984,15818,
-805,7096,15893,
-566,6880,15986,
-466,6763,15510,
-428,6749,15428,
-476,6723,15137,
-396,6675,14990,
-303,6743,14914,
-373,6783,14856,
-442,6680,14933,
-434,6788,14966,
-688,6834,14993,
-786,6807,15108,
-794,6924,15158,
-921,6915,15146,
-646,7162,17733,
-654,6635,14119,
-772,6525,14793,
-746,6546,14693,
-715,6435,14705,
-865,6588,14922,
-867,6807,15004,
-795,6893,15007,
-770,6915,14966,
-807,6826,15049,
-1006,6728,15227,
-984,6714,15603,
-1351,6196,15712,
-868,6710,15498,
-1346,6045,15482,
-1543,5873,15305,
-1078,6247,15125,
-1003,6908,14824,
-718,6518,14453,
-373,7660,15092,
-993,6540,15050,
-698,6966,15211,
-2002,5377,15098,
206,8185,14540,
1367,8695,15374,
89,7782,15033,
-599,7190,15940,
-723,7038,14245,
-897,7397,15321,
-540,6853,14176,
-601,6727,14469,
-753,6849,14516,
-666,7017,14501,
-659,7011,14539,
-563,7268,14715,
-624,7151,14696,
-590,7078,14930,
-651,6973,14971,
-731,6775,14912,
-875,6558,15146,
-491,6497,15158,
-697,6137,14589,
-565,6210,13961,
-374,6176,14804,
-934,6514,14415,
-624,6808,14236,
-698,6934,14657,
-404,7050,14329,
-1057,6845,14092,
-1796,5424,15203,
-1219,6458,15106,
-886,7875,14692,
-875,7496,14724,
-1009,7067,15028,
-812,7138,15136,
-1049,7681,16256,
21,7607,15877,
-887,7646,14612,
-975,7573,15292,
-754,7084,14992,
-616,6834,15616,
-1048,6836,16208,
-1036,7064,14540,
-1128,6854,15493,
-1066,7370,15394,
-656,7819,14534,
-1284,6821,15298,
-1467,6561,14865,
-14161,-3363,15330,
497,9569,15608,
-945,6379,17271,
-860,6908,12791,
-457,7977,14171,
-836,7817,14496,
-1743,6700,14189,
-879,6862,15057,
-688,7113,15205,
-381,6964,15311,
38,6946,14449,
141,7217,15016,
-485,6929,15327,
-269,7372,15238,
-751,6763,15591,
-561,7067,15026,
-529,7017,14989,
-501,7045,14946,
-472,7436,14912,
-832,7158,15111,
-856,7228,15366,
-752,6969,15515,
-1145,6354,15756,
197,8884,15667,
-2114,5459,15636,
-848,6647,14395,
-83,7205,15078,
-935,6636,15018,
-1045,6676,14671,
-761,6948,14800,
-809,6798,15187,
-956,6609,15158,
-867,6745,14700,
-670,6896,14723,
-949,6447,14882,
-904,6839,14780,
-1234,6559,15005,
-778,7000,14801,
-910,6867,15071,
-737,6729,14733,
-1184,6675,14485,
-575,7290,14806,
-295,7450,15058,
-725,6997,15198,
-387,7758,14327,
-1080,6267,15008,
-1109,6180,15233,
-1196,6085,15050,
-716,6743,16190,
-921,6847,14621,
886,9221,14746,
-1113,6241,16053,
-965,6461,14361,
-346,7122,15233,
-820,6690,14861,
-486,7270,14239,
-1400,6510,14247,
-1004,7034,15340,
-1086,7683,14720,
-849,6326,15410,
-1216,7021,15016,
-2588,6802,15371,
-3685,4512,15278,
-3641,6019,15947,
6709,19520,25711,
3194,12136,15549,
-2058,1836,13872,
-1456,5231,15105,
-2548,5962,14031,
329,7509,14559,
137,7787,14966,
-1029,6909,15910,
-751,6734,14578,
-1358,5761,14485,
-621,6809,14716,
-301,6007,15497,
121,7378,14214,
-846,6701,14997,
-636,7188,14586,
-537,7032,14813,
-843,6728,14906,
-978,6523,14872,
-1108,6373,14613,
-1004,6288,14665,
-992,6128,14895,
-1296,5365,14867,
-2331,4896,14820,
-1017,6800,14044,
-890,7184,15066,
-887,7373,14749,
-406,7911,14317,
-675,7575,15188,
-676,7885,15091,
-784,7900,15159,
-771,7761,15069,
-799,7489,14917,
-759,7449,14938,
-698,7385,14673,
-655,7331,14653,
-675,7272,14491,
-674,7389,14594,
-612,7507,14718,
-622,7591,14744,
-756,7493,15029,
-860,7300,15132,
-896,7263,15240,
-857,7348,15106,
-827,7518,14945,
-808,7539,14883,
-829,7521,14768,
-879,7316,14769,
-880,7066,14776,
-770,7120,14570,
-746,7166,14435,
-824,7165,14536,
-852,7120,14646,
-904,7070,14736,
-800,7266,14632,
-832,7124,14714,
-954,7281,14524,
-958,7203,14720,
-945,7194,14803,
-874,7297,14599,
-936,7177,14663,
-971,7075,14625,
-902,7200,14562,
-922,7181,14468,
-909,7323,14639,
-899,7327,14531,
-915,7361,14618,
-985,7317,14672,
-883,7542,14636,
-880,7506,14565,
-1003,7255,14612,
-1167,6986,14801,
-1001,7158,14751,
-846,7379,14635,
-903,7466,14607,
-1068,7267,14775,
-956,7330,14810,
-946,7284,14957,
-961,7285,14996,
-895,7446,14983,
-891,7479,14948,
-906,7399,14990,
-916,7283,15025,
-857,7267,14987,
-854,7297,14911,
-852,7331,14848,
-854,7359,14918,
-829,7330,14948,
-879,7244,14867,
-886,7264,14805,
-831,7205,14698,
-970,7169,14802,
-987,7121,14833,
-1057,6855,14752,
-1028,6826,14875,
-993,6939,14737,
-935,7022,14648,
-943,7023,14645,
-998,6985,14630,
-967,7012,14680,
-971,6971,14777,
-914,6990,14659,
-955,7056,14624,
-930,7044,14701,
-1043,6811,14715,
-997,6822,14764,
-997,6779,14867,
-844,7003,14815,
-1158,6735,14905,
-1060,6740,15146,
-1019,6528,15039,
-911,6698,14820,
-787,6886,14881,
-858,7003,14854,
-820,7174,14844,
-746,7208,14796,
-845,7073,15106,
-894,7061,15177,
-817,7154,15184,
-801,7305,15064,
-875,7221,15247,
-898,7162,15322,
-823,7136,15353,
-738,7189,15280,
-816,7164,15226,
-796,7103,15106,
-766,6944,15088,
-809,7146,15096,
-838,7050,15066,
-828,6810,15087,
-818,6806,14900,
-848,6689,14890,
-833,6736,14650,
-927,6595,14739,
-908,6544,14630,
-964,6667,14824,
-821,6900,14862,
-794,6884,14634,
-876,6746,14631,
-931,6611,14650,
-1043,6580,14802,
-975,6618,14799,
-935,6828,14775,
-934,6913,14822,
-897,6983,14754,
-856,7059,14948,
-896,7070,15038,
-963,6992,15081,
-844,7123,15000,
-945,7072,15129,
-898,7162,15073,
-865,7135,14986,
-839,7121,14954,
-849,7176,14962,
-833,7216,14867,
-724,7179,14784,
-615,7216,14639,
-823,7018,14811,
-805,7079,14894,
-844,7111,14931,
-750,7247,14821,
-864,7228,14934,
-973,7110,15046,
-891,7198,15054,
-907,7232,14913,
-1014,7146,14989,
-1029,7092,14917,
-1015,6980,15031,
-941,7101,14819,
-973,7201,14832,
-940,7283,14725,
-855,7350,14665,
-897,7296,14673,
-873,7252,14662,
-864,7317,14677,
-906,7315,14580,
-883,7268,14646,
-907,7249,14736,
-926,7333,14748,
-881,7370,14716,
-874,7316,14738,
-866,7322,14740,
-882,7353,14663,
-905,7329,14631,
-868,7260,14758,
-883,7242,14674,
-839,7283,14736,
-865,7272,14708,
-889,7264,14793,
-901,7252,14835,
-942,7249,14972,
-958,7298,14977,
-922,7186,14760,
-926,7181,14885,
-888,7328,14819,
-845,7264,14790,
-879,7292,14857,
-876,7166,14749,
-953,7101,14724,
-788,7154,14733,
-929,7098,14697,
-914,7121,14727,
-849,7119,14749,
-883,7142,14775,
-976,7192,14840,
-942,7242,14918,
-920,7181,14932,
-938,7262,14854,
-881,7308,14693,
-932,6942,14737,
-838,7074,14631,
-801,7111,14631,
-835,7066,14628,
-803,6980,14653,
-854,6970,14765,
-885,6855,14887,
-887,6973,14911,
-821,7159,14913,
-867,7233,14872,
-882,7230,15009,
-873,7294,15069,
-900,7243,15105,
-871,7274,15083,
-840,7232,15081,
-868,7182,15021,
-804,7037,14981,
-921,7330,14993,
-857,7259,15037,
-868,7333,15106,
-943,7205,15011,
-897,7175,14912,
-900,7135,14957,
-879,7182,14888,
-847,7137,14628,
-936,7038,14540,
-871,7046,14516,
-951,6974,14399,
-911,7028,14536,
-919,7013,14510,
-914,7091,14459,
-879,6975,14395,
-945,6891,14481,
-912,6892,14526,
-931,6857,14601,
-923,6881,14561,
-921,6947,14685,
-926,7059,14773,
-884,7050,14790,
-977,7126,14994,
-710,7389,14869,
-963,7080,15128,
-1123,6884,15119,
-988,6960,15306,
-938,7004,15250,
-836,7185,15105,
-804,7316,14911,
-865,7227,14970,
-903,7138,15002,
-906,7111,14983,
-913,7125,15025,
-856,7210,14904,
-845,7139,14872,
-879,7122,14893,
-886,7125,14788,
-897,7155,14737,
-869,7147,14698,
-827,7052,14659,
-851,7028,14659,
-870,7047,14652,
-861,7046,14679,
-902,7038,14742,
-857,7172,14692,
-911,6984,14708,
-981,7000,14939,
-1044,6926,14929,
-983,7057,14855,
-883,7240,14866,
-795,7398,14724,
-1044,6928,14939,
-989,7112,14830,
-936,7020,14952,
-852,7038,14748,
-858,7095,14733,
-920,7167,14759,
-867,7083,14703,
-831,7148,14714,
-1042,6962,14896,
-927,6933,14829,
-922,6983,14825,
-964,7050,14868,
-1020,7181,14920,
-922,7159,14991,
-1019,7188,14791,
-911,7186,14840,
-881,7229,14907,
-899,7319,14857,
-907,7268,14901,
-883,7240,14896,
-832,7263,14849,
-852,7228,14796,
-833,7183,14811,
-815,7266,14793,
-788,7219,14747,
-818,7266,14816,
-816,7198,14651,
-753,7157,14630,
-813,7246,14721,
-845,7184,14700,
-940,7090,14814,
-849,7239,14815,
-883,7321,14759,
-805,7353,14899,
-879,7449,14824,
-805,7456,14781,
-825,7264,14867,
-976,7019,14823,
-969,6923,14796,
-831,7127,14709,
-835,7198,14682,
-921,7067,14790,
-954,7076,14821,
-889,7127,14797,
-871,7244,14850,
-889,7180,14920,
-896,7206,14857,
-843,7179,15013,
-840,7265,14982,
-855,7251,14797,
-854,7224,14831,
-815,7275,14811,
-805,7314,14716,
-752,7369,14670,
-767,7405,14660,
-776,7358,14789,
-792,7403,14818,
-814,7505,14864,
-848,7472,14845,
-860,7529,14733,
-849,7447,14868,
-868,7404,14869,
-857,7456,14854,
-879,7501,14733,
-818,7375,14656,
-771,7471,14665,
-800,7498,14661,
-838,7431,14594,
-836,7417,14577,
-839,7466,14548,
-803,7339,14527,
-859,7232,14514,
-871,7174,14515,
-811,7245,14491,
-902,7362,14549,
-984,7308,14585,
-897,7463,14502,
-907,7502,14517,
-843,7548,14571,
-849,7597,14476,
-906,7571,14638,
-848,7710,14505,
-964,7562,14681,
-1069,7417,14724,
-938,7620,14711,
-892,7614,14770,
-828,7697,14696,
-962,8169,14664,
-1254,7934,14719,
-1067,7737,14872,
-799,7682,14927,
-913,7928,14737,
-764,7816,14707,
-821,7908,14461,
-983,7732,14560,
-1138,7336,14768,
-1010,7403,14752,
-1018,7363,14598,
-929,7485,14479,
-987,7643,14508,
-940,7657,14412,
-896,7690,14390,
-845,7763,14283,
-1109,7457,14722,
-1049,7649,14610,
-977,7648,14567,
-970,7594,14494,
-943,7779,14514,
-983,7786,14503,
-909,7811,14536,
-887,7796,14477,
-952,7738,14483,
-916,7842,14452,
-911,7782,14385,
-898,7642,14418,
-956,7542,14372,
-965,7571,14320,
-885,7824,14426,
-961,7733,14480,
-1036,7601,14552,
-1033,7679,14553,
-1011,7601,14727,
-953,7766,14853,
-992,7792,14683,
-982,7891,14795,
-952,7905,14712,
-932,7813,14724,
-951,7747,14746,
-967,7707,14715,
-936,7676,14745,
-927,7638,14616,
-930,7660,14569,
-990,7514,14679,
-969,7569,14708,
-941,7585,14676,
-899,7621,14605,
-935,7609,14538,
-949,7590,14598,
-1000,7617,14627,
-969,7666,14546,
-990,7617,14508,
-968,7557,14474,
-739,8047,14398,
-985,7480,14536,
-1068,7486,14312,
-946,7507,14464,
-1046,7398,14415,
-1086,7409,14466,
-1013,7427,14388,
-959,7426,14367,
-1005,7394,14456,
-1027,7388,14408,
-990,7458,14459,
-1021,7470,14527,
-893,7548,14557,
-987,7449,14568,
-1120,7328,14698,
-1068,7426,14793,
-1101,7321,14765,
-1081,7461,14803,
-1012,7689,14750,
-1100,7611,14808,
-967,7493,14748,
-1078,7455,14737,
-1000,7485,14733,
-979,7620,14719,
-948,7633,14695,
-988,7644,14617,
-894,7704,14751,
-865,7587,14480,
-826,7727,15521,
-990,7704,14858,
-996,7511,14580,
-939,7428,14685,
-958,7492,14792,
-976,7668,14742,
-1015,7615,14627,
-937,7508,14628,
-901,7191,14676,
-1058,7601,14435,
-1060,7669,14517,
-939,7552,14642,
-1016,7588,14567,
-927,7413,14599,
-927,7354,14706,
-944,7467,14561,
-849,7490,14533,
-895,7586,14442,
-830,7576,14493,
-1111,7313,14673,
-926,7536,14631,
-969,7490,14707,
-1008,7404,14694,
-848,7734,14691,
-1154,7345,14793,
-1143,7444,14978,
-1218,7460,14765,
-1096,7163,14885,
-984,7327,14732,
-971,7539,14619,
-970,7497,14573,
-1021,7361,14692,
-1046,7351,14788,
-1050,7279,14789,
-1027,7347,14731,
-1058,7380,14708,
-1134,7374,14834,
-1129,7319,14876,
-1062,7354,14908,
-1039,7406,14772,
-1040,7380,14690,
-1079,7384,14736,
-1093,7425,14756,
-1059,7415,14789,
-1029,7416,14681,
-1036,7380,14675,
-1026,7361,14617,
-1019,7374,14654,
-1043,7422,14669,
-1040,7393,14648,
-1047,7460,14601,
-1031,7397,14570,
-980,7398,14584,
-1050,7370,14541,
-1090,7399,14688,
-1008,7393,14630,
-1084,7381,14730,
-1081,7379,14702,
-1105,7395,14702,
-1021,7364,14696,
-1066,7384,14638,
-1068,7334,14767,
-1103,7271,14723,
-1057,7327,14775,
-1058,7308,14689,
-1062,7304,14786,
-1059,7296,14781,
-1068,7283,14782,
-1068,7292,14806,
-1026,7304,14713,
-1081,7248,14787,
-1056,7277,14749,
-1045,7282,14799,
-996,7250,14710,
-1030,7182,14754,
-1056,7167,14761,
-1042,7180,14741,
-1025,7226,14822,
-1022,7267,14799,
-1010,7324,14792,
-1038,7263,14713,
-1013,7284,14712,
-991,7270,14691,
-1023,7259,14744,
-1024,7295,14728,
-1051,7274,14700,
-1017,7342,14690,
-1043,7320,14700,
-1012,7280,14745,
-1065,7266,14799,
-1066,7261,14848,
-1029,7279,14692,
-1096,7209,14821,
-1109,7245,14773,
-1061,7196,14864,
-1078,7161,14838,
-1010,7185,14785,
-1056,7176,14854,
-1083,7160,14728,
-1098,7127,14815,
-1132,7148,14759,
-1089,7101,14752,
-1068,7180,14714,
-1050,7156,14761,
-1039,7202,14720,
-1076,7115,14758,
-1097,7175,14821,
-1036,7252,14737,
-1043,7245,14776,
-1058,7147,14817,
-1051,7121,14889,
-1015,7103,14874,
-1050,7138,14895,
-1019,7168,14935,
-1031,7144,14891,
-1054,7127,14972,
-971,7179,14938,
-951,7153,14870,
-1001,7139,14848,
-996,7177,14867,
-999,7144,14857,
-1025,7181,14848,
-961,7205,14834,
-1024,7211,14768,
-937,7476,14732,
-1019,7256,14692,
-1052,7041,14863,
-1082,7054,14857,
-1125,7463,14581,
-1146,7672,15364,
-1303,7188,14828,
-935,7384,14805,
-1079,7105,14667,
-1025,7223,14691,
-1001,7062,14511,
-997,7052,14596,
-1041,7101,14603,
-1039,7008,14656,
-1094,7017,14708,
-1117,6967,14842,
-950,7223,14743,
-1097,7157,14969,
-1055,7193,14931,
-1042,7154,14946,
-1110,7060,14972,
-1163,7078,14996,
-1221,6979,15043,
-802,7275,14806,
-910,7224,14829,
-916,7379,14842,
-1034,7260,14934,
-961,7290,14911,
-1003,7218,14900,
-956,7280,14743,
-898,7277,14800,
-931,7213,14667,
-1001,7164,14766,
-937,7241,14889,
-1014,7309,14706,
-1108,7195,14905,
-735,7264,14608,
-940,6913,14911,
-959,7140,14813,
-1177,7140,14729,
-939,7296,14639,
-906,7032,14534,
-928,7018,14756,
-1013,7135,14858,
-1064,7294,14601,
-1066,7124,14578,
-1057,7042,14620,
-1004,7128,14611,
-1034,7176,14652,
-1076,7213,14646,
-1084,7172,14635,
-1065,7140,14681,
-1076,7247,14714,
-1055,7251,14705,
-1111,7191,14724,
-1079,7231,14671,
-1102,7254,14736,
-1037,7327,14714,
-1011,7253,14689,
-1060,7237,14560,
-1024,7254,14678,
-1024,7234,14680,
-1047,7225,14693,
-1007,7278,14790,
-1007,7283,14752,
-999,7286,14796,
-990,7307,14738,
-1015,7379,14759,
-1012,7385,14797,
-1013,7441,14851,
-999,7526,14822,
-996,7503,14816,
-984,7481,14858,
-1017,7453,14840,
-1000,7457,14878,
-1048,7477,14823,
-1001,7502,14827,
-999,7541,14777,
-959,7506,14748,
-1019,7449,14692,
-1039,7431,14776,
-978,7461,14711,
-995,7443,14588,
-982,7443,14569,
-1007,7466,14592,
-1060,7393,14693,
-1090,7371,14687,
-1014,7428,14658,
-1009,7425,14556,
-1073,7430,14590,
-1050,7404,14575,
-1072,7414,14581,
-1075,7402,14618,
-1038,7356,14606,
-1129,7328,14669,
-1036,7376,14567,
-1043,7389,14628,
-1025,7417,14545,
-1020,7485,14641,
-982,7533,14630,
-1023,7485,14649,
-1033,7404,14646,
-1034,7400,14658,
-1024,7458,14671,
-1037,7505,14652,
-1033,7521,14711,
-1080,7616,14722,
-995,7634,14602,
-1064,7801,14587,
-947,7517,14713,
-977,7429,14621,
-1090,7434,14632,
-1021,7554,14932,
-1038,7531,14615,
-1001,7530,14577,
-981,7698,14583,
-1044,7615,14648,
-987,7534,14570,
-985,7525,14486,
-1005,7509,14534,
-984,7607,14543,
-1027,7565,14576,
-1068,7618,14388,
-1062,7607,14601,
-1081,7505,14409,
-1093,7495,14228,
-1148,7921,13257,
-1317,7892,15016,
-1240,8076,14621,
-1330,8022,14654,
-1203,7900,14745,
-885,8419,14260,
-1008,8113,14436,
-1449,7959,13625,
-1080,8020,14032,
-947,8206,14033,
-998,8427,14024,
-956,8188,14165,
-1374,7881,14467,
-877,8541,14067,
-1261,8624,13826,
-802,8927,13568,
-1013,9242,13935,
-1143,9232,14035,
-1196,8654,13300,
-1326,8459,13863,
-683,9364,13368,
-1028,9269,12869,
-1230,9532,13657,
-1042,9640,13479,
-1553,8797,14227,
-1241,9209,13461,
-1178,9141,13225,
-1210,9166,13249,
-1197,9196,13310,
-1071,9169,13448,
-1179,9171,13435,
-1091,9094,13524,
-1187,9063,13382,
-1075,9225,13358,
-1083,9325,13139,
-1193,9268,13211,
-1359,9560,13061,
-1337,9699,13285,
-1208,9585,13403,
-1195,9456,13593,
-1205,9486,13578,
-1298,9325,13769,
-1118,9494,13615,
-1152,9481,13481,
-1256,9249,13258,
-1075,9321,12798,
-1623,9250,13024,
-1194,9013,13677,
-1083,9107,13775,
-1211,9474,13404,
-1292,9867,13757,
-1135,9662,13644,
-1445,9622,13169,
-1322,9977,13503,
-1233,10143,13474,
-1330,10030,13548,
-1102,9916,13600,
-1331,9882,14064,
-1070,9801,13836,
-1277,9662,13466,
-1064,9315,13814,
-841,9455,13161,
-1042,9391,13128,
-1033,9540,12824,
-1020,9723,12851,
-1166,9977,12814,
-1423,9945,13186,
-896,9896,13106,
-1095,9764,12658,
-1374,10093,12702,
-999,10509,12774,
-1242,10095,12785,
-1193,10219,12882,
-1164,10194,13071,
-1219,10059,13055,
-1161,10060,13177,
-1175,10291,12840,
-1351,10040,13166,
-1455,10506,12731,
-1019,9506,13519,
-1075,9576,13528,
-1062,9684,12756,
-996,9951,12732,
-1273,10070,12709,
-1338,10110,12690,
-1315,10238,12924,
-1469,10242,13071,
-1558,10059,13187,
-1508,10178,12978,
-1512,10142,13029,
-1693,10080,13215,
-1602,10119,13191,
-1221,10166,12898,
-1241,9923,13161,
-1240,9900,13207,
-1063,9585,13332,
-1072,9140,13277,
-980,9175,13172,
-1035,9115,13164,
-1152,9177,13129,
-1194,9440,13195,
-1151,9641,13307,
-1263,9665,13459,
-1321,9755,13543,
-1306,9854,13715,
-1284,9867,13664,
-1290,9833,13531,
-1272,9903,13472,
-1351,9960,13432,
-1365,9998,13313,
-1233,9904,13185,
-1197,9858,13097,
-1308,9856,13297,
-1367,9585,13401,
-1122,9705,13265,
-1325,9645,13070,
-1285,9638,13082,
-1410,9729,13226,
-1440,9655,13398,
-1399,9670,13375,
-1391,9416,13417,
-1380,9405,13420,
-1374,9416,13347,
-1473,9282,13475,
-1140,9564,13356,
-1301,9273,13533,
-1304,9250,13341,
-1378,9157,13445,
-1342,9045,13638,
-1375,9011,13618,
-1349,8967,14028,
-1147,9418,13852,
-1310,9023,13599,
-1332,8915,13157,
-1376,8818,13392,
-1394,8930,13496,
-1424,8927,13677,
-1488,8930,13555,
-1450,8881,13854,
-1577,8901,13831,
-1504,8925,13913,
-1417,9015,13849,
-1466,8999,13752,
-1457,8944,13831,
-1491,9016,13924,
-1472,8948,14015,
-1545,8835,13920,
-1566,8944,13830,
-1555,9020,13767,
-1537,9085,13621,
-1519,9038,13722,
-1470,8958,13687,
-1472,8843,13763,
-1486,8932,13699,
-1454,8870,13768,
-1471,8987,13784,
-1453,8972,13768,
-1414,8849,13726,
-1387,8924,13644,
-1383,8900,13749,
-1349,8888,13664,
-1381,8862,13770,
-1333,8702,13600,
-1419,8897,13792,
-1370,8915,13806,
-1455,8865,13872,
-1415,8776,13853,
-1408,8902,13967,
-1347,8962,13947,
-1427,8970,13916,
-1486,8930,13950,
-1464,9106,13842,
-1385,9078,13870,
-1469,8997,13885,
-1470,8912,13969,
-1518,8926,14004,
-1435,8947,13905,
-1538,8868,13866,
-1515,8850,13826,
-1438,8793,13665,
-1400,8745,13719,
-1360,8658,13447,
-1438,8615,13513,
-1437,8591,13706,
-1388,8580,13601,
-1433,8616,13623,
-1462,8585,13719,
-1427,8643,13724,
-1460,8660,13781,
-1402,8691,13816,
-1438,8716,13791,
-1423,8756,13834,
-1406,8796,13938,
-1454,8839,13993,
-1514,8760,14005,
-1392,8774,14003,
-1446,8771,14028,
-1498,8786,14048,
-1533,8667,14068,
-1439,8689,14076,
-1456,8741,14064,
-1421,8744,14025,
-1430,8697,14014,
-1440,8743,13999,
-1371,8719,13942,
-1423,8724,13925,
-1396,8648,13963,
-1357,8846,13810,
-1435,8606,14026,
-1446,8508,14019,
-1403,8482,14023,
-1476,8521,13891,
-1473,8618,13785,
-1437,8684,13888,
-1507,8576,13948,
-1502,8564,14000,
-1507,8670,13936,
-1440,8757,13962,
