-2290,12824,9446,
-2233,12974,9542,
-2212,13187,9509,
-2196,13314,9537,
-2146,13290,9673,
-2139,13262,9814,
-1939,13001,9890,
-1962,12722,9765,
-2010,12793,9723,
-1862,12855,9774,
-1853,12828,9927,
-1647,12754,10256,
-1542,12792,10587,
-1735,12617,10781,
-1716,12766,11048,
-1703,12816,10789,
-1797,12835,10579,
-1900,12768,10359,
-1786,12564,10222,
-1838,12607,9991,
-1817,12672,10060,
-1835,12464,10021,
-1763,12330,10066,
-1807,12371,10282,
-1823,12393,10354,
-1683,12583,10361,
-1737,12529,10463,
-1844,12531,10396,
-1827,12648,10366,
-1771,12637,10618,
-1782,12850,10729,
-1700,12697,11187,
-1638,12147,11534,
-1496,12405,11474,
-1539,12226,11800,
-1344,11739,11533,
-1221,11841,11398,
-1265,11969,11729,
-1479,11668,11247,
-1574,11549,11187,
-1463,11573,11273,
-1391,11539,11275,
-1444,11514,11508,
-899,11810,11738,
-3753,10370,8299,
-3030,11438,11047,
-2583,10890,11049,
-2464,10927,11601,
-1963,11122,11341,
-1732,11303,11642,
-2402,11561,11189,
-1387,11805,11652,
-2959,13906,11552,
-1879,11808,12570,
-1367,11856,11756,
-2725,11773,11634,
-995,11515,10749,
-2278,12128,11726,
-2246,11636,11592,
-2296,11519,11166,
-2488,12209,11245,
-2573,12097,11267,
-2488,12010,11152,
-2332,11898,11089,
-2266,11678,11098,
-2191,11429,10920,
-2153,11741,10959,
-2110,11813,11168,
-2234,11725,11206,
-2216,12017,11101,
-2137,12063,11093,
-2101,11757,11042,
-2190,11968,11027,
-2110,11938,11101,
-2204,11674,11183,
-2153,12137,11449,
-2235,12198,11437,
-2326,12233,11448,
-2507,12129,11192,
-2453,12165,11424,
-2400,12102,11417,
-2313,11811,11130,
-2366,11699,11390,
-2141,11505,11041,
-2182,11286,11040,
-2115,11362,11515,
-2134,11255,11360,
-2024,11470,11814,
-1766,10966,11329,
-1617,11429,11909,
-1900,11547,11936,
-1887,11685,12025,
-1775,11855,11609,
-1967,11514,11579,
-1642,11545,11721,
-1984,11565,11839,
-1995,11359,12056,
-1904,11136,11735,
-1961,11093,11858,
-2014,11040,11945,
-2093,11104,11789,
-2108,11876,11722,
-1860,11789,11932,
-2142,11666,11972,
-2137,11782,11755,
-1870,11692,11946,
-1812,11252,11978,
-1930,11206,11881,
-1841,11049,11850,
-1631,10810,11921,
-1590,10549,11914,
-1521,10834,11920,
-1616,10884,11868,
-1755,11020,11913,
-1549,11136,11912,
-1582,11152,11915,
-2454,10781,11361,
-1400,10942,11974,
-1734,10803,12186,
-1297,10822,12711,
-782,10465,12027,
-2373,10663,11978,
-3025,11836,11681,
-2084,11252,12627,
-2504,11144,12362,
-2734,11307,11627,
-2155,11134,11822,
-1708,10827,11758,
-2559,10165,12059,
-2203,10550,12109,
123,10500,12954,
-2695,8692,12727,
-2332,10917,11053,
-2296,10367,11542,
-2101,10834,12032,
-2023,11253,12486,
-1993,11236,12508,
-1918,11306,12393,
-1840,11386,12532,
-1580,11070,12743,
-1997,11035,12743,
-1750,11111,12966,
-2263,10554,12789,
-1598,10677,12993,
-1467,11001,13015,
-930,11283,12323,
-1381,10904,11901,
-1444,10467,11787,
-1323,10955,11866,
-1278,10717,11627,
-1304,10501,11638,
-176,10646,12188,
2422,11949,14269,
-1617,10803,11056,
-1576,10461,11597,
-1404,11101,11867,
-1315,11294,12534,
-1011,11400,12592,
-1051,11344,12328,
-1051,11376,12152,
-1160,10388,11635,
-1302,11189,12476,
-1057,11223,12707,
-1346,10965,11797,
-1389,11025,11778,
-1713,11542,11507,
-1251,11561,11988,
-1604,11494,12095,
-1820,11765,10953,
-1876,11908,11509,
-2081,12680,11005,
-2576,12518,10714,
-2162,12999,11084,
-1876,12912,10366,
-2273,13078,10291,
-2307,12465,10298,
-2195,12951,10163,
-2228,12658,9686,
-2378,12547,10155,
-2515,12585,9885,
-2331,12616,10055,
-1895,12841,10245,
-2064,12568,10402,
-1980,12421,10276,
-2164,12319,10157,
-1658,12492,10720,
-1188,12341,11277,
-1236,12408,11354,
-1728,11954,10498,
-1723,12118,13245,
-1269,11885,10744,
-756,11975,9207,
-970,12104,10944,
-1267,11528,10894,
-1211,12053,10520,
-1398,11896,10473,
-1204,11507,11611,
-1281,10935,12269,
-1002,11340,11447,
-1403,10520,12452,
-1149,10426,12440,
-1207,10257,12511,
-1389,10456,12646,
-886,10709,12886,
-1258,10481,12925,
-1272,10729,12616,
-1277,10578,12656,
-1312,10155,12628,
-1366,10115,12561,
-1095,10193,12905,
-1202,10268,13051,
-1082,10143,12873,
-1073,9996,12886,
-1101,9818,12739,
-984,9614,12758,
-1001,9719,12849,
-985,9986,13042,
-926,9927,13220,
-1038,10168,13175,
-892,9922,13145,
-878,9846,13156,
-1085,9936,13139,
-960,9814,13130,
-1363,9751,13026,
-1117,8943,12440,
-1875,9334,11955,
-1690,8884,12578,
-1363,8544,12382,
-1533,8589,12721,
-1392,7869,11994,
-773,8762,15459,
-1492,8195,11963,
-1420,13945,29975,
-1340,21262,32412,
-2281,4040,22569,
-2028,885,17424,
-2891,718,10623,
-3909,-2145,4716,
-4686,-4618,-3383,
-2505,-3523,-16463,
834,-3178,-27291,
3003,-2866,-27121,
4113,-5191,-25290,
4101,1020,-8598,
1769,4541,8284,
-4904,20591,32764,
-7440,22588,32764,
-6110,21764,32764,
-4364,20033,32764,
-1654,20618,32764,
-1334,14406,32015,
178,1074,16885,
7778,9344,-12269,
3991,-4808,-21786,
12662,-2842,7330,
5800,-9962,-32764,
5719,-6388,-32764,
6056,-3417,-15604,
6070,3509,-11994,
2471,6613,5643,
-3026,4923,31308,
-4038,10256,32764,
-5936,17632,32764,
-7145,19878,32764,
-6191,28047,32764,
-5571,31223,32764,
-4499,22941,32764,
-2317,10249,24633,
-1957,5215,21341,
-390,3589,3510,
3284,-1382,-8031,
2260,-2343,-16203,
-4640,-7682,1653,
-8088,157,32764,
44,-11027,20131,
2412,-153,-6353,
2343,5318,1387,
-223,5642,16614,
-2513,11422,31692,
-3854,10768,32764,
-5186,19371,32764,
-3373,25566,32764,
-3282,23924,32764,
-3556,20413,32764,
-2819,16006,28991,
-1391,9490,22201,
358,4859,11389,
648,-3354,-21972,
-591,-1467,-16472,
835,-5733,-14904,
321,3817,-786,
1259,5122,8382,
105,4034,20382,
-2410,6244,31086,
-5807,15555,32764,
-4724,17341,32764,
-4730,14429,32764,
-3552,25317,32764,
-3657,24392,32764,
1714,12139,32764,
2028,8033,23471,
1932,5317,6207,
2230,-6317,5206,
1348,-7727,-21448,
1122,-3860,-32764,
4507,4178,-32764,
3266,2166,-12617,
6952,-6562,-12420,
2107,2110,-10056,
3256,5673,10780,
204,6616,10536,
-8352,-4852,32764,
-5773,14803,32764,
-8148,14018,32764,
-6694,14379,32764,
-6159,32764,32764,
-975,29638,32764,
453,19016,32764,
2545,7679,28504,
2872,-5180,4693,
2751,-3761,-21753,
-194,-10287,-23415,
4971,-2636,17775,
2127,-3885,-18206,
-1961,9669,17804,
-2092,32764,32764,
2062,9469,29394,
2259,-6700,-29140,
4244,-5754,-32764,
1311,-1802,-6062,
6902,-1368,-5895,
5639,4777,-8699,
3176,-2334,17102,
-4643,16735,26661,
-6279,13304,32764,
-4581,13545,32764,
-2466,22427,32764,
-5350,6987,32764,
-1238,3380,23718,
2693,-1089,5274,
2366,-3911,-10633,
1784,-5526,-18026,
3589,-7100,-32764,
2414,121,-32764,
2083,-1303,-16126,
3848,4377,-29251,
2424,779,16606,
-1793,136,28764,
-2079,12901,31131,
-5867,11139,32764,
-6218,24218,32764,
-3884,24468,32764,
-3686,29299,32764,
-6972,9421,32764,
-1771,9112,26519,
973,1707,8945,
1447,2099,1612,
1769,3388,-6727,
1907,-4617,-13451,
-390,-3393,-9466,
-947,-4970,-11452,
0,-2945,-5804,
-986,-327,5435,
-7132,-3407,30042,
-12881,4071,32764,
-8461,12880,32764,
-7623,22129,32764,
-7295,26510,32764,
-6148,23959,32764,
-6295,14649,29715,
-1392,5427,19408,
-1283,4762,4587,
2257,-17750,-16921,
3721,7590,-18846,
3480,-3160,-10394,
2906,-2580,-3386,
4556,2706,8138,
-666,-1194,23189,
-6386,20046,32764,
-7306,29472,32764,
-3259,32764,32764,
-3177,31950,32764,
-3686,14121,32764,
-586,-482,32275,
-632,-3985,4580,
-1542,-4481,-5339,
-15,-7878,-30115,
4233,2111,-32764,
-167,23166,-3346,
4270,-17379,-30856,
5582,1333,-9823,
4880,2924,-6944,
5236,-432,2570,
7721,3037,19208,
-8158,-826,32764,
-6512,7884,32764,
-6961,24645,32764,
-4939,32764,32764,
-9321,32764,32764,
4029,32764,32764,
1067,30846,32764,
4534,10152,16535,
3898,-2580,-572,
4103,-6333,-14692,
5146,-11343,-25802,
1238,-14021,-31500,
3624,-13605,-32470,
10139,-6654,-32764,
3344,-5310,-25260,
4496,-705,13404,
4345,-1387,8165,
1839,1554,19772,
-3582,32764,26392,
-6789,10352,32764,
-3938,32764,32764,
-3300,32764,32764,
2722,2252,-4059,
856,-17639,-32764,
5107,-461,-2442,
-609,12417,31817,
-310,32239,32571,
-2286,32764,32764,
-5210,32764,32764,
-6696,32764,32764,
-2659,32700,32764,
421,13881,26896,
4077,6776,5140,
2494,-11665,-8804,
6380,-5058,266,
762,655,-32764,
1934,-15865,-17727,
3731,-956,-3521,
3152,2463,9395,
-2651,24953,11282,
-3490,19674,22982,
-2308,31899,32764,
-2790,32764,32764,
-3109,32764,32764,
-4330,32764,32764,
-2454,32587,32764,
1175,21631,26285,
1896,5742,10908,
1779,-13513,1546,
2737,-16570,-24756,
1534,-21292,-32693,
2513,-11715,-32179,
1990,-9468,-18729,
9505,-837,-23701,
8058,-120,-24561,
4025,3444,3543,
2975,32089,14916,
-3800,13159,32764,
-1114,32764,32652,
-6304,32764,32764,
-9920,32764,32764,
-7452,32764,32764,
-2820,32764,32764,
3295,18187,24457,
4139,1674,1735,
2161,-14296,-19157,
971,-19762,-32469,
-887,-24691,-28782,
4725,-17080,-32764,
11210,-15626,-32764,
6084,-8475,-22878,
-4345,27536,32764,
-4387,32764,32764,
-3090,32764,32764,
-3594,32764,32764,
-2381,32764,32764,
4914,2482,-5723,
4666,-12904,-32764,
9320,-8407,-20576,
6628,1431,-32764,
10886,687,18420,
-389,-13528,30757,
-2968,10679,32764,
-2492,31570,32764,
7986,32764,32764,
-8462,32764,32764,
-5518,32764,32764,
-4334,32764,32764,
5195,18969,28283,
4123,-7767,8334,
4274,-13270,-2587,
2704,-13852,-32749,
-5902,-15955,-18570,
20633,-25878,-32764,
6008,-6268,-32764,
6739,-2134,-29793,
9582,-4549,-624,
416,-3186,8479,
-3596,9026,27935,
4598,32011,32764,
-7980,31398,32764,
-2195,32764,32764,
-6736,32764,32764,
-6240,30150,32764,
679,7838,27199,
3704,-993,9074,
5186,-9708,-8692,
1979,-18892,-27556,
-4911,-32764,-32764,
2696,-18933,-32764,
10817,-3779,21471,
3343,10262,30311,
-6482,32764,32764,
5140,2420,13882,
3792,-16673,-32764,
8649,4157,-8213,
4635,-4506,2655,
-971,2209,16654,
532,9420,32764,
-1652,26153,32764,
-7456,32764,32764,
2463,32764,32764,
6655,32764,32764,
3055,24368,32764,
2895,-16952,-29695,
1042,-22369,-32764,
2206,14840,32492,
4981,-6029,-32764,
4594,-7606,-14624,
7271,-2324,-2349,
3411,-4427,6780,
464,-1958,32764,
2471,20337,32764,
940,32764,32764,
-9226,32764,32764,
-8314,32764,32764,
-4188,32764,32764,
5240,23404,32764,
7579,902,8833,
6543,-7515,-14670,
2025,-27433,-17060,
2396,-16805,-32764,
17879,-17811,-26206,
27516,-21229,-32764,
8583,3588,-32764,
11512,429,-8992,
1214,-1992,1395,
943,2215,32764,
-1193,11088,32764,
13941,32764,27655,
-3324,32764,32764,
7592,32764,32764,
-4672,32373,32764,
5877,17991,32764,
6922,11981,15545,
5063,-11636,-13858,
4023,-21598,-26734,
208,-28763,-32764,
6056,-10249,-16268,
2314,-1617,23578,
-819,749,27898,
5188,22293,32764,
-518,19822,32764,
-1898,32764,32764,
3364,-11097,-17351,
2440,-14752,-32764,
10075,-3192,-32764,
7349,722,-32764,
8863,-1388,-8963,
6157,7521,9193,
408,-5665,24090,
1181,15678,30636,
4370,22963,32764,
1590,26149,32764,
-2262,32764,32764,
2009,32764,32764,
2215,32764,32764,
758,18840,32764,
9754,11146,22491,
6507,-8966,-12922,
4198,-11086,-16682,
974,-21328,-32327,
-1856,-20205,-32764,
4172,16585,-32764,
-7842,-32764,22762,
5126,-22089,-29185,
3599,-9177,-10927,
4782,-3671,-11906,
7724,2069,-9768,
3667,-1346,7469,
-2372,8209,31246,
-1732,15290,32753,
-9508,21290,32764,
-3435,14982,32764,
-2834,31110,32764,
-3828,32584,32764,
-1613,32764,32764,
-3564,32764,32764,
370,32764,32764,
-2442,32764,32764,
899,32764,32764,
-701,32764,32764,
3742,32764,32764,
6947,30229,30549,
4621,11409,25702,
14940,8149,17869,
1593,12331,-1558,
8048,-125,3712,
8615,-12199,11321,
10129,-2014,-32764,
-2227,25838,32764,
-5980,32764,32764,
6391,22831,32764,
-271,-27433,-32764,
-442,-20075,-32764,
3359,-6783,-7559,
4028,5434,-32764,
6255,-3121,-32764,
1834,-2087,2406,
3497,-6251,-26105,
6511,-5528,14817,
4806,-1095,2212,
2326,-283,9827,
-645,-620,16674,
-7008,4159,32764,
1860,18710,32764,
-8152,20698,32764,
-7265,26007,32764,
-3076,25597,32764,
686,29020,32764,
-100,10557,32764,
11455,-565,17037,
4346,8620,-3929,
6181,-1815,-2232,
1045,-11001,-20389,
-221,-13174,-22269,
-819,-18196,-32764,
-1050,-21562,-32764,
-1446,-19281,-32764,
-2791,-21094,-32764,
-30,-8211,-32764,
-2547,5104,-16036,
7385,-3194,-32764,
4859,-4861,-27843,
8151,1061,-22513,
6348,691,-16784,
4824,-3514,-3830,
7184,-6,-7112,
3219,-8582,20403,
1103,376,30437,
-2562,-1140,32764,
-7080,13145,32764,
2463,8329,32764,
-2930,22577,32764,
-1644,25465,32764,
-3783,32764,32764,
-1657,32764,32764,
-3270,32764,32764,
-920,32764,32764,
1012,32764,32764,
2096,32764,32764,
5520,32764,32764,
5369,28387,32764,
5591,26774,32764,
371,-8727,29165,
12034,17013,31333,
9062,-8628,-3932,
3712,-10680,-7927,
12492,-10769,-19816,
6435,-8563,-24189,
725,-25209,-32764,
3454,12790,-32764,
-7663,-32764,-14034,
-22741,-32764,-32565,
4837,8392,-32764,
5216,-22415,-32764,
6034,-3075,-21232,
5039,-6924,-19042,
4310,-15068,-32764,
5557,-14000,-7736,
4841,-5468,9455,
6011,898,4248,
140,-5220,32764,
-3631,-1201,32764,
-1112,13439,32764,
-2836,32670,28298,
3199,32764,32764,
-3001,29345,32764,
-4471,32509,32764,
-4877,28837,32764,
-3227,32764,32764,
-3322,32764,32764,
-3057,32764,32764,
-4220,32764,32764,
-3685,32764,32764,
-1720,26548,32764,
2195,-16032,-11924,
8410,7519,-8297,
10233,-927,-5192,
7683,1649,-9354,
9406,277,-13672,
5825,-6301,7761,
1435,-3010,20247,
1306,5025,32764,
-2374,11529,32764,
-1682,11989,32764,
-12673,32764,32764,
-5757,22532,32764,
-5933,26436,32764,
-2777,30357,32764,
-4490,32764,32764,
-4289,32764,32764,
-1630,32764,32764,
-2581,32764,32764,
-4228,32764,32764,
-1009,29775,32764,
-797,14775,32764,
965,8341,27383,
939,4381,16750,
4197,4149,-671,
-736,-22065,2132,
2073,-8410,-12751,
436,-13377,-15123,
-7983,-32764,-30157,
-3749,-21900,-25776,
225,-17911,-32764,
-4207,-23074,-32764,
4126,15484,-32764,
2500,-25202,-32764,
3239,-16351,-31965,
-4861,2795,30611,
6703,938,-32764,
6967,3193,-5595,
11698,5422,-26728,
8389,-6915,2398,
3761,-2217,8780,
1381,-3036,32217,
4114,6904,32764,
3972,14642,32764,
-1069,17690,32764,
3194,31945,32764,
-1696,31529,32764,
-6412,26175,32764,
-5304,32764,32764,
-5242,32764,32764,
-8369,32764,32764,
-728,32764,32764,
572,32764,32764,
4076,32764,32764,
6152,28511,32764,
4002,15039,32764,
4313,19124,19620,
-1528,-8125,3133,
10703,4416,2751,
2556,-21147,-12784,
2186,-19486,-20338,
-11319,-32764,-32764,
4262,-16811,-31911,
877,-20023,-32764,
-752,-18925,-32764,
-1008,-19413,-32764,
-1890,-17902,-7623,
4454,-17309,-32764,
3702,-10242,-12835,
10899,-4028,-22768,
6358,-6446,-26506,
9431,-5017,-6715,
8197,-5486,-1112,
4938,-2324,11264,
2761,-5464,32689,
-1135,4210,32601,
1962,18944,32764,
2798,23407,32764,
-598,24100,32764,
-1625,28623,32764,
-6103,29262,32764,
-9057,24651,32764,
-7874,32764,32764,
-8672,32764,32764,
-9224,32764,32764,
-6350,32764,32764,
-5752,32649,32764,
-2524,27119,32764,
-2966,20077,32764,
2679,9597,27601,
3577,4149,14580,
7250,-8825,6329,
3844,-17882,1804,
6319,-2739,-17452,
2986,-12646,-13616,
-788,-13977,-28742,
-8922,-32764,-32764,
6800,-5645,-32764,
-8328,-24886,3197,
-6028,-32764,-32764,
4121,-22108,-32764,
2789,-15848,-32764,
3689,-11721,-32764,
7076,-7485,-29437,
9845,297,-17088,
10954,5620,-6657,
7605,-9426,-557,
4522,-12770,7711,
4804,-2111,9282,
-4480,5482,32764,
2770,5283,25019,
-1393,15559,32764,
263,20213,32764,
1191,32764,32764,
1757,32178,32764,
-4033,32764,32764,
-5564,32764,32764,
-4980,32764,32764,
-4716,32764,32764,
-1996,32764,32764,
-4038,32764,32764,
1296,32764,32764,
2742,27059,32764,
3493,19244,32764,
7584,-837,20331,
14194,-29,10936,
-423,4143,-12958,
4425,-21296,-8222,
-6226,-27489,-32764,
-2357,-32764,-29980,
-10466,-32041,-32764,
-3061,-32764,-31487,
18609,18627,6702,
-5913,-32764,32129,
2332,-32764,-32764,
-2631,-20647,-32764,
5634,9785,-3317,
8808,-955,-1597,
5078,4005,6902,
4035,12692,32764,
9971,32764,-21026,
-2615,-32764,-2024,
-3459,26192,4567,
3947,23817,4407,
-2133,6756,29304,
1107,17884,7173,
-6059,19357,32764,
-2188,28722,17962,
-4103,14215,32764,
-7092,32764,32764,
-3175,31910,32764,
-5191,32764,32764,
-1303,32764,32764,
2385,32764,32764,
-59,25881,32297,
2405,18912,29249,
2259,24425,23724,
1774,18464,29970,
1317,15125,11442,
1860,7724,17904,
3852,4267,13629,
250,-13223,7996,
3615,14929,2273,
962,-6039,5112,
-1619,907,-8,
-2312,-6958,2111,
-1764,-8861,-1458,
-2693,-4229,921,
-3154,-3508,2629,
-3836,-6465,338,
-6077,-1383,28868,
-284,1160,-803,
-3699,-7105,30597,
-3594,1726,3116,
-579,2285,-1704,
-4603,-1662,27148,
-550,10682,3344,
-862,8602,3830,
-3690,7335,19337,
-3088,9169,21528,
-2027,17546,16727,
-1727,8987,23726,
-726,13484,20450,
-2158,17339,22194,
-1157,20730,23343,
573,18358,21445,
108,18553,25327,
-531,19721,20334,
6734,32322,-7801,
3992,24028,14369,
-3951,8781,18194,
-1799,-2340,2817,
7227,30804,31176,
65,11102,11029,
578,8576,17698,
503,7141,4662,
-4763,-20088,-2765,
3123,30806,30685,
1242,8126,13032,
2335,7972,8433,
2425,9011,8074,
3264,13355,13570,
741,17888,21124,
-469,10020,18453,
268,5277,9310,
85,9941,3062,
-3155,7327,22445,
2378,11498,3326,
-426,5026,11366,
-532,6996,13677,
-95,12990,13216,
-555,10050,16544,
-201,5991,23302,
-2593,9805,13008,
-739,9259,23536,
-1163,9248,18753,
-1064,6882,18460,
1624,13964,16602,
-305,13705,10734,
-2954,10546,13553,
-757,9570,11663,
-1546,11244,16746,
-1012,509,18199,
-1551,12629,1930,
-2895,-1936,8935,
-1700,8057,18987,
-1964,8256,9880,
-1688,8024,17527,
-1301,12948,16185,
-1127,9084,12222,
-1365,6173,15697,
-897,11745,5975,
-1230,9844,8776,
-1245,7603,9010,
-2669,9727,21207,
-196,9040,13101,
-102,9572,12571,
-1136,8873,14095,
-374,9089,13522,
-876,8285,13998,
-424,9628,13304,
-303,10648,13342,
-740,9636,14592,
142,7331,13145,
-1002,9750,13030,
-768,7063,13089,
-642,8265,12954,
-860,8458,12403,
-615,9070,13121,
-910,8890,13879,
-2778,10499,11896,
-1043,12174,13147,
505,6963,12896,
-1616,11486,14910,
-364,11570,13628,
358,11048,13128,
-929,10954,12582,
-7462,6745,8921,
-2437,9697,13065,
1551,10618,13025,
-164,10250,12714,
-584,10553,12845,
-470,10521,12977,
-228,10450,12974,
1901,10958,13765,
-691,12024,16124,
549,12993,12662,
521,10629,13138,
-261,11429,16356,
-1845,10036,11235,
-711,9627,9843,
290,8817,17673,
-283,7724,15234,
-1494,9680,14955,
-2573,7276,13060,
811,6839,8619,
-809,5789,8242,
805,5950,14078,
-2637,7171,9332,
-503,7400,13202,
-107,7705,13854,
1431,8459,14493,
-238,6974,14788,
282,7834,15104,
-956,7908,13954,
-1359,7604,14256,
-732,8041,13678,
-1489,7866,13499,
-339,7984,14208,
4,8451,13888,
-1289,8169,13938,
-423,8297,14603,
-715,8537,14505,
-1475,8166,14069,
-101,8883,14669,
-401,8812,14508,
-995,8639,14504,
-627,9082,14918,
-1037,9170,14737,
-1071,9022,14731,
-1777,8429,14865,
-1152,9087,14511,
-744,9369,14736,
-1270,9350,14755,
-1176,9845,14277,
-1665,9626,13942,
-550,10014,13634,
-1070,9523,13152,
-1470,9475,13189,
-1353,9329,13020,
-1370,9246,12824,
-1272,9458,12914,
-1247,9283,12985,
-914,9400,13248,
-975,9678,13217,
-928,9952,13215,
-951,9886,13168,
-1012,9536,13142,
-1067,9211,13253,
-938,9013,13324,
-1084,8787,13282,
-1242,8648,13378,
-995,8623,13517,
-1151,8583,13488,
-832,8377,13681,
-663,8563,13992,
-459,8446,14050,
-798,8652,14098,
509,9235,14137,
-477,8964,14545,
-1053,8880,14087,
-220,8938,14339,
-847,8680,14346,
-688,8885,14301,
-1646,9442,13635,
-835,8994,13952,
-998,8601,13775,
-1018,8566,13596,
-952,8520,13523,
-1045,8462,13452,
-1068,8459,13342,
-960,8614,13155,
-1199,8749,12933,
-1219,8702,13187,
-1227,8651,13232,
-1298,8736,13495,
-1368,8882,13292,
-1412,9165,13555,
-1557,9187,13211,
-1662,9310,13022,
-1583,9585,13017,
-1526,9640,13010,
-1786,9650,12787,
-1653,10077,12873,
-1764,10070,12793,
-1731,10436,12936,
-1699,10704,12772,
-1672,11049,12563,
-1514,11122,12909,
-1371,11062,13133,
-1245,11143,13242,
-1332,11303,13391,
-1406,10990,13083,
-1364,10963,13187,
-1374,10865,13217,
-1397,11070,13023,
-1335,11150,13005,
-1421,10863,12927,
-1191,10508,12732,
-1530,9987,12868,
-1625,9739,12779,
-1413,9646,12798,
-1357,9720,12590,
-1155,9840,13081,
-1040,10072,13076,
-1145,10282,13331,
-1232,10037,12910,
-1907,11439,11889,
-587,13802,12036,
-2278,9129,12169,
-2326,10102,11684,
-1729,9893,12233,
-2046,10136,12039,
-2118,10382,11980,
-2037,10306,11818,
-1337,10539,11782,
-1444,10704,11461,
-1477,10603,11759,
-1874,10017,11646,
-1718,10076,11752,
-1630,10728,11873,
-1705,11233,11838,
3748,13056,26852,
-1811,11697,9520,
-1979,11343,11466,
-2065,11499,11668,
-1708,11792,11533,
-1527,12276,11841,
-1230,11888,11678,
-1224,11741,12280,
-998,11179,12425,
-1206,10084,12475,
-1238,9543,12535,
-1612,9590,12507,
-1792,9983,12340,
19043,27400,-19775,
-3309,7685,10524,
-1635,8387,13331,
-2005,8989,11893,
-2254,9691,12786,
-2191,10032,12403,
-2065,9921,12874,
-2030,9782,12844,
-1995,9892,12927,
-1922,10103,12847,
-1890,10017,12682,
-1973,10104,13039,
-1867,10092,12718,
-1756,10046,13001,
-1663,10222,12843,
-1812,10721,12788,
-1886,10813,13038,
-2014,11116,12780,
-2317,11342,12898,
-1707,11063,13158,
-2086,11540,12766,
-1929,11089,12930,
-1744,11123,12730,
-1659,10734,12800,
-1849,10132,12600,
-2169,10174,12250,
-1516,9786,12556,
-1492,9565,12389,
-1217,9590,12520,
-1681,9506,12531,
-1442,9570,12250,
-1413,10069,12295,
-1292,9982,12299,
-1219,10027,12437,
-1073,9753,12370,
-2021,9141,12139,
-703,10374,11979,
-840,10295,12888,
-1460,10094,12566,
-1339,10043,12688,
-1362,9991,12811,
-1547,10129,12914,
-1284,10248,13174,
-1480,9986,12876,
-1481,10189,13215,
-1363,10521,13213,
-1292,10601,13435,
-1401,10426,13473,
-1305,10396,13587,
-1296,10410,13623,
-1254,10297,13688,
-1306,10327,13554,
-1194,10348,13577,
-1158,10283,13621,
-1143,10094,13625,
-967,9877,13588,
-1196,9677,13396,
-1104,9777,13348,
-1180,9671,13142,
-1248,9602,13150,
-1205,9599,13114,
-1172,9466,13042,
-1200,9463,13052,
-1056,9482,12767,
-1092,9708,12986,
-1383,9611,13233,
-689,9615,13195,
-1148,9745,12964,
-958,9621,12876,
-836,9625,12825,
-743,9874,12850,
-728,10034,12974,
-263,10193,12820,
-877,9849,12789,
-968,9826,12715,
-941,9820,12814,
-963,10075,12804,
-890,10096,12798,
-953,9972,12819,
-811,10040,12817,
-881,10196,12938,
-850,10115,12965,
-798,10076,12959,
-769,10025,13056,
-648,9979,13103,
-732,10008,13121,
-985,9944,12981,
-989,9809,12975,
-992,9896,12876,
-1042,9916,12983,
-1010,9856,13033,
-1061,9827,12977,
-824,10087,13244,
-404,10328,13330,
-1177,10082,12990,
-1126,10079,13063,
-1047,10056,13078,
-1081,10081,13147,
-1090,10107,13101,
-979,10121,13044,
-901,10035,13035,
-955,10045,13000,
-994,10048,13042,
-1111,10180,13200,
-1180,10189,12936,
-1290,10106,12952,
-1263,9963,12884,
-1248,10004,12879,
-1275,10034,12879,
-1401,10097,12915,
-1389,10065,12769,
-1395,10109,12724,
-1430,10146,12650,
-1386,10138,12788,
-1522,9997,12597,
-1272,10055,12632,
-1316,10073,12679,
-1206,10093,12663,
-1388,9963,12485,
-1304,9907,12443,
-1334,9904,12533,
-1296,10054,12459,
-1299,10244,12505,
-1389,10299,12595,
-1303,10393,12553,
-1383,10279,12607,
-1353,10387,12479,
-1268,10414,12492,
-1288,10311,12500,
-1297,10427,12488,
-1250,10582,12595,
-1322,10753,12746,
-1119,10685,12920,
-1073,10649,12997,
-1087,10665,13035,
-1107,10706,12951,
-1376,10488,12902,
-1344,10474,12821,
-1508,10325,12697,
-1615,10341,12662,
-1646,10529,12720,
-1654,10651,12741,
-1559,10459,12840,
-1580,10495,12942,
-1609,10521,13006,
-1518,10497,13072,
-1457,10449,12994,
-1295,10638,12829,
-1173,10691,12724,
-1228,10493,12634,
-1368,10493,12400,
-907,10922,10332,
-1818,10523,10829,
-1722,10499,11645,
-1831,10297,11449,
-2082,10460,11201,
-4437,8712,13334,
-1875,9746,11099,
-2120,10457,11258,
-2028,10691,11110,
-2043,10927,11372,
-1232,10678,12425,
-1356,10850,12712,
-1291,10871,12714,
-1137,10830,12786,
-1212,10732,12750,
-1193,10718,12728,
-1273,10691,12717,
-1265,10906,12665,
-1363,10961,12614,
-1277,10985,12568,
-1407,10890,12477,
-1288,10773,12479,
-1282,10633,12391,
-1153,10536,12390,
-1203,10506,12299,
-1406,10545,12163,
-1397,10553,12148,
-1393,10538,12221,
-1218,10544,12315,
-1296,10543,12327,
-1288,10507,12270,
-1347,10471,12314,
-1381,10565,12274,
-1309,10556,12479,
-1342,10648,12603,
-1283,10745,12633,
-1269,10598,12648,
-1121,10315,12687,
-1271,10282,12695,
-1223,10525,12493,
-1210,10610,12446,
-1230,10631,12474,
-1263,10522,12474,
-1285,10502,12548,
-1269,10520,12550,
-1248,10578,12540,
-1245,10452,12473,
-1248,10409,12480,
-1303,10462,12460,
-1183,10513,12612,
-1163,10506,12561,
-1183,10473,12565,
-1198,10521,12501,
-1243,10550,12484,
-1249,10504,12468,
-1210,10546,12501,
-1323,10514,12497,
-1303,10566,12387,
-1362,10448,12333,
-1342,10387,12326,
-1325,10478,12300,
-1362,10454,12293,
-1375,10491,12362,
-1376,10459,12437,
-1388,10543,12445,
-1361,10654,12475,
-1344,10627,12401,
-1326,10599,12481,
-1264,10560,12463,
-1436,10658,12428,
-1356,10515,12484,
-1244,10551,12567,
-1352,10661,12562,
-1203,10640,12584,
-1057,10647,12746,
-1121,10507,12742,
-1193,10344,12793,
-1049,10393,12804,
-1125,10443,12726,
-1174,10336,12662,
-1153,10394,12593,
-1047,10598,12791,
-1116,10817,12705,
-1112,10712,12676,
-1184,10610,12531,
-1207,10628,12401,
-1068,10822,12380,
-1449,10685,12133,
-1158,10595,12198,
-1331,10673,12269,
-1426,10666,12225,
-1325,10726,12239,
-1582,10425,12118,
-1689,10466,11909,
-1633,10577,12048,
-1607,10757,12024,
-1671,10697,12034,
-1685,10584,12052,
-1781,10583,12124,
-1684,10774,12172,
-1740,11039,12209,
-1683,11079,12314,
-1762,10924,12335,
-1714,10801,12549,
-1455,10903,12944,
-1843,11071,12292,
-1753,11068,11917,
-1699,11093,11993,
-1699,10995,12198,
-1768,11102,12079,
-1937,11216,12024,
-1939,11083,11993,
-2003,10971,11800,
-1979,10951,12110,
-1947,11019,12039,
-1921,11031,11945,
-1889,10936,12210,
-1799,10974,12297,
-1763,10892,12380,
-1806,10843,12398,
-1900,10835,12453,
-1721,10699,11913,
-1726,10829,12020,
-1716,10905,12023,
-1685,11008,12089,
-1634,11068,12171,
-1663,10965,12185,
-1727,10991,12182,
-1639,10958,12373,
-1533,11012,12431,
-1575,10995,12401,
-1643,11081,12448,
-1550,11023,12426,
-1583,11070,12325,
-1583,11073,12349,
-1494,10938,12213,
-1465,10845,12367,
-1433,10832,12410,
-1626,10885,11972,
-1556,10694,12276,
-1465,10722,12150,
-1543,10659,12129,
-1678,10463,12174,
-1533,10597,12158,
-1604,10505,12149,
-1677,10568,12015,
-1694,10709,12235,
-1832,10356,12483,
-1843,10903,12840,
-1848,10864,12751,
-1816,10749,12713,
-1737,10703,12719,
-1742,10712,12703,
-1694,10800,12630,
-1699,10563,12618,
-1689,10435,12643,
-1702,10451,12667,
-1677,10279,12568,
-1719,10236,12514,
-1715,10053,12448,
-1734,10006,12289,
-1842,9831,12205,
-1795,9962,12252,
-1879,9843,12028,
-1732,9633,12354,
-1752,10057,12571,
-1624,10251,12818,
-1310,10375,12738,
-1576,10433,12806,
-1322,10487,12965,
-1330,10344,12375,
-1251,10179,12803,
-1306,10132,12692,
-1067,9871,13232,
-807,9513,13398,
-745,9533,13428,
-850,9519,13422,
-867,9541,13421,
-899,9559,13432,
-943,9592,13446,
-904,9605,13392,
-960,9594,13331,
-1208,9403,12934,
-1100,9273,13440,
-699,9271,13269,
-906,10335,12078,
-3896,12486,15132,
-3861,21915,28359,
-1235,10944,16817,
-1930,-7864,-21926,
8307,-9820,-32764,
10079,-1431,-24405,
5988,2954,-15242,
5195,1228,-10788,
5973,10028,9404,
4362,10950,9926,
3336,3856,32764,
-2910,11411,24038,
-2163,12187,32764,
-5771,13493,32764,
-7509,20659,32764,
-14296,24721,32764,
-555,32764,32764,
-7817,32764,32764,
-12518,32745,32764,
-10723,32423,32764,
-3892,32764,32764,
-6712,32764,32764,
-1611,30612,32764,
-2266,18530,31451,
-2344,19600,23903,
-1152,16078,19559,
-3638,940,26016,
-3892,-5090,8117,
-993,-5181,518,
6223,-8023,-32764,
8383,-7238,-32764,
16950,-4813,-32764,
3044,-10052,-32764,
6651,-5229,-11806,
11828,13200,-6101,
8516,1454,-12755,
7703,6928,4806,
6757,6770,13328,
5367,-1439,18914,
-3506,14528,11431,
-9681,5167,32764,
-8486,21045,32764,
-7832,32761,32764,
-2613,32764,32764,
-12658,30889,32764,
-9733,32764,32764,
-13148,32123,32764,
-6572,32764,32764,
-7034,32764,32764,
-6632,32764,32764,
-4845,30802,32764,
-10106,18728,31758,
-11384,11902,13928,
7933,14267,32764,
-209,-1380,-92,
2854,3806,-1792,
3741,-2127,-21196,
4536,-16244,-18328,
5453,-8212,-21985,
3615,-13164,-31082,
1103,-22082,-32764,
1029,-11273,-32764,
19389,-23033,-32764,
5677,-5170,-32764,
7818,-11093,-32764,
218,-30680,-32764,
8170,-1484,-22378,
9061,5075,-10597,
5185,-613,-1918,
8129,2793,-10212,
5529,-2653,-2193,
1800,-4862,16549,
-3206,1060,20159,
-6028,2751,32764,
-9057,-730,32764,
-2992,24357,32764,
-7577,13165,32764,
-9643,28351,32764,
-8226,32764,32764,
-8776,32764,32764,
-7522,32764,32764,
-6538,32764,32764,
-4236,32764,32764,
-487,32764,32764,
-1828,32764,32764,
-4693,32764,32764,
-2762,16689,24441,
7931,15579,32116,
3401,9632,8859,
6384,-3023,1623,
3460,-16683,-7488,
5085,-12581,-22819,
3084,-19541,-32764,
5088,-19978,-32764,
1388,-8923,-18691,
4777,-13096,-13505,
5125,-20595,-32764,
21552,14978,-32764,
-1036,-16881,26495,
7545,18019,-31586,
3490,-18248,-32764,
7288,-6947,-17440,
13345,8681,9720,
5770,6369,4156,
-170,-5642,11596,
779,-719,21952,
-4973,10605,-5920,
-5618,2955,32764,
-3252,14926,32764,
-7192,26918,32764,
1172,32764,32764,
-8287,30006,32764,
-9586,32764,32764,
-7334,32764,32764,
-4290,32764,32764,
-1880,32764,32764,
-4848,32764,32764,
837,32764,32764,
-1178,31862,32764,
2819,23940,32764,
2804,17313,14512,
-2540,5780,-2090,
11652,10732,12913,
1562,-10230,-6408,
3838,-10910,-8846,
3199,-16545,-28288,
2460,-21362,-32764,
728,-22436,-32764,
-6118,-28293,-32764,
1837,-3570,-20857,
6757,222,-7034,
-9731,13308,32764,
-8142,32764,32764,
-5829,32764,32764,
-4083,29383,32764,
-2307,15979,29727,
-606,6952,24278,
1997,-274,10494,
7804,2555,4612,
730,-3100,-8740,
5678,-7856,-32517,
2532,10622,-3127,
-2480,30179,32764,
-6180,31415,32764,
265,-1993,-11977,
4066,-11001,-32764,
2156,-4759,10889,
-1375,32764,19018,
22,-6714,-6677,
-947,-4321,-10155,
-1109,-578,-842,
1574,3901,2134,
-1824,4513,32764,
-3208,3955,31795,
-233,9352,-6724,
-2056,13847,28717,
-649,15922,10758,
-1160,21441,20555,
145,22437,25178,
-2943,17729,17513,
-3297,19107,28854,
-1124,32542,19387,
276,28567,31256,
1540,18882,25929,
818,12803,21162,
49,6298,11289,
-414,-4623,4822,
-2454,-3007,-907,
-1348,-4313,512,
-2792,-5229,-6275,
-2335,-4813,-12687,
-3253,-8138,-20364,
-5101,-8438,-21307,
-600,-14981,-32764,
-5621,-16675,-25315,
165,-7273,-28248,
2162,5244,-19947,
151,806,-9995,
-41,-541,-11342,
1325,-1303,-26521,
-96,1753,-10737,
1456,7943,-1449,
3535,11003,4744,
763,7154,8981,
1388,6078,17340,
-740,6740,15848,
40,12328,32764,
-5880,7280,32764,
-5125,19221,32764,
-5016,19147,32764,
-4661,27666,32764,
-5856,25059,32764,
-6642,30196,32764,
-5223,27511,32764,
-5982,32764,32764,
-2831,32764,32764,
-3859,32764,32764,
-519,27392,32764,
-2780,25289,28695,
-668,14783,32764,
-1966,4833,20695,
-1852,-611,13297,
-1792,-3837,4205,
-808,-2156,1964,
159,-3674,-5884,
281,-6031,-17221,
-8736,-16650,-30283,
-3470,-12525,-32764,
-2304,2504,-20143,
2841,-814,-32764,
964,2343,-32764,
6418,17513,-32764,
-1286,-11925,-32764,
4433,2471,-20275,
5889,4514,-6051,
5023,8313,-12225,
360,4184,-16942,
5106,5348,-10011,
6005,6901,-7611,
2543,1552,21306,
2082,1987,25073,
-1559,2615,32764,
-6610,23951,32764,
-239,19804,32764,
-4740,20484,32764,
-6432,22189,32764,
-4926,32764,32764,
-3084,32764,32764,
-2960,32764,32764,
-2609,32764,32764,
-3235,32764,32764,
-2326,32764,32764,
873,32764,32764,
5567,29145,32764,
11867,29891,32764,
8836,32764,25763,
10615,13309,24679,
1004,-3169,4701,
10102,11135,420,
6822,-1358,-11450,
3985,-16007,789,
-2941,-23167,-32764,
8795,-13240,-32764,
3606,-6562,-32764,
-2485,-16279,-9210,
2936,-11315,-18875,
-6595,-17154,-32764,
4881,-7856,-32764,
2843,-293,-32764,
87,-3199,-32764,
1963,-8740,-18276,
2450,-5529,-15166,
4935,-503,-29926,
6933,2016,-16423,
5599,-4793,-3147,
3882,-8025,5993,
4561,-3326,15973,
-2378,5162,32764,
-3068,6323,31348,
-2067,9649,32764,
-1530,17571,32764,
-6232,32764,32764,
-3443,30754,32764,
1217,28289,32764,
543,-8882,-16993,
9949,-4847,-32764,
3531,-7061,-13211,
5471,-428,-29793,
3732,888,-9842,
6198,1622,-16163,
7663,6113,-15044,
-2176,22910,32764,
-3633,22098,32764,
-549,-1323,-16008,
-95,-4277,-32764,
-1949,9613,2356,
-3295,6338,23117,
-2081,10439,16191,
-3555,14578,18185,
-2117,10125,14969,
-783,6407,25964,
-994,6650,15719,
-1837,6835,16176,
-943,7467,14411,
-974,7465,14295,
-949,7541,14285,
-1741,6209,14518,
-1866,5872,14343,
-2181,5729,14485,
-2001,6043,14864,
-2448,5167,13870,
-2086,5237,14359,
-3469,2926,12756,
-2242,8358,20998,
-8395,-6598,20340,
-1624,10141,17805,
-7029,-13510,17239,
-1081,10683,16112,
2924,15259,6941,
-420,7978,16811,
-1183,12365,9548,
-884,13155,14538,
-2039,7839,17238,
-1815,10912,21260,
-1579,5676,11040,
-1036,12158,14481,
-1528,8099,16097,
-2248,7954,13932,
-2013,7691,15128,
-2165,5627,15508,
-1362,6755,14669,
-1695,6367,13578,
-1094,7558,14368,
-1667,6544,12582,
-2060,3603,13813,
-841,6274,15746,
-1000,6893,16438,
-1432,7027,15872,
-1455,6394,16397,
-1427,6586,15322,
-859,7847,15160,
-847,8218,15310,
-859,8164,15173,
-1043,8507,15287,
-1259,8529,15318,
-1386,8321,14631,
-1454,8009,14611,
-1591,7745,14325,
-2259,8283,14825,
-1131,8337,14723,
-1633,8021,14717,
-935,9180,15537,
866,11596,13980,
-1279,5956,14981,
-4889,9990,10385,
-1000,9013,14688,
-1522,7636,13053,
-3812,9217,12841,
-2946,8541,13507,
-597,7032,15348,
39,8723,15134,
-1241,7604,14409,
-1312,8256,13277,
-901,8642,13739,
-1225,9031,13183,
-1825,8813,12696,
-1980,8554,13554,
-1060,8616,14266,
-1308,8139,14193,
-1078,8196,14868,
-718,8243,14713,
-861,7965,13847,
-743,7385,14780,
-930,7251,14901,
-689,6932,14724,
-1208,6459,14244,
-707,7114,15042,
-709,6862,14445,
-111,7775,15127,
974,7609,15489,
-359,7597,14864,
729,7431,16200,
-302,7174,16360,
-2708,4126,13904,
-1819,5287,13543,
-1957,5848,14512,
74,7966,15429,
-281,7807,14495,
-547,7346,14370,
-1144,6196,14313,
-1094,6592,13474,
-642,7210,13659,
-77,7666,14324,
-905,8061,14449,
622,4313,15270,
1744,9233,16767,
-1637,5897,13505,
-1862,6332,13269,
-1123,8029,13659,
-1066,8291,14224,
-1277,8504,14969,
-259,9332,15137,
-1236,8055,14554,
-1194,7722,14592,
-1331,7797,14670,
-1058,8140,14892,
-1406,7928,14647,
-1392,7782,14371,
-1145,8216,14660,
-1079,7980,15029,
-974,7825,15091,
-841,7636,15596,
-802,7322,15710,
-797,7097,16185,
-953,8243,16296,
16693,17757,32764,
-13023,-8164,-6815,
-3581,5983,17735,
-2237,11929,23320,
-1661,6617,13672,
-1396,6088,12450,
-1547,7134,11925,
-2169,8171,13171,
-2133,8339,14401,
-1817,8088,15257,
-2130,8073,15543,
-1665,7506,14330,
-1419,7595,14489,
-1332,7418,14305,
-1338,7486,14337,
-1569,7135,14218,
-1620,7320,14043,
-1509,7345,14023,
-1515,7201,14042,
-1576,7027,14141,
-1470,6984,14205,
-1566,7095,14180,
-1526,7194,14159,
-1523,7066,14207,
-1462,7152,14182,
-1260,6882,14490,
-1199,6833,14514,
-1264,7002,14521,
-1323,7208,14614,
-1529,7296,14696,
-1427,7455,14632,
-1530,7506,14655,
-1516,7466,14592,
-1501,7326,14655,
-1477,7510,14805,
-1617,7582,14843,
-1567,7557,14874,
-1702,7600,14919,
-1597,7610,14922,
-1567,7699,15006,
-1682,7715,14979,
-1677,7744,15059,
-1658,7736,14991,
-1593,7656,15049,
-1582,7717,15164,
-1657,7658,15121,
-1612,7590,14985,
-1624,7557,14967,
-1659,7617,14830,
-1671,7524,14752,
-1634,7476,14669,
-1629,7377,14622,
-1543,7491,14538,
-1580,7391,14474,
-1526,7242,14447,
-1337,7264,14569,
-1586,6968,14431,
-1504,7075,14417,
-1336,7118,14357,
-1297,7041,14176,
-1406,6726,14238,
-1474,6911,14246,
-1492,7208,14102,
-1738,7180,14122,
-1290,6905,14041,
-1181,6645,14081,
-1118,6767,14169,
-1109,6997,14289,
-1029,7184,14447,
-1319,7088,14532,
-1009,6980,14663,
-922,7140,14750,
-1020,7271,14709,
-1077,7294,14762,
-1112,7102,14858,
-1089,7177,15004,
-1210,7120,14859,
-1185,7125,14868,
-1270,7161,14795,
-1289,7092,14850,
-1212,7122,14759,
-1148,7083,14873,
-1144,6982,14811,
-1170,7012,14702,
-959,6937,14705,
-912,6869,14901,
-1012,7055,14860,
-1096,7238,14786,
-1142,7307,14764,
-1171,7273,14836,
-975,7224,14992,
-1199,7230,15132,
-1207,7026,14911,
-1151,6904,14872,
-1231,7062,14838,
-1224,7073,14782,
-1151,7000,14860,
-1327,7163,14760,
-1129,7090,14551,
-1134,6882,14467,
-1082,6915,14508,
-1184,6950,14492,
-1025,7073,14508,
-1046,7002,14522,
-1034,7095,14619,
-995,6823,14643,
-965,6815,14710,
-1058,6938,14631,
-966,6874,14538,
-894,6795,14716,
-889,6729,14741,
-929,6776,14679,
-1007,6814,14615,
-879,6862,14641,
-871,6782,14604,
-876,7025,14615,
-889,7200,14712,
-839,6762,14683,
-929,6610,14986,
-859,6458,14999,
-963,6682,15341,
-975,6594,15371,
-893,6633,15423,
-940,6667,15351,
-947,6602,15313,
-875,6521,15264,
-889,6396,14797,
-861,6348,14646,
-1006,6609,14954,
-919,6653,15421,
-932,6631,15316,
-905,6129,14633,
-1059,6528,14836,
-1106,6761,15390,
-1060,6525,15251,
-868,7280,16279,
-1249,6399,15132,
-1179,6896,15015,
-331,8161,18994,
46,9842,20852,
743,10445,20852,
-2080,14321,31462,
-1064,5990,19684,
-1362,11510,25311,
-1258,11508,32764,
-444,13883,29514,
-452,15454,28750,
-661,15595,31820,
-209,17100,27583,
-1871,17691,24320,
-492,18161,20827,
-689,15723,15750,
-758,14757,19116,
-1300,15300,16224,
-272,14666,17027,
126,12899,15429,
-616,10400,13841,
-780,9226,12663,
-1447,8601,8298,
-1254,8299,3983,
-787,6448,-1318,
-972,5131,-3006,
-1979,1358,-5648,
-9886,-10428,-29242,
-6745,-9957,-32181,
-5756,-11532,-32764,
-2890,-11331,-32764,
1078,-6157,-32764,
1053,291,-3070,
455,1227,6962,
6138,8339,-21226,
8335,6288,-11187,
10862,6713,4504,
10569,15347,8201,
8466,5896,25218,
6430,10352,32764,
7039,25279,32764,
5921,19579,32764,
-6389,21824,32764,
-8448,29897,32764,
-952,21265,32764,
-8400,32764,32764,
-5641,28665,32764,
-2036,29715,32764,
-3004,24246,32764,
-1542,32224,32764,
-400,28360,30023,
-2085,20576,32764,
-5985,11807,25452,
-3599,9209,18019,
-2711,6411,22119,
-3006,4066,17979,
-2156,2659,5081,
-2094,-1476,-7647,
-2094,-6418,-13167,
878,-10393,-18773,
-3030,-3687,-12786,
-3886,-9715,-6308,
2051,-10465,-32764,
2410,5116,-4650,
2638,-6047,-32764,
1283,-954,-23801,
2523,-950,-15032,
3112,777,-4839,
3833,5194,-21988,
456,-1052,15844,
3426,6728,12689,
-827,5228,23656,
-4744,4110,32764,
-5602,8082,32764,
-2027,16779,32764,
-4935,14741,32764,
-5514,12404,32764,
-2523,25335,32764,
-6190,28187,32764,
-8492,29943,32764,
-6969,32764,32764,
-7208,31232,32764,
990,32764,32764,
-2909,32764,32764,
3288,32764,32764,
86,23314,32764,
-1529,11799,18339,
-925,3442,-2022,
-1566,2126,3806,
1440,-1446,-278,
2008,-3554,-6249,
2468,-3176,-13407,
304,-9217,-20880,
-1470,-10727,-32757,
-625,-7295,-32764,
1270,-3905,-32764,
-7680,5581,-32764,
1340,16607,-16267,
-2054,-14266,-32764,
-2403,-97,-32764,
4649,4921,-19589,
3109,3922,-12497,
986,-78,-7110,
468,-5349,4416,
-2869,-5672,13543,
-4339,-6384,26942,
-4346,-1185,25432,
-135,2394,32745,
-5295,-4687,32764,
-8020,9655,32764,
-6768,17378,32764,
-11618,25301,32764,
-1487,32764,32764,
-4181,32764,32764,
-8786,32764,32764,
-7553,32633,32764,
-2007,26336,32764,
1893,32764,32598,
4460,24845,32764,
-2217,10040,18377,
-3954,2023,9528,
369,-13837,-31737,
-2415,2206,-32764,
634,-15140,-32764,
-3130,-18008,-21684,
-3838,799,-32764,
4988,3032,-17475,
3496,-1342,-16331,
3716,-2953,-8440,
4519,1594,-10307,
5309,-165,-7879,
5933,965,5658,
3916,2312,19168,
6023,121,19707,
535,2355,32764,
-238,8588,32764,
-3416,20477,32764,
-788,27261,32764,
-1485,30015,32764,
-2818,32764,32764,
-1320,32764,32764,
-2502,32764,32764,
-687,32764,32764,
4392,32705,32764,
160,32764,32764,
2354,24246,32764,
-1800,15947,32235,
-957,5492,13795,
-385,2117,10137,
1737,10747,2754,
156,8002,-6213,
162,-1963,-11846,
-806,-6193,-21236,
-3504,-12913,-24610,
-2195,-13417,-25666,
2857,-1505,-27269,
-2680,-3447,-17688,
-1666,-11538,-1538,
1677,-9475,-32764,
-1136,-387,-6992,
-281,-7618,-18872,
875,-612,-8995,
3964,2550,-14076,
3193,1216,-17073,
3087,-806,10430,
838,1448,6072,
4980,3892,29055,
-1455,4719,32764,
-1012,9913,32764,
-915,9495,32659,
-8552,21483,32764,
-2804,32431,32764,
-1016,32764,32212,
-5247,21245,32764,
-3959,30692,32764,
-959,32764,32764,
-1802,32764,32764,
520,29295,28072,
-5542,20733,30523,
2288,26727,32764,
-1483,10414,31507,
-2071,2357,15475,
-1265,8174,-15951,
-3251,3518,-2076,
-3731,-1866,2561,
-111,1405,2432,
-1646,-5926,-2385,
-4076,-9053,-14990,
-2789,-207,7927,
-1059,6579,21245,
-2070,-5848,-22226,
-1728,4304,-4766,
-2049,1652,7529,
-2997,351,-1918,
-2985,1741,14217,
-2076,-827,6881,
-83,11404,4821,
-1542,9520,4144,
-2414,5808,8260,
-1957,7640,12073,
-1329,12012,12466,
-2108,15538,14460,
-1881,13850,19577,
-2727,13477,16573,
-2717,14150,19498,
-2130,15780,21418,
-869,20576,19293,
-899,17234,23886,
-358,17178,25239,
276,22068,23248,
512,18263,21470,
-1250,16586,24508,
3468,22660,17163,
-2075,18429,19354,
694,10933,25884,
-1995,9345,10793,
-2284,5891,14902,
-1496,10761,7111,
-607,9066,6432,
-1632,6810,11193,
-2402,3748,7776,
-4064,-8162,-1787,
-2954,-3907,20204,
1282,2560,-991,
-181,9473,20952,
-754,8896,16112,
-4956,6926,29125,
-458,10002,12047,
-803,3827,15343,
-1207,6443,13751,
-1899,7674,15363,
-927,8075,11740,
-823,9155,14030,
-1403,7965,15466,
-1965,8202,16486,
-2124,7623,14376,
-2296,6695,15229,
-2299,6560,15179,
-3380,26718,20071,
2113,14998,9917,
-56,16717,17699,
-1681,7997,14608,
-1750,10561,13695,
-7100,4628,11275,
-541,11368,12368,
-1450,11458,12881,
-1438,10219,14565,
-2625,9505,12874,
-2151,10519,12120,
2292,9482,14243,
122,15444,18354,
93,11687,11926,
-713,11819,15330,
-170,12257,12885,
1406,12578,12543,
745,9949,13628,
511,9542,13574,
-200,9140,13446,
828,10200,13545,
-112,9611,14140,
443,8981,13758,
163,8862,13453,
355,9224,13063,
308,9144,12743,
462,8916,12883,
261,8501,12686,
-101,8904,12615,
-67,9150,12673,
168,9974,12116,
-290,10166,13421,
-115,9684,12079,
487,9270,12120,
-442,9737,12113,
-121,9962,12043,
-323,10141,12444,
-361,9844,12353,
-540,10205,12519,
-1979,9461,12854,
785,10609,12149,
752,10871,12721,
-1543,9674,12417,
-989,10351,13250,
-672,11080,13227,
-451,11059,12928,
-1307,10544,13643,
-432,10400,13647,
-774,11153,14643,
-899,10973,14255,
-1031,11790,13666,
-1026,11271,13705,
-1516,9836,13181,
-1391,10190,12858,
-816,10751,12837,
-203,11565,13222,
-471,10064,12066,
1518,12339,14252,
2574,13334,13323,
-2361,10407,12053,
-2705,9486,13072,
-3829,8624,12810,
-1309,10037,11710,
-845,10553,12566,
2311,11529,12044,
-585,10263,12017,
-632,10357,11726,
-789,10208,11392,
-755,10507,11297,
-694,10076,11513,
-746,9423,11897,
-586,9300,12499,
-648,9550,12831,
-826,9497,13333,
-709,9371,13383,
-504,9094,13563,
-552,8853,14025,
-638,8700,14343,
-489,8646,14193,
-695,8624,14069,
-663,8832,14067,
-945,8852,13779,
-811,8984,13811,
-1055,8985,13504,
-865,9149,13554,
-1062,9240,13437,
-983,9442,13496,
-1077,9329,13316,
-864,9381,13349,
-944,9389,13365,
-1050,9435,13301,
-985,9752,13300,
-1179,9555,13022,
-1301,9753,13375,
-1095,9948,13207,
-1551,10263,13768,
-1718,9955,13386,
-1958,10059,13270,
-1640,10407,13271,
-1233,10665,13322,
-1294,10444,12981,
-2312,10158,13985,
-1904,10096,12582,
-1878,10726,12388,
-1736,10971,12398,
-2280,10894,12006,
-2070,11136,11774,
-2302,11179,11769,
-2212,11326,11596,
-2564,11068,11718,
-2111,11197,11693,
-2095,11213,11344,
-2205,11067,11774,
-2485,11560,16034,
-5464,3496,6915,
-2583,11204,8424,
-1801,12364,9445,
-1579,11862,9995,
-1585,11839,10638,
-1822,11770,10617,
-2023,11467,10943,
-2119,11416,11144,
-2138,11423,11486,
-2523,11157,11552,
-2482,10930,11870,
-2406,11015,11922,
-2434,11468,11469,
-2308,11663,11350,
-2331,11719,11137,
-2271,11780,11253,
-2390,11823,11605,
-2425,11825,11744,
-2332,11903,12217,
-2347,11858,12255,
-2262,11863,12288,
-2211,11790,12322,
-2198,11794,12300,
-2214,11915,12216,
-2195,11861,11994,
-2165,11716,11992,
-2094,11763,11779,
-1970,11883,11363,
-2026,11697,11456,
-2043,11476,11410,
-1928,11325,11299,
-1878,10052,11265,
-6405,13649,25323,
-3616,7766,15494,
-1496,8016,14336,
-2148,10678,12585,
-1640,11297,11939,
-1520,10526,12037,
-1544,9853,12899,
-1480,9861,13076,
-1413,10200,13013,
-1298,10450,12828,
-1387,10018,12837,
-1564,9856,12887,
-1339,9968,13127,
-1585,10299,12732,
-1433,10583,12902,
-1607,10542,12741,
-1613,10772,12812,
-1560,10754,12584,
-1457,10844,12446,
-1738,10761,12498,
-1708,10810,12355,
-1675,10624,12407,
-1799,10591,12509,
-1728,10627,12421,
-1682,10514,12450,
-1727,10395,12502,
-1445,10558,12680,
-1277,10475,12811,
-1405,10201,12865,
-1444,10023,12859,
-1415,9939,12886,
-1706,9611,12750,
-1224,9499,12317,
9744,14456,11865,
-1394,10443,13646,
-1644,10411,12693,
-1214,10207,13739,
-800,10572,12920,
-1360,10488,12783,
-1143,10494,12549,
-728,10736,12636,
-1151,10457,12578,
-1309,9984,12505,
-1109,10222,12584,
-960,10126,12608,
-1243,10266,12629,
-1039,10357,12966,
-1153,10139,13027,
-743,10487,13033,
3339,10321,14055,
-1004,9387,12589,
-968,9832,12490,
-1466,9785,12703,
-1424,9788,12600,
-1483,9930,12805,
-1432,9952,12821,
-1547,10183,13133,
-1515,10457,13043,
-1615,10013,13029,
-935,9957,12570,
-51,10831,14232,
-2977,9230,13010,
-800,9485,13751,
-1049,10477,13267,
-2345,9851,12878,
-1155,9577,13121,
-1698,9700,12544,
-1652,10254,12592,
-759,10712,13524,
-1523,10165,12562,
-1888,9949,13437,
-1813,9868,12769,
-1662,9791,12881,
-1705,9857,12903,
-1659,9741,13038,
-1652,9760,13209,
-1321,10041,13352,
-980,10267,13359,
-1244,9929,13428,
-1186,9785,13396,
-1225,9986,13156,
-1216,10437,12904,
-1379,10505,12571,
-1181,10329,12422,
6,11030,12718,
-1601,10644,12080,
-1595,10846,11969,
-1783,10752,11948,
-1826,10845,12002,
-2034,10970,11860,
-1974,11053,11795,
-2038,10953,11830,
-1971,10832,11846,
-1804,11160,12051,
-1882,11377,11848,
-1923,11918,11418,
-11177,7792,10079,
-1152,11783,11259,
-1020,11795,11185,
-2354,11915,11102,
-2188,12050,10797,
-2498,11901,10567,
-7563,11120,9318,
-2070,12462,11004,
-2386,11492,10665,
-2359,12206,11077,
-1950,11999,11468,
-2252,11483,11684,
-2342,11102,11878,
-2126,10820,12239,
-2139,10723,12630,
-2010,10827,12861,
-1734,11167,12866,
-1443,9823,12659,
-1632,10225,12900,
-1632,10196,12867,
-1636,10075,12701,
-1693,9859,12746,
-1677,9927,13232,
-1609,9999,13054,
-1636,9646,12625,
-1719,9769,12808,
-1770,9866,13239,
-1569,10022,13544,
-2173,9970,13609,
-1739,9269,13060,
-1574,9144,13138,
-1646,9625,13305,
-1348,9840,13210,
-1722,9663,13428,
-1759,9723,13514,
-1838,9657,13347,
-1842,9393,13435,
-1576,9566,13055,
-1637,9568,13141,
-1761,9512,13266,
-1888,9564,13325,
-1554,9886,13087,
-1508,9828,13306,
-1360,10250,13228,
-1970,10070,13157,
-1493,10795,14001,
-1565,10879,14968,
-1413,11551,14921,
-2447,9199,21215,
-2958,-32764,-32764,
-1957,1962,-32764,
4171,12162,32764,
3402,29784,32764,
688,25108,32764,
598,16121,24070,
1344,21044,32764,
1510,18164,32764,
1250,16935,32764,
2106,19228,32237,
1212,16859,26046,
1265,15192,25110,
1133,14743,24078,
-438,11141,20849,
-1842,9556,19408,
-1857,6664,15964,
-2437,1728,16099,
-2603,1197,14550,
-3280,-1024,8507,
-4417,-5055,1101,
-4874,-5973,-2136,
-4056,-5735,-7651,
-3103,-4995,-17971,
-3148,-5930,-22153,
2849,1446,-19116,
2609,-479,-11672,
4436,2606,2012,
6317,17129,9841,
3100,4328,12238,
3314,5182,32764,
4111,6244,32764,
-4276,7305,32764,
134,4586,-7962,
871,-672,-8067,
1573,-6061,-14157,
-547,-11075,-15772,
1942,-8838,-28376,
125,-8148,-29942,
-2658,3096,-32764,
-918,-14221,-32390,
-1612,-10664,-32764,
5223,3141,-32764,
5295,-2192,-27698,
3890,1401,1494,
4835,2214,-13331,
4804,1904,-6157,
7258,8209,-6876,
6590,4914,2976,
3687,5210,15925,
3741,4099,26173,
2390,8338,32764,
2380,17393,32764,
135,21540,32764,
-1699,17836,32764,
-146,22039,32764,
-468,32370,32764,
-632,18310,32764,
-740,32762,32764,
1458,32764,32764,
400,31960,32764,
2987,32721,32764,
2033,22807,32764,
2733,17594,32764,
1495,9847,23935,
37,1865,16509,
7662,32489,6544,
-2596,7753,-32764,
718,28648,32764,
1618,-7781,-20904,
3266,-443,26430,
2090,10856,31914,
7406,-663,-18844,
517,32764,32764,
2494,32764,32764,
1460,29881,32764,
1936,19883,32764,
-1651,-13648,-31277,
-1616,-16599,-32764,
1520,-10951,-32764,
27930,-19337,-28519,
5392,-19201,-32764,
3009,-21313,-19551,
-3718,-18950,-32764,
10902,1564,-19558,
6848,1821,-24119,
5246,-3317,-22,
7814,-7452,440,
2697,-12009,6188,
2067,716,29364,
1773,20452,23577,
-351,-3946,32764,
3071,17592,32764,
-1469,15436,32764,
241,27848,32764,
-2033,28073,32764,
-2822,32764,32764,
1269,32764,32764,
-413,32764,32764,
2372,32764,32764,
-543,32764,32764,
2778,25432,32764,
-245,-16572,-25861,
-1120,-15915,-30346,
-2721,-22032,-32764,
985,-17974,-32764,
-4780,-7684,-1420,
1371,-7842,32764,
-9131,-13664,-31695,
5055,-15206,-32764,
5832,-12375,-20734,
7133,-91,-12563,
3098,30185,32764,
4146,32764,32764,
7595,26919,32764,
1393,11716,28360,
-10,-2967,5261,
12604,13868,13512,
8061,-9755,-7994,
2647,-12535,-16607,
1670,-11838,-19859,
2808,-11180,-30912,
1394,-10495,-32622,
-1810,-10916,-32764,
1165,-11099,-32764,
45,-6068,-32764,
1468,-5812,-29975,
-6402,-15879,-32764,
5625,-485,-31392,
7463,2934,-13572,
8166,3593,-1842,
4237,17123,32764,
1045,15975,32764,
2393,28092,32764,
604,32764,32764,
1831,32764,32764,
3980,32764,32764,
5058,29474,32764,
8184,32764,32764,
-4200,-9736,-17279,
-4487,-25744,-27758,
807,-1560,23642,
1800,25703,32764,
8012,19998,32764,
-1890,-13995,-26141,
2110,-13633,-27346,
1576,6256,32764,
5470,32764,32764,
11279,-2467,21822,
-1839,-5656,-26265,
3899,234,2535,
2222,21703,32764,
790,30201,32764,
1021,-10089,-16683,
-636,-17130,-32764,
6895,-216,-1901,
70,27217,32764,
1983,25826,32764,
3146,24575,32764,
3285,32764,32764,
290,-1690,32764,
9803,7551,32713,
-332,-16167,-1998,
1150,-14375,-10030,
471,-9469,-18730,
2578,-13712,-21970,
394,-13626,-24297,
-2845,-18511,-20306,
-2143,-20304,-30901,
22751,21255,-5441,
-5005,-32764,-32764,
815,-14245,-32764,
-432,-1858,10580,
3385,-2908,-26161,
-2429,-12770,0,
4380,1049,-17277,
6812,1293,-11050,
3345,-2286,198,
1493,-5236,10659,
2329,7704,26975,
-126,9618,32764,
-1032,15290,32764,
2780,16755,32764,
-1339,26776,32764,
-174,28606,32764,
4920,24876,32764,
5577,24408,32764,
2240,-2243,27035,
3433,2840,16725,
3640,-4003,-806,
-991,-3296,-17377,
6352,-1030,470,
-1341,-18429,-26676,
-5507,-25945,-25713,
-2692,-18526,-25712,
-633,-10935,-32232,
3741,-1355,-22555,
6468,24300,32764,
8119,22114,32764,
-3092,32764,32764,
4065,18472,32764,
3977,10528,18361,
4227,21158,32764,
9126,32764,32764,
6635,32764,32764,
4468,25852,32764,
4972,3997,16073,
5853,8751,31722,
2543,11991,25048,
563,-4886,-17928,
1898,-4790,-23242,
5339,2248,-11462,
5173,390,-10890,
5441,4702,9662,
6175,5269,20677,
-235,-517,32764,
1909,3993,32764,
5549,32764,32764,
7147,-2374,21439,
4754,-15636,-10905,
230,-8748,-32764,
7687,2561,-1128,
-378,11543,32764,
6832,30080,32764,
4603,967,1113,
616,-9360,-19891,
-730,8371,-12377,
5141,-3272,-1583,
-2039,15282,32764,
7346,32764,32764,
8698,2573,-13617,
864,-8273,-11550,
-3865,4848,-698,
6111,2521,-1456,
1189,18127,-23071,
1320,16643,32764,
7308,24202,32764,
-1198,-17310,-5095,
835,-327,-25981,
935,-2350,-20816,
2654,-1225,-17857,
2723,2735,-10862,
981,-1282,26502,
18,7931,32661,
11,15509,32764,
-542,20382,32764,
-1492,19775,32764,
-1414,20740,32764,
1002,29350,32764,
-2466,32764,32764,
2031,12825,31027,
-1518,32505,32764,
4642,32764,32764,
334,8038,18317,
1316,8424,32764,
1003,-920,18295,
2510,76,4143,
4246,7875,-3761,
4725,-8289,-9321,
-1282,-10020,-9183,
-1310,-9303,-15502,
-600,-8145,-21114,
-1187,-10636,-24203,
-1465,-12421,-21264,
-5992,9947,-1602,
-10082,-32040,-22969,
-544,-9385,-32764,
6296,1120,-7267,
7539,5506,582,
2392,-3760,24265,
574,6515,32706,
1120,5378,32764,
1345,2653,32764,
-1234,13521,32764,
-2241,24337,32764,
-8091,32153,32764,
-999,-6447,32764,
3086,23805,32764,
4162,7275,27857,
2837,-1969,14324,
-52,-7660,-24120,
4346,585,-16993,
2581,1220,-3234,
7841,3628,-13949,
3932,-2189,7356,
1433,-3121,9824,
-6677,8891,32764,
1401,17922,32764,
3832,13202,32764,
5770,6316,25340,
1104,148,19633,
4184,-591,4600,
1902,-12604,-8949,
6168,-2964,-26440,
-2109,19096,-8130,
6524,3001,10100,
692,-13660,16970,
3902,30217,32764,
12559,-13563,31858,
-12790,28233,190,
-3091,6487,-25480,
-7658,-11733,32764,
5778,14701,-9618,
19310,-32764,32764,
12253,-17524,30004,
5709,-11901,14653,
-315,7715,9033,
3126,-4981,3466,
2026,-5747,9517,
4139,-4978,18017,
5165,-8180,16794,
4021,-130,11088,
3947,-4944,11548,
3688,-21749,8588,
13719,-9211,11820,
2068,-10444,25163,
4693,-1613,22975,
4488,193,21672,
2041,2824,12100,
5500,-614,15679,
4684,-8163,15749,
3129,-10911,15662,
3663,-7446,15059,
5093,-9678,17867,
7048,-4340,17519,
6502,84,4845,
5702,-4145,11201,
4864,-4758,11627,
4447,-2205,10680,
4898,-4678,15482,
4839,-6315,15198,
3836,-4731,10973,
4065,-4574,15015,
4133,-7016,13810,
3369,-8463,13643,
3636,-6433,13381,
3330,-5689,9354,
3634,-6272,10988,
4084,-4882,13674,
3874,-4960,15904,
3835,-5637,18047,
4211,-5638,18059,
4973,-3487,19967,
4408,-3384,19281,
4775,-3203,19410,
4295,-4554,18276,
4733,-3356,17392,
4521,-2983,16111,
4142,-3649,16137,
3103,-2939,15296,
3400,-3333,16826,
3732,-2525,15461,
3399,-2928,15537,
3782,-2459,15908,
3181,-3814,16634,
3276,-2735,15336,
2204,-1679,16208,
2787,-1635,15616,
2689,-37,17925,
3185,-429,16549,
2919,1989,15215,
2638,1408,14527,
2217,372,16366,
1503,1397,10638,
2047,6651,12066,
2154,1663,10412,
1429,-855,15685,
1331,2059,18046,
3217,-1580,17141,
2007,3157,11726,
1888,401,13027,
2334,3282,11852,
2295,2603,14816,
1875,2531,12326,
2303,1438,16695,
2684,-1152,18797,
2273,332,15878,
2235,657,14847,
2420,686,16978,
2445,180,16233,
2369,164,17292,
1637,-6117,16311,
2709,-799,16517,
2783,1262,20154,
2274,1367,20041,
2360,1460,18122,
2174,1915,17883,
2200,3899,16506,
2081,725,17840,
2863,942,17971,
3266,187,17548,
821,254,17148,
1264,-761,16946,
1008,-521,17912,
1916,1373,17382,
2150,726,15177,
-65,-246,13401,
850,1032,15753,
2417,397,14680,
204,1970,15191,
260,2834,15081,
419,2693,16541,
350,2542,15895,
232,2696,15693,
-2359,3575,15546,
-1020,2499,16411,
363,3703,15724,
-56,3177,15422,
-773,3188,16129,
-19,4003,16477,
-444,3198,16190,
-247,2954,16040,
-140,2764,15996,
-201,3251,14925,
-429,3017,15560,
-446,2785,15743,
-758,2981,16033,
-1044,3466,15925,
-670,3566,16928,
-362,3766,16871,
-484,3808,16355,
-623,3763,16177,
-315,4039,16027,
-88,4208,15735,
-462,4044,15461,
-1340,4647,15047,
-653,4720,15648,
-426,4620,16600,
-128,3746,17080,
-318,2604,17218,
-360,2159,17482,
-122,2174,16899,
-292,2610,16952,
-431,2527,17460,
-441,2685,17333,
-804,2754,17093,
-173,3391,16815,
606,5744,16999,
2266,12405,24333,
1224,7373,16652,
1182,7280,14974,
1462,7977,16860,
889,7308,12692,
1020,6393,11368,
1231,5854,15807,
-258,5937,12517,
116,5026,12805,
-837,5588,14156,
-404,3804,15160,
-971,4861,14398,
-3352,2209,15909,
-9549,-4116,8789,
2449,9819,13913,
-24182,-21334,6975,
11337,16475,22124,
-21562,-24588,16063,
-14791,-23419,3942,
-2076,-10332,16746,
3413,7929,17157,
6019,14457,24705,
447,4972,13965,
513,3855,17826,
324,4430,14343,
472,6607,15060,
37,3510,15715,
-650,1995,13959,
-616,2795,14009,
-245,1627,16227,
-529,-5996,11681,
76,-2211,15631,
615,40,21255,
-26,4128,21176,
813,5022,19529,
878,3695,17152,
1014,4370,18405,
1120,4138,19055,
620,4119,17727,
1075,4158,18891,
763,3941,18143,
664,4523,18171,
167,4387,17488,
435,4831,16632,
90,4851,16609,
226,5382,16451,
16,5685,16414,
4,6568,16684,
166,6276,15336,
-304,4961,13197,
-319,4423,12674,
-295,4313,13279,
-219,4654,14188,
-337,5036,14909,
-451,5426,14966,
-855,6523,14710,
-369,4930,13534,
-564,3951,12978,
-915,4347,15037,
18,5764,14321,
-254,5428,14751,
-181,4973,14547,
