-1052,8324,14134,
-1071,8073,14287,
-1014,8156,14561,
-959,8155,14586,
-939,8158,14560,
-1002,7878,14702,
-877,8047,14652,
-1028,7874,14782,
-839,8019,14917,
-798,7886,14864,
-809,7913,14763,
-698,7857,14610,
-612,7926,14426,
-697,7810,14278,
-763,7759,14287,
-850,7557,14605,
-810,7484,14674,
-728,7705,14569,
-815,7608,14483,
-879,7509,14496,
-862,7252,14434,
-624,7575,14707,
-693,7397,14613,
-777,7194,14559,
-779,7157,14645,
-1199,6626,15190,
-862,7523,15033,
-804,7839,15052,
-787,7516,14768,
-416,7457,14386,
-608,7449,14613,
-699,7438,14773,
-833,7260,14975,
-701,7335,14755,
-965,7528,14778,
-643,7512,14796,
-806,7155,14916,
-690,7630,14519,
-601,7925,14205,
-626,8012,14372,
-656,7619,14571,
-297,7770,14485,
-742,7319,14352,
-716,7755,14278,
-527,8198,14180,
-658,8069,14242,
-875,7714,14419,
-869,7950,14228,
-743,7564,14721,
-595,7925,14593,
-611,7955,14603,
-683,8007,14677,
-613,7828,14772,
-367,7974,14611,
-725,7555,14736,
-692,7768,14731,
-691,7678,14948,
-704,7640,14821,
-754,7910,14338,
-545,8250,13979,
-571,8222,14245,
-730,8123,14397,
-730,8082,14400,
-534,8314,14124,
-559,8616,14014,
-807,8518,14330,
-813,8296,14645,
-837,8107,14585,
-715,8067,14362,
-488,7953,14265,
-513,7869,14303,
-459,8145,14106,
-464,8237,14125,
-480,8413,14010,
-535,8397,13997,
-604,8298,14381,
-585,8188,14704,
-542,8228,14490,
-511,8277,14279,
-462,8418,14298,
-357,8395,14086,
-493,8485,13996,
-467,8573,13708,
-500,8504,13873,
-533,8332,13852,
-489,8257,13965,
-604,8070,13905,
-490,8090,13791,
-465,8200,13676,
-549,8176,13882,
-548,8257,14011,
-441,8324,13927,
-378,8434,13974,
-339,8544,13960,
-317,8398,14063,
-377,8531,13807,
-333,8515,14139,
-415,8308,14317,
-563,8164,14461,
-404,8490,14102,
-574,8485,13863,
-540,8274,14236,
-373,8180,14654,
-466,8001,14662,
-376,8246,14601,
-445,8328,14615,
-463,8348,14646,
-573,8266,14728,
-492,8268,14745,
-485,8019,14635,
-546,8102,14613,
-579,8182,14665,
-536,8256,14641,
-548,8385,14388,
-465,8458,14243,
-541,8266,14392,
-546,8210,14362,
-570,8305,14359,
-629,8408,14278,
-621,8216,14327,
-489,8068,14320,
-429,8021,14197,
-497,7533,14230,
-492,7519,14197,
-315,7714,14006,
-253,8220,13744,
-338,8197,13626,
-330,8077,13697,
-452,7978,13907,
-429,8124,14148,
-474,8341,14335,
-456,8277,14367,
-453,8244,14277,
-514,8334,14386,
-579,8355,14354,
-512,8434,14354,
-484,8353,14278,
-517,8390,14268,
-468,8306,14196,
-432,8344,14280,
-483,8378,13984,
-440,8298,14012,
-444,8315,14200,
-449,8349,14141,
-460,8237,14364,
-500,8308,14377,
-509,8297,14398,
-493,8180,14443,
-477,8233,14429,
-476,8243,14434,
-506,8151,14488,
-436,8180,14375,
-444,8276,14290,
-476,8197,14481,
-493,8149,14342,
-462,8075,14405,
-417,8171,14049,
-504,8298,14110,
-556,8173,14312,
-550,8274,14315,
-620,8309,14239,
-488,8274,14144,
-502,8379,14273,
-630,8413,14339,
-695,8487,14575,
-489,8698,14488,
-466,8430,14725,
-446,8311,14523,
-502,8368,14357,
-515,8027,14462,
-590,7752,14416,
-497,7737,14346,
-280,7977,14191,
-390,7927,14093,
-494,7634,14092,
-440,8174,14355,
-273,7923,14263,
-344,7898,13933,
-389,7831,13905,
-142,7577,13883,
-123,7382,13831,
-228,7617,13975,
-296,7559,14157,
-87,7497,14351,
11,7487,14527,
-34,7299,14491,
-77,7310,14617,
-116,7552,15010,
-51,7769,14968,
-46,7713,15019,
-37,7889,14742,
-1378,6103,14880,
1406,9903,12653,
561,10486,13308,
44,8580,15459,
-1643,6131,16089,
-1484,5747,16240,
-123,6965,15012,
240,8271,15134,
239,8242,14568,
201,8107,14573,
-189,6946,14703,
199,6781,13597,
-357,6771,15149,
-213,7040,14670,
217,7256,14801,
23,6992,14754,
-93,6788,14228,
383,7782,15274,
-520,7554,13679,
-149,6189,18821,
-1897,5729,10400,
-1083,6843,15685,
-429,6225,14402,
-2259,5181,14365,
-367,6544,14497,
-273,5614,15435,
1269,7707,15321,
-177,5740,14752,
4,5947,14970,
225,6714,14256,
-34,7840,13961,
284,8809,13826,
-126,7348,14394,
62,6901,14664,
176,7417,14503,
-65,7764,13895,
5,7201,14872,
-84,6898,14580,
-138,6942,14306,
-49,7072,15336,
-255,7157,15102,
197,7370,14744,
131,8039,17458,
-236,7091,15402,
-106,6753,15603,
-152,6617,15648,
-155,6580,15605,
-188,6649,15766,
-1051,6124,15079,
-73,7359,14387,
-262,7006,14614,
-136,6853,15159,
269,6864,15064,
-194,7247,15412,
-646,6579,15315,
-446,7240,15249,
-288,7491,14296,
-798,6451,14492,
-1378,6303,15131,
-1011,5911,15545,
-2291,5586,15556,
-1099,7254,16185,
2998,9656,13715,
-701,5326,14832,
549,8535,13633,
1199,8220,14174,
119,7257,13504,
-1639,5240,14306,
-58,7598,14362,
-490,6935,14867,
80,7711,14840,
-288,7347,15194,
-290,7109,14759,
-292,7205,14165,
-588,4239,11323,
-68,7972,14372,
176,8037,14192,
-210,6666,14894,
-313,7580,14714,
-197,7684,14821,
-120,7797,14682,
-222,7689,14632,
-474,7396,14925,
-432,7563,14961,
-478,7493,15028,
-568,7379,15143,
-446,7374,14935,
-5517,1257,15462,
3086,14724,13727,
1962,7037,17965,
-926,228,12512,
-2302,5695,14097,
406,7915,16128,
184,7077,15494,
-308,8273,15747,
-1099,5665,14292,
-417,6818,14745,
-32,6740,13676,
-780,7142,15655,
-807,7570,15196,
-576,6801,14255,
-343,6483,14444,
-693,7117,15224,
-473,7252,15152,
-89,6987,14470,
-302,6818,14629,
-537,7002,15294,
-485,7249,15160,
-421,7032,14937,
-384,6962,14788,
-500,6936,15027,
859,8966,15818,
-151,7117,16108,
-495,7166,15078,
-432,6847,14936,
-398,6976,14800,
-458,6905,14691,
-191,7440,14727,
-542,6946,14809,
-130,7308,14636,
-72,7173,14418,
-330,6896,14747,
-26,7444,14843,
-390,7173,14961,
-342,6710,15204,
-355,6667,15375,
372,8014,14763,
378,7632,14917,
-137,7081,15190,
-715,6493,15283,
-637,6553,15254,
-549,6765,15079,
-439,6950,14936,
-420,6857,15113,
-601,6712,15173,
-464,6954,15056,
-521,6960,14865,
-652,6648,15022,
-485,6922,14939,
-585,6838,15013,
-667,6707,14817,
-817,6493,15301,
-740,6715,15261,
-588,6797,15094,
-8736,-82,17177,
255,7638,15020,
-299,7166,14848,
-372,6697,14878,
-492,6478,14889,
-516,6722,14939,
-486,6894,14909,
-414,6885,14962,
-401,6908,15120,
-692,6526,15128,
-519,6673,14951,
-636,6762,14929,
-576,6915,14888,
-613,7073,15045,
-610,6899,14941,
-656,6879,14955,
-731,6752,14962,
-627,6875,14970,
-587,6944,14915,
-552,6896,14937,
-604,6757,15072,
-650,6662,15114,
-629,6743,15309,
-593,6691,15051,
-551,6950,14877,
-552,6806,14909,
-533,6882,14978,
-550,6817,15129,
-522,6899,15012,
-331,6951,15046,
-653,6729,15087,
-603,6723,14928,
-604,6748,15036,
-478,6827,15090,
-564,6608,15212,
-635,6573,15082,
-512,6832,14734,
-544,7026,14825,
-569,7238,14825,
-629,7187,15043,
-568,7014,15321,
-819,6761,15544,
-753,6923,15202,
-732,7267,15056,
-613,7338,14860,
-607,7424,15057,
-704,6480,15095,
-534,6559,15272,
-492,6562,14890,
-532,6678,14675,
-619,6800,14658,
-695,6822,14833,
-701,7021,14754,
-612,7025,14619,
-561,6921,14757,
-607,6790,14919,
-749,6868,15202,
-619,6995,15166,
-668,6841,15269,
-606,6730,15131,
-625,6429,15336,
-455,6365,14902,
-525,6660,14938,
-549,6464,15167,
-521,6568,14931,
-666,6393,14899,
-720,6530,14800,
-673,6577,15089,
-658,6700,15119,
-745,6688,15050,
-751,6789,15047,
-775,6802,15056,
-676,6806,15119,
-769,6709,15003,
-733,6721,14940,
-711,6688,14815,
-574,6583,14792,
-845,6545,14862,
-890,6501,14966,
-585,6607,15229,
-647,6891,15044,
-887,6712,15000,
-1062,6995,14249,
-627,7388,14140,
-1016,7221,14167,
-887,7086,14660,
-870,7285,14810,
-782,7183,14816,
-681,7206,14579,
-788,7226,14615,
-776,7162,14891,
-837,7039,15027,
-911,6855,15145,
-860,6849,15226,
-797,7032,15336,
-770,7087,15219,
-716,7199,15145,
-758,7131,15166,
-687,7144,15154,
-723,7114,15123,
-704,7078,15178,
-734,6916,15344,
-798,6762,15309,
-806,6905,15144,
-734,6927,14948,
-705,6923,15120,
-707,6792,14990,
-759,6616,14844,
-791,6588,14815,
-891,6574,14734,
-965,6833,14577,
-848,7047,14664,
-769,7147,14727,
-904,7176,14632,
-785,7318,14660,
-808,7372,14685,
-834,7424,14715,
-881,7280,14967,
-845,7033,14880,
-791,7116,14552,
-831,6944,14586,
-776,6803,14714,
-841,6763,14759,
-1081,6452,14727,
-1198,6725,14798,
-942,6719,15143,
-1091,6667,15136,
-1145,6702,15170,
-1043,6798,15266,
-998,6766,15039,
-932,6642,14854,
-798,6559,14764,
-817,6646,14752,
-798,6729,14746,
-894,6514,14872,
-823,6616,14980,
-841,6826,14950,
-823,6684,14845,
-862,6620,15006,
-906,6648,15023,
-887,6735,14784,
-869,6844,14932,
-887,7037,15155,
-850,7288,15082,
-834,7145,15214,
-850,6982,15203,
-859,6824,15153,
-829,6827,15189,
-804,6821,15181,
-825,6781,15017,
-826,6798,15008,
-788,6802,15161,
-889,6789,15078,
-823,6792,15027,
-863,6751,15105,
-945,6778,15067,
-918,6849,14992,
-924,6680,15133,
-932,6428,14981,
-834,6336,14974,
-856,6428,15076,
-758,6446,14973,
-811,6382,15008,
-948,6592,15188,
-863,6796,15225,
-930,6861,15157,
-898,6834,15223,
-900,6880,15109,
-916,7072,14577,
-861,7070,14922,
-918,7033,15046,
-817,7099,14881,
-798,6974,14945,
-850,6922,15055,
-904,7019,14938,
-886,7226,14887,
-872,7254,14900,
-911,7228,14768,
-856,7125,14572,
-1020,7104,14704,
-1021,7048,14680,
-978,7050,14686,
-1030,6980,14738,
-992,7058,14540,
-958,6826,14665,
-935,6512,14734,
-850,6518,14641,
-732,6362,14514,
-883,6393,14523,
-843,6520,14747,
-847,6753,14910,
-775,6713,14712,
-697,7211,14392,
-2063,2547,15919,
-994,4868,13871,
-766,7545,14694,
-723,6583,14816,
-1089,6432,15319,
-1049,7474,16597,
-1282,7050,15096,
-1006,6493,15372,
-1163,7378,15439,
-1116,6114,15507,
-1196,6188,15296,
-1048,4932,15776,
-1241,4273,15142,
-629,4762,16008,
-1025,6207,15323,
-741,5149,14844,
-856,4585,14934,
-920,5587,16061,
-752,5279,15678,
-785,5906,16243,
-725,5213,14584,
-1141,5972,15861,
-862,4902,14312,
-633,6068,15615,
-541,6418,16291,
-685,6085,14932,
-721,5612,15717,
-746,5181,15251,
-586,5794,15432,
-611,6123,15616,
-549,6155,15715,
-807,5829,15722,
-506,6170,15750,
-605,6113,15530,
-573,6158,15314,
-505,6339,15454,
-950,5894,15687,
-740,6357,16097,
-680,6236,15734,
-622,6020,15425,
-566,6128,15435,
-595,5968,15306,
-588,5971,15368,
-530,5998,15231,
-523,6035,15259,
-527,5991,15208,
-471,6139,15351,
-474,6117,15298,
-654,6084,15366,
-605,6160,15457,
-623,6098,15457,
-565,6108,15489,
-412,6068,15316,
-482,6145,15324,
-492,6316,15305,
-570,6325,15368,
-523,6179,15274,
-607,6251,15224,
-594,6218,15192,
-627,6159,15184,
-483,6309,15197,
-519,6199,15155,
-515,6303,15133,
-506,6260,15039,
-566,6285,15082,
-610,6300,15006,
-574,6321,15046,
-534,6609,15141,
-543,6778,15251,
-440,6705,14748,
-362,6512,14883,
-494,6607,14987,
-502,6386,15204,
-563,6300,15053,
-488,6463,15128,
-543,6569,15148,
-510,6501,15216,
-516,6523,15254,
-460,6474,15056,
-455,6291,15111,
-537,6433,15170,
-493,6570,15047,
-478,6804,14869,
-538,6845,14945,
-600,6719,14950,
-647,6645,15131,
-644,6616,15050,
-592,6702,15271,
-619,6828,15244,
-539,6520,14980,
-654,6436,15045,
-726,6662,15124,
-627,6806,14887,
-659,6534,15110,
-589,6319,14939,
-521,6446,15052,
-537,6288,15159,
-573,6173,15016,
-483,6182,14853,
-503,6257,14887,
-450,6370,14917,
-533,6575,15058,
-599,6490,15127,
-630,6582,15134,
-651,6591,15080,
-569,6557,15100,
-616,6489,15145,
-659,6573,15080,
-622,6530,15046,
-593,6512,15119,
-683,6544,15177,
-689,6695,15020,
-596,6610,15090,
-602,6472,15042,
-580,6475,15149,
-558,6985,15856,
-515,6632,15134,
-586,6207,14974,
-521,6346,14989,
-591,6331,14935,
-486,6327,14891,
-474,6414,15099,
-433,6529,14972,
-542,6542,15080,
-616,6506,15097,
-675,6483,15169,
-578,6292,14951,
-553,6140,14861,
-516,6317,14870,
-786,6175,14852,
-578,6546,15249,
-577,6685,15225,
-669,6570,15178,
-524,6449,15262,
-620,6400,15216,
-693,6382,15074,
-599,6786,15183,
-627,6710,14979,
-589,6649,14987,
-578,6559,14867,
-629,6491,14949,
-493,6473,14892,
-677,6898,15359,
-539,6822,15051,
-522,6846,15205,
-535,6774,15061,
-469,6625,15190,
-469,6608,15240,
-525,6630,15201,
-514,6593,15191,
-481,6602,15218,
-475,6497,15243,
-358,6602,15067,
-423,6524,15157,
-507,6459,15178,
-521,6559,15236,
-493,6768,15064,
-440,6801,15112,
-497,6822,15016,
-568,6814,15005,
-608,6729,15023,
-550,6780,14952,
-603,6534,15134,
-623,6709,15090,
-508,6795,15015,
-487,6709,14989,
-456,6552,14844,
-539,6704,14808,
-478,6540,14517,
-468,6358,14649,
-519,6304,14982,
-550,6474,14990,
-549,6564,14938,
-567,6518,15062,
-585,6451,15046,
-604,6512,15157,
-517,6404,15057,
-514,6391,14936,
-570,6706,15005,
-560,6733,14767,
-577,6572,15118,
-581,6451,15226,
-611,6512,15109,
-741,6417,15237,
-617,6534,15186,
-581,6559,15184,
-588,6552,15187,
-522,6460,15205,
-694,6460,15241,
-591,6726,15227,
-448,6746,14920,
-535,6678,14858,
-550,6690,15027,
-556,6604,15005,
-482,6618,15008,
-668,6579,15016,
-494,6605,15057,
-519,6600,15112,
-587,6605,15103,
-545,6650,15157,
-592,6727,15029,
-558,6680,15137,
-565,6709,15186,
-665,6808,15101,
-628,6852,15153,
-573,6910,15499,
-517,6689,15440,
-583,6548,15563,
-558,6674,15819,
-333,6499,15568,
-559,6296,15003,
-543,6432,14790,
-582,6472,14706,
-621,6559,14777,
-603,6516,14957,
-696,6391,14931,
-698,6264,14922,
-684,6146,15087,
-739,6524,15230,
-758,6551,15120,
-665,6375,15013,
-679,6314,15096,
-663,6374,15123,
-681,6298,15263,
-711,6276,15097,
-621,6452,15242,
-776,6508,15488,
-728,6605,15651,
-678,6417,15442,
-636,6338,15458,
-663,6343,15374,
-635,6412,15293,
-662,6386,15303,
-645,6472,15118,
-603,6460,15126,
-616,6460,15097,
-651,6456,15253,
-647,6491,15145,
-681,6588,15223,
-673,6331,15112,
-667,6385,15062,
-637,6400,15040,
-666,6318,15051,
-661,6326,15137,
-609,6400,14995,
-671,6529,15090,
-664,6563,14973,
-631,6616,14990,
-360,7151,14503,
-782,6559,15404,
-854,6274,15476,
-764,6345,15066,
-615,6665,14980,
-727,6733,15129,
-762,6499,15180,
-755,6499,14952,
-641,6519,14949,
-711,6531,15009,
-722,6487,14959,
-718,6462,14763,
-700,6459,14840,
-682,6409,14972,
-708,6353,15004,
-674,6400,15082,
-692,6358,15047,
-690,6376,15163,
-763,6466,15128,
-725,6456,15186,
-684,6318,15247,
-681,6400,15191,
-681,6457,15104,
-730,6580,15063,
-673,6495,15231,
-737,6401,15235,
-665,6419,15305,
-649,6394,15226,
-642,6322,15340,
-682,6334,15258,
-681,6359,15264,
-663,6318,15257,
-617,6338,15242,
-568,6405,15305,
-622,6322,15269,
-645,6256,15283,
-574,6402,15148,
-625,6507,15138,
-571,6328,15124,
-628,6335,15131,
-659,6296,15184,
-658,6365,15198,
-714,6333,15261,
-681,6337,15200,
-693,6282,15194,
-687,6280,15101,
-679,6218,15180,
-703,6201,15113,
-634,6287,15027,
-670,6307,15114,
-694,6400,15091,
-666,6364,15152,
-703,6425,15062,
-732,6565,14985,
-651,6565,14966,
-648,6422,15140,
-722,6358,15097,
-710,6407,15098,
-663,6318,15111,
-688,6325,15123,
-641,6389,15140,
-633,6319,15062,
-624,6270,15233,
-658,6258,15195,
-628,6257,15280,
-704,6234,15178,
-710,6269,15210,
-648,6182,14630,
-504,6343,15021,
-619,6469,14896,
-662,6538,15393,
-723,6441,15303,
-684,6385,15350,
-742,6581,15508,
-697,6584,15416,
-713,6394,15341,
-647,6381,15217,
-641,6467,15176,
-608,6456,15183,
-614,6357,15178,
-606,6350,15242,
-576,6306,15190,
-542,6356,15232,
-571,6371,15145,
-623,6360,15284,
-585,6367,15102,
-674,6452,15181,
-585,6415,15212,
-610,6429,15079,
-594,6515,15065,
-663,6393,15134,
-619,6322,15168,
-659,6373,15067,
-634,6389,14996,
-705,6299,14982,
-868,6191,15161,
-594,6167,14365,
-639,6052,14289,
-622,6351,15039,
-663,6549,14801,
-715,6355,15014,
-554,6383,15318,
-561,6415,15170,
-676,6256,15409,
-661,6222,15173,
-602,6840,15573,
-668,6293,15006,
-706,6483,15380,
-685,6492,15272,
-630,6574,15475,
-578,6553,15430,
-602,6364,15408,
-665,6346,15297,
-571,6555,15239,
-624,6544,15089,
-642,6485,15057,
-616,6478,15089,
-580,6594,14923,
-642,6434,14974,
-733,6372,14995,
-729,6290,15142,
-648,6610,14986,
-641,6664,14854,
-633,6646,14910,
-693,6372,15039,
-719,6369,14991,
-710,6556,15007,
-740,6494,15007,
-653,6430,15075,
-668,6347,15049,
-748,6305,14971,
-746,6301,14996,
-785,6423,15048,
-760,6444,15007,
-785,6400,14988,
-662,6537,14891,
-660,6171,14549,
-643,6418,15095,
-620,6377,14809,
-686,6364,14856,
-641,6279,14951,
-641,6294,15006,
-604,6347,15306,
-742,6306,15161,
-530,6458,15448,
-657,6326,14959,
-732,6197,14927,
-646,6212,15182,
-645,6547,15402,
-586,6516,15380,
-780,6414,15691,
-563,6514,15696,
-507,6685,15734,
-560,6595,15421,
-635,6758,15821,
-663,6775,15927,
-535,6642,15570,
-670,6411,15451,
-559,6525,15375,
-540,6478,15232,
-641,6389,15065,
-657,6359,15120,
-723,6377,15125,
-656,6445,14948,
-660,6428,14885,
-648,6412,14934,
-681,6383,14851,
-668,6379,14830,
-566,6202,14734,
-595,6135,14766,
-632,6365,14931,
-533,6814,15136,
-742,6203,15074,
-629,6448,15413,
-588,6524,15185,
-804,7007,15224,
-574,6634,15305,
-672,6535,15441,
-644,6510,15335,
-595,6435,15519,
-546,6418,15430,
-613,6306,15566,
-664,6278,15629,
-639,6344,15520,
-581,6300,15550,
-647,6285,15448,
-616,6327,15447,
-610,6271,15253,
-549,6329,15184,
-604,6291,15278,
-550,6367,15300,
-625,6363,15368,
-602,6314,15322,
-612,6319,15324,
-595,6462,15317,
-531,6481,15258,
-553,6391,15180,
-584,6357,15260,
-532,6391,15352,
-600,6389,15137,
-564,6479,15134,
-618,6444,15151,
-602,6445,15153,
-604,6469,15073,
-598,6485,15043,
-621,6458,15082,
-660,6342,15071,
-604,6341,15015,
-688,6271,15021,
-664,6319,15034,
-664,6303,14766,
-753,6293,14850,
-674,6258,14922,
-696,6091,14871,
-683,6033,14756,
-771,6131,14908,
-785,6174,14846,
-696,6174,14960,
-655,6170,14949,
-707,5938,14786,
-622,5859,14776,
-677,6055,14830,
-657,6232,15134,
-633,6235,15255,
-611,6200,15174,
-562,6207,15203,
-654,6291,15640,
-545,6147,15494,
-309,5948,15457,
-510,6306,15678,
-538,6344,15715,
-618,6296,15890,
-608,6204,15760,
-583,6174,15754,
-580,6200,15643,
-606,6316,15561,
-546,6123,15506,
-580,6186,15519,
-543,6349,15478,
-580,6399,15467,
-510,6109,15422,
-590,6114,15536,
-530,6109,15481,
-506,6139,15370,
-434,6181,15260,
-536,6173,15211,
-505,6123,15063,
-501,6124,15049,
-600,6289,15128,
-561,6401,15080,
-684,6477,15036,
-658,6530,15071,
-749,6397,15146,
-758,6429,15040,
-652,6485,14966,
-743,6140,14949,
-619,6203,14766,
-622,6217,14720,
-679,6279,14628,
-748,6201,14751,
-748,6162,14924,
-783,6159,14972,
-776,6177,15002,
-652,6100,14871,
-679,5850,14550,
-685,5959,14708,
-679,6057,14830,
-717,6094,14844,
-684,6225,14971,
-671,6298,14995,
-315,6151,15173,
-457,6145,14811,
-617,6754,15357,
-630,6410,15492,
-583,6449,15511,
-695,6015,15689,
-552,6155,15558,
-596,6340,15670,
-615,6144,15712,
-573,6219,15761,
-555,6142,15822,
-512,6111,16005,
-617,5990,15838,
-597,6003,15652,
-527,6259,15918,
-474,6118,15541,
-453,6126,15436,
-441,6179,15482,
-527,6234,15209,
-564,6204,15223,
-554,6147,15191,
-544,6135,15159,
-507,6186,15187,
-579,6284,15083,
-606,6451,15060,
-660,6348,15122,
-663,6336,15097,
-681,6357,15095,
-681,6364,15015,
-687,6305,14997,
-686,6379,14929,
-633,6305,15038,
-668,6236,15057,
-686,6179,15088,
-740,6152,15220,
-674,6115,15047,
-687,6024,15192,
-641,6153,15064,
-635,6203,15103,
-611,6117,15074,
-488,6040,15390,
-523,6149,15592,
-608,6058,15590,
-669,6011,15677,
-612,6049,15689,
-595,5822,15628,
-587,6201,15788,
-676,6219,15598,
-585,6037,15573,
-462,5865,15374,
-524,6143,15337,
-607,6158,15450,
-503,6457,15643,
-517,6145,15251,
-610,6162,15481,
-580,6181,15620,
-656,6147,15335,
-546,6189,15406,
-536,6236,15338,
-601,6168,15356,
-477,6256,15243,
-532,6199,15294,
-563,6244,15184,
-585,6220,15227,
-625,6233,15172,
-655,6383,14995,
-663,6355,15094,
-724,6182,15176,
-657,6249,15026,
-645,6393,14763,
-732,6239,14908,
-659,6270,14887,
-684,6251,14814,
-698,6160,14848,
-710,6173,14889,
-690,6229,14932,
-619,6184,14905,
-672,6202,14967,
-715,6163,14903,
-685,6177,14931,
-586,6188,14885,
-601,6186,14914,
-584,6072,15077,
-632,6168,15147,
-591,6150,15243,
-640,6139,15300,
-508,6030,15476,
-620,6358,16042,
-673,6398,15694,
-458,5564,15650,
-676,6171,15517,
-440,6132,15396,
-452,6182,15422,
-1872,3971,21313,
-660,4505,15700,
-798,5259,15505,
-4094,-2214,13958,
-1663,5659,17082,
215,5162,15252,
-1230,6016,14361,
-646,6532,14906,
-390,6374,14901,
-835,6196,14831,
-641,6075,15150,
-482,6433,15231,
-677,6471,15116,
-649,6292,15249,
-842,5933,15277,
-858,5847,15090,
-692,5950,15122,
-458,6197,14975,
-720,5961,15077,
-798,5746,15141,
-972,5507,15282,
-673,6144,15331,
-995,5907,15850,
-359,6565,16012,
-942,6302,15677,
-649,6610,15444,
-810,6417,15604,
-676,6190,15948,
-779,6133,16041,
-500,5658,15896,
-1184,6188,15514,
-842,6080,15451,
-980,6063,15370,
-259,5469,14550,
-825,5168,15155,
-776,5975,15336,
-887,5883,15369,
-892,5793,15174,
-996,5663,15337,
-932,5497,15349,
-916,5516,15359,
-1025,5628,15468,
-977,5843,15457,
-1042,5729,15524,
-1021,5962,15925,
-995,5771,15525,
-871,5827,15726,
-929,5686,15518,
-987,5453,15476,
-906,5534,15427,
-818,5767,15151,
-1099,5533,15729,
-932,5603,15333,
-887,5590,15263,
-931,5767,15106,
-1039,5745,15362,
-710,6153,15227,
-912,5937,15388,
-1021,5871,15342,
-811,5856,15351,
-805,5790,15243,
-1115,5457,15173,
-1132,5640,15203,
-1047,5673,15233,
-973,5797,15509,
-1054,5952,14981,
-1024,5692,15543,
-1079,5342,15402,
-856,5690,15390,
-910,5884,15016,
-831,6028,15285,
-464,5859,14895,
-248,5833,14511,
-648,5535,15270,
-533,5946,14958,
-633,5863,15221,
-547,5898,15203,
-560,5926,15362,
-650,5690,15188,
-723,5694,15694,
-701,5696,15759,
-837,5649,15628,
-739,5732,15622,
-642,6029,15839,
-725,5965,15723,
-971,5339,15980,
-1000,5030,16103,
-1338,4206,15880,
-422,5788,15612,
-688,5151,16354,
-2029,3382,16553,
153,7572,15266,
322,7654,15010,
73,7068,14999,
-639,5349,15161,
-606,5010,15396,
-248,5447,15156,
-259,5894,15082,
-233,5938,15264,
-285,6179,15816,
-377,5695,15481,
-523,5723,15506,
-610,5773,15626,
-592,5895,15628,
-488,6102,15771,
-430,6162,15507,
-521,6116,15091,
-531,5959,14996,
-487,5954,15102,
-476,5908,15104,
-571,5818,15256,
-660,5779,15217,
-697,5695,15147,
-682,5670,15156,
-617,5600,15386,
-543,5748,15407,
-577,5655,15413,
-536,5518,15469,
-531,5526,15498,
-426,5635,15646,
-534,5521,15813,
-462,5452,15877,
-425,5452,15939,
-340,5378,15939,
-336,5306,15799,
-366,5196,15819,
-177,5490,15444,
-270,5477,15863,
-206,5751,15854,
-393,5618,15285,
-327,5737,15163,
-397,5793,15223,
-494,5660,15594,
-608,5663,15591,
-673,5906,15607,
-429,5907,15577,
-520,5884,15580,
-585,5567,15449,
-519,5778,15327,
-378,5898,15276,
-458,6030,15127,
-501,6049,15002,
-482,5886,14950,
-619,5568,15158,
-719,5687,15093,
-438,6016,15232,
-473,6134,15235,
-365,6137,15159,
-439,6056,15276,
-492,5751,15470,
-474,5798,15291,
-415,5806,15282,
-381,5817,15333,
-358,5817,15495,
-367,5826,15498,
-407,5658,15564,
-219,5664,15294,
-350,5608,15444,
-484,5275,15596,
-350,5456,15793,
-289,5652,15673,
-645,5456,15838,
-285,5689,15506,
-268,5762,15527,
-302,6210,15833,
-188,6333,15836,
-552,5956,16011,
-466,5957,16035,
-412,5993,15688,
-448,5773,15651,
-460,5796,15357,
-407,5892,15561,
-402,5969,15333,
-312,6080,15225,
-331,6049,15157,
-266,6000,15174,
-186,5797,15144,
-355,5780,15259,
-455,5692,15288,
-461,5640,15255,
-558,5531,15427,
-468,5801,15452,
-537,5871,15475,
-572,5861,15342,
-518,5916,15267,
-447,5987,15125,
-378,5970,14973,
-314,5992,14931,
-364,5911,15027,
-400,5785,14995,
-439,5984,14649,
-598,5987,14536,
-454,5626,14995,
-99,5807,15704,
-234,5308,15965,
-198,5132,15932,
-384,5118,15938,
-383,5213,15995,
-313,4948,16028,
-226,5063,16372,
-295,5073,16397,
-163,5722,15876,
-279,5723,15644,
-2,5618,15265,
1226,6248,11626,
1075,7527,16136,
168,5674,15261,
-264,5269,15243,
-179,5489,15296,
-296,5611,15222,
-372,5459,15440,
-282,5683,15375,
-274,5774,15086,
-333,5755,15082,
-152,5416,13764,
-160,5992,15379,
-243,5474,15057,
-235,5352,15254,
-193,5324,15114,
-266,5365,15160,
-287,5372,15255,
-231,5641,15272,
-259,5549,15431,
-182,5729,15463,
-46,5485,15422,
-29,5729,15655,
-37,5682,15696,
232,5587,16281,
115,5864,16106,
-5,5434,15270,
28,5473,15374,
-77,5470,15424,
-113,5359,15729,
-185,5150,15841,
-224,5126,15964,
-234,5183,15782,
-275,5248,15889,
-172,5354,15893,
-198,5333,15985,
-152,5304,15869,
-113,5334,15938,
-82,5553,15668,
37,5487,15494,
-32,5540,15663,
-11,5612,15572,
88,5560,15653,
63,5732,15709,
8,5697,15566,
102,5601,15570,
7,5536,15529,
-175,5557,15460,
-118,5474,15528,
-162,5405,15375,
-267,5365,15421,
-280,5351,15475,
-265,5641,15352,
-264,5656,15359,
-182,5685,15331,
-170,5692,15340,
-104,5862,15226,
-108,5885,15300,
-283,5573,15513,
-319,5413,15596,
-291,5196,15325,
-122,5446,15249,
-404,5384,15396,
-339,5479,15530,
-312,5434,15441,
-364,5520,15444,
-135,5342,15239,
-556,5445,15570,
-356,5576,15384,
-348,5393,15365,
-306,5331,15298,
-284,5342,15335,
-293,5342,15586,
-214,5484,15585,
-182,5464,15649,
-264,5170,15652,
-131,5481,15720,
-167,5520,15829,
-170,5567,15768,
-180,5566,15864,
-150,5644,15842,
-177,5660,15876,
-207,5669,15716,
-193,5619,16026,
-194,5434,15546,
-158,5462,15637,
-256,5643,15626,
-220,5770,15511,
-187,5715,15580,
-334,5413,15658,
-300,5433,15510,
-261,5660,15516,
-306,5633,15704,
-349,5676,15824,
-378,5783,15328,
-480,5497,15878,
-435,5075,15453,
-901,4469,16730,
-435,5601,15765,
-173,5819,15307,
-150,5821,15109,
-163,5746,14676,
-452,5528,15431,
-388,5241,15448,
-384,5657,15252,
-479,5814,15454,
-489,5381,15422,
-476,5363,15687,
-530,5360,15598,
-327,5388,15423,
-427,5266,15288,
-321,5389,15168,
-344,5364,15273,
-307,5392,15106,
-282,5150,15149,
-354,5235,15262,
-335,5283,15277,
-418,5032,15498,
-434,4828,15581,
-337,5259,15541,
-279,5287,15531,
-323,5190,15717,
-210,5190,15690,
-254,5184,15764,
-302,5334,16008,
-326,5273,15983,
-362,5346,16001,
-277,5493,15907,
-222,5412,15684,
-302,5411,15672,
-298,5387,15575,
-271,5492,15489,
-254,5341,15527,
-238,5359,15346,
-196,5387,15401,
-203,5336,15372,
-294,5288,15371,
-391,5278,15478,
-358,5470,15417,
-400,5475,15433,
-425,5435,15470,
-431,5484,15515,
-525,5496,15493,
-514,5505,15442,
-417,5449,15391,
-470,5460,15334,
-447,5497,15357,
-415,5570,15324,
-411,5584,15327,
-435,5440,15289,
-358,5465,15410,
-400,5423,15356,
-337,5469,15445,
-385,5330,15572,
-309,5416,15415,
-255,5406,15438,
-296,5395,15491,
-366,5616,15594,
-360,5442,15697,
-341,5372,15828,
-305,5359,15817,
-321,5252,15923,
-378,5280,15912,
-327,5454,15883,
-305,5468,15887,
-313,5416,15573,
-329,5442,15860,
-364,5381,15438,
-308,5577,15435,
-362,5549,15557,
-380,5537,15655,
-344,5474,15561,
-366,5532,15425,
-353,5597,15325,
-389,5510,15391,
-368,5599,15466,
-376,5567,15391,
-447,5505,15430,
-407,5511,15396,
-456,5434,15374,
-399,5527,15338,
-476,5620,15170,
-383,5585,15306,
-409,5209,15329,
-376,5413,15390,
-419,5666,15332,
-363,5568,15246,
-325,5612,15498,
-438,5676,15625,
-385,5778,15571,
-387,5571,15616,
-369,5595,15610,
-311,5606,15505,
-336,5499,15571,
-390,5518,15558,
-424,5439,15656,
-377,5517,15571,
-381,5498,15586,
-349,5469,15575,
-356,5383,15591,
-255,5492,15444,
-381,5749,15388,
-191,5779,15644,
-624,5415,15740,
-447,5360,15406,
-292,5689,15335,
-396,5733,15668,
-440,5641,15595,
-387,5667,15432,
-493,5350,15811,
-483,5440,15702,
-519,5473,15564,
-520,5474,15521,
-370,5514,15809,
-319,5576,15360,
-465,5429,15345,
-383,5668,15434,
-435,5516,15521,
-446,5486,15429,
-519,5347,15381,
-447,5348,15560,
-445,5413,15495,
-392,5514,15490,
-580,5526,15569,
-439,5639,15519,
-446,5461,15551,
-505,5454,15572,
-468,5372,15663,
-523,5317,15499,
-576,5506,15691,
-581,5462,15683,
-465,5402,15686,
-548,5355,15686,
-578,5309,15672,
-502,5319,15643,
-482,5373,15603,
-473,5487,15528,
-472,5440,15476,
-411,5465,15472,
-437,5442,15402,
-434,5470,15381,
-386,5477,15412,
-460,5594,15501,
-422,5638,15455,
-375,5597,15504,
-331,5583,15499,
-361,5588,15413,
-369,5667,15457,
-373,5523,15507,
-407,5512,15566,
-405,5513,15536,
-408,5512,15615,
-403,5460,15654,
-448,5374,15589,
-390,5435,15474,
-489,5305,15535,
-529,5391,15614,
-511,5348,15509,
-514,5459,15624,
-527,5348,15587,
-523,5374,15632,
-487,5399,15572,
-522,5451,15627,
-482,5390,15694,
-515,5382,15633,
-500,5433,15522,
-449,5398,15453,
-476,5331,15650,
-424,5241,15550,
-474,5252,15604,
-465,5311,15585,
-448,5404,15585,
-431,5265,15528,
-439,5391,15690,
-296,5411,15693,
-399,5432,15620,
-404,5527,15578,
-380,5368,15583,
-330,5489,15583,
-277,5628,15456,
-376,5534,15677,
-367,5480,15705,
-391,5466,15669,
-413,5349,15716,
-423,5422,15650,
-458,5342,15621,
-465,5332,15533,
-418,5505,15403,
-393,5533,15380,
-440,5384,15446,
-463,5370,15436,
-537,5444,15532,
-470,5351,15514,
-454,5329,15556,
-449,5318,15554,
-440,5337,15501,
-452,5382,15522,
-437,5345,15546,
-379,5402,15603,
-431,5410,15770,
-441,5421,15719,
-457,5357,15817,
-416,5419,15711,
-492,5455,15865,
-464,5451,15760,
-458,5377,15794,
-408,5496,15686,
-381,5453,15568,
-416,5469,15508,
-391,5463,15289,
-311,5446,15337,
-408,5387,15339,
-398,5429,15405,
-352,5557,15295,
-425,5634,15545,
-337,5740,15423,
-467,5737,15439,
-324,5283,15287,
-426,5546,15555,
-513,5705,15397,
-588,5673,15484,
-588,5514,15446,
-484,5616,15388,
-450,5762,15323,
-556,5783,15153,
-516,5648,15418,
-579,5571,15429,
-603,5467,15507,
-563,5566,15593,
-505,5439,15568,
-481,5233,15493,
-582,5486,15793,
-515,5576,15559,
-484,5288,15423,
-641,5433,15743,
-637,5455,15824,
-559,5427,15835,
-574,5570,15820,
-463,5685,15697,
-462,5691,15707,
-469,5486,15623,
-552,5470,15551,
-527,5477,15698,
-435,5506,15451,
-427,5570,15462,
-484,5664,15374,
-339,5617,15220,
-330,5564,15559,
-497,5481,15437,
-480,5395,15411,
-416,5572,15514,
-436,5690,15508,
-600,5504,15504,
-554,5460,15493,
-549,5453,15451,
-581,5601,15671,
-638,5421,15604,
-641,5321,15552,
-691,5391,15687,
-586,5319,15670,
-543,4904,16422,
-1079,5463,16055,
-465,5541,15472,
-494,5790,15381,
-499,5579,15367,
-353,5276,15315,
-895,5681,15342,
-1461,6644,15978,
-2592,4233,16299,
-899,4010,14949,
-547,6385,15112,
-513,6142,15391,
-719,5129,15535,
-683,5286,15553,
-547,5510,15421,
-624,5489,15554,
-475,5517,15474,
-494,5504,15400,
-459,5547,15511,
-500,5251,15507,
-609,5221,15513,
-375,5449,15536,
-298,5606,15463,
-207,5688,15565,
-190,5559,15630,
-541,5643,15536,
-57,5600,15370,
-813,5226,15774,
-608,5654,15603,
-699,5264,15578,
-641,5458,15528,
-1036,5419,15803,
-823,5739,15814,
-777,5855,15383,
-761,5541,15445,
-811,5767,15380,
-568,5542,15164,
-554,5868,15145,
-557,5766,15068,
-501,5722,15234,
-622,5450,15332,
-665,5789,15336,
-713,6004,15383,
-547,5799,15439,
-546,5705,15474,
-530,6024,15289,
-405,6057,15324,
-490,6081,15365,
-471,6084,15422,
-465,5954,15544,
-492,5927,15637,
-410,5860,15568,
-391,5880,15577,
-486,5828,15744,
-573,5576,15705,
-399,5812,15857,
-76,6124,15367,
-320,5420,15408,
-494,5205,15568,
-532,5441,15603,
-642,5207,15572,
-409,5805,15429,
-473,5887,15527,
-653,5390,15025,
-542,6143,15921,
-524,6305,15701,
-875,6151,15681,
-543,6318,15548,
-593,6265,15519,
-467,6097,15349,
-658,5879,15079,
-313,6101,15015,
-536,5885,14911,
-351,6352,14911,
-512,5926,15052,
-508,5837,15082,
-415,5739,15079,
-459,5829,15080,
-408,5632,15374,
-245,5865,15192,
-375,6072,15271,
-516,5658,15283,
-181,5986,15320,
-253,5909,15336,
-467,5880,15712,
-616,5708,15768,
-432,5832,15756,
-602,5828,15556,
-533,5757,15760,
-224,5990,15694,
-513,5988,15460,
-542,5812,15447,
-342,5943,15314,
-297,5855,15124,
-375,5586,15207,
-238,5645,15269,
-353,5568,15189,
-330,5659,15359,
-361,5719,15568,
-370,5803,15506,
-392,5851,15613,
-415,5983,15565,
-447,6025,15710,
-525,5931,15747,
-467,5909,15683,
-446,5808,15630,
-497,5771,15538,
-437,5764,15473,
-456,5743,15504,
-388,5715,15425,
-439,5665,15328,
-473,5423,15287,
-424,5483,15322,
-372,5768,15286,
-382,5765,15260,
-398,5730,15278,
-464,5604,15296,
-512,5724,15264,
-509,5772,15258,
-495,5771,15295,
-505,5867,15265,
-482,5875,15337,
-493,5926,15455,
-556,5903,15474,
-793,5013,16090,
-425,5985,15720,
-389,6097,15581,
-477,5615,15615,
-447,5530,15491,
-505,5532,15535,
-21,6421,14748,
-437,5562,15505,
-252,5651,15489,
-190,5751,15258,
-375,5649,15353,
-359,5699,15677,
-463,5897,15854,
-532,5827,15780,
-1396,4533,15811,
-385,6120,15998,
-376,6172,15578,
-432,5912,15755,
-370,5997,15579,
-376,6219,15330,
-113,6623,15220,
-452,5725,15332,
-355,5778,15426,
-193,5869,15176,
-331,5994,15049,
-319,6041,15305,
-293,5796,15119,
-319,6000,15221,
-261,6272,15244,
-223,6372,15012,
-510,5902,15338,
-298,6000,15203,
-377,5831,15264,
-310,5847,15218,
-471,6047,15314,
-174,6417,15022,
-93,6439,15029,
24,6260,14967,
-244,5995,15085,
-65,6182,15127,
-84,6372,15006,
64,6585,14977,
-8,6213,14861,
-57,6150,15041,
-205,5998,15263,
-189,6202,15312,
-182,6230,15282,
-227,6172,15329,
-174,6501,15416,
-134,6527,15493,
-111,6414,15583,
-149,6337,15525,
-178,6392,15663,
-283,5874,15202,
-253,6047,15612,
-210,6105,15474,
-230,5889,15398,
16,6422,15367,
2,6473,15152,
0,6234,15135,
60,6112,15051,
-60,5960,15223,
-9,6179,15008,
-50,5858,15077,
-54,5984,14923,
47,6398,14797,
75,6473,14930,
56,6168,15033,
150,6382,14920,
5,6391,15040,
-30,6292,15125,
27,6204,15150,
71,6294,15148,
-109,6025,15358,
-42,6195,15458,
-103,6044,15608,
-69,6082,15583,
38,6266,15573,
104,6291,15459,
-34,6134,15669,
19,6096,15619,
15,6106,15609,
213,6402,15219,
211,6355,15211,
180,6153,15368,
184,6391,15212,
280,6330,15113,
62,6197,15211,
-84,6236,15497,
-185,5814,15630,
-2,6115,15463,
-105,6150,15402,
-302,5704,15755,
-169,6152,15899,
-45,6344,14173,
174,6508,15963,
90,6126,15062,
57,6023,14941,
-223,5608,14736,
67,6314,15453,
-27,6149,15236,
93,6223,15245,
20,5955,15478,
37,5913,15369,
-75,5737,15259,
-73,5979,15298,
-89,6133,15535,
-13,6105,15154,
-108,6061,15123,
-26,6160,15068,
13,6013,15242,
-7,6052,15444,
-31,6070,15569,
-46,5937,15566,
-48,5873,15584,
-169,5837,15722,
-356,5792,15514,
-188,5831,15748,
-103,5613,15571,
-140,6126,14983,
-86,6381,14788,
-48,6369,15343,
-51,6102,15223,
-158,6161,15026,
-125,6752,14720,
-273,6566,15460,
-320,6409,15333,
-348,6283,15248,
-300,6242,15251,
-206,6169,15174,
-291,6039,15126,
-226,6179,15065,
-207,6194,14830,
-299,6100,14727,
-379,6333,15316,
-348,6016,15471,
-402,5634,14858,
-437,5466,14841,
-392,6043,15149,
-310,6457,14904,
-351,6456,15045,
-421,6356,15162,
-408,6169,15301,
-637,6080,15419,
-648,6058,15453,
-506,6147,15363,
-350,6428,15197,
-310,6388,15308,
-306,6343,15200,
-255,6239,15178,
-283,6217,15267,
-354,6293,15640,
-309,6086,15311,
-333,6058,15322,
-379,6203,15528,
-366,6256,15388,
-328,6256,15378,
-368,6202,15446,
-417,6004,15573,
-448,5928,15596,
-356,6103,15326,
-295,6054,15255,
-329,6016,15271,
-244,6025,15120,
