-1172,-353,17348,
-842,829,17443,
-1093,956,15654,
-325,1214,16754,
-119,-2947,19550,
-396,5244,15634,
-436,980,17554,
-929,314,16884,
-907,730,16315,
-968,529,18285,
-1164,1222,16033,
-1026,691,16097,
-1347,1051,15276,
-1410,-189,17294,
-1324,427,15986,
-1077,994,14962,
-1645,-215,15763,
-1936,215,15446,
-1246,-64,15496,
-1363,32,15499,
-1078,1055,16555,
-840,616,16675,
-884,955,17434,
-659,-57,17528,
-778,369,17779,
-532,306,16215,
-889,311,15279,
-740,-340,15438,
-714,1399,16277,
-855,794,16708,
-772,590,14815,
-578,2297,15926,
-1140,720,20066,
-884,1234,15167,
-1232,479,16351,
-673,2426,18838,
987,9667,20349,
-590,1680,22962,
-1023,2033,14527,
-1226,2906,17325,
-1633,1716,18703,
-1023,2850,18615,
-954,1772,15166,
-1151,1910,13593,
-960,2312,14668,
-1129,1529,16753,
-1126,1963,15743,
-1152,2286,15781,
-1224,1580,16831,
-1381,1957,16983,
-1404,1655,16550,
-1191,2347,16563,
-1167,1893,16728,
-1313,2461,16093,
-1344,2201,16259,
-1862,410,17892,
-1517,1053,16372,
-1107,1591,15915,
-1139,1309,16885,
-1010,1377,15781,
-982,900,16945,
-1385,637,16065,
-1372,1061,13282,
-1393,50,15549,
-1224,-23,14010,
-1159,1136,17271,
-263,791,18075,
-532,170,17845,
-434,-7597,15914,
6193,24783,15684,
101,2339,9446,
142,-1513,18316,
104,78,13820,
-238,1189,18194,
-578,24,15517,
-326,643,17328,
-803,-379,17216,
-587,649,16227,
-808,862,13883,
-1045,2778,14628,
-1317,2001,15859,
-1079,3382,15968,
-1297,2850,15890,
-1599,3304,15875,
-1406,3096,15783,
-1344,2786,16218,
-1088,3747,15621,
-1242,3024,15826,
-1252,3174,15806,
-1302,3484,15324,
-1413,3144,15699,
-1130,3720,16008,
-1097,3349,16549,
-823,3757,16577,
-960,3480,16149,
-965,3512,15545,
-1131,2710,15160,
-1244,3320,15503,
-1269,3117,15692,
-1165,3847,15992,
-1351,3675,16681,
-1195,3518,16290,
-1468,3196,15880,
-1369,3237,16096,
-1332,3360,16047,
-1181,2885,16607,
-1228,3003,15863,
-1129,3118,15925,
-992,2846,16016,
-1182,2559,15480,
-1026,3039,16120,
-668,3421,15085,
-1406,3707,16878,
-917,4355,14720,
-591,3363,17928,
-1510,4286,15883,
-1657,2643,17877,
-1356,3475,16051,
-1277,2379,16069,
-1383,2780,16365,
-1205,2419,14537,
-746,2682,14759,
-1218,2524,14422,
-574,3151,14871,
-1264,3807,16060,
-1495,3703,13899,
-1647,4979,16506,
-1365,5468,17518,
-1804,4886,15582,
-1447,3870,18894,
-1744,3672,17272,
-1661,2666,14538,
-1364,3433,16932,
-1456,2488,19837,
-1078,3302,15136,
-1267,2189,14174,
-1187,2468,15398,
-1099,2513,16624,
-1017,2213,16427,
-1032,2069,16138,
-938,2351,16910,
-1158,2475,17108,
-1256,2212,16642,
-1244,1943,16712,
-1235,1795,16525,
-1414,1570,16614,
-924,1284,16372,
-1924,622,17965,
-1333,1509,16504,
-1000,1732,16316,
-1192,1671,16239,
-1013,1305,14853,
-882,1916,16105,
-901,2173,16267,
-878,1880,16356,
-585,2371,17252,
-229,6942,15757,
-1307,-2506,15664,
-695,809,15838,
-165,2525,15091,
26,131,20666,
-924,-4650,15712,
2820,8997,25996,
576,4385,8661,
-319,2872,25022,
-324,-3176,9502,
-41,2838,16781,
-84,1300,18398,
-591,-719,6108,
185,1400,16973,
108,203,16476,
584,-943,16967,
735,-1205,16177,
498,-835,16374,
456,-554,16602,
339,-488,16355,
454,-221,16641,
527,420,16571,
376,1306,16449,
1142,2396,14900,
832,2733,16128,
1366,1989,14356,
587,1550,16135,
519,1197,16858,
348,855,16876,
1318,3892,16863,
1070,4386,16457,
163,1580,15373,
283,1763,15444,
32,1551,14615,
-145,1475,16078,
233,2152,15326,
568,2239,14632,
458,2170,16059,
474,2483,16724,
319,2178,17487,
-65,2345,16716,
68,3228,16535,
-727,742,16883,
217,4527,15932,
113,4371,16071,
-104,3665,17095,
86,3934,15178,
134,4567,15858,
500,4219,16314,
-215,3723,15006,
142,3493,15019,
118,3706,15567,
-191,3437,16338,
-159,3706,14817,
401,5405,14390,
183,3469,14195,
5286,9505,13618,
-26961,-29785,-32764,
24966,28439,32764,
3221,-28193,32764,
-1492,-24764,32764,
52,-4302,32764,
-2164,-6049,31327,
4615,1098,23695,
3113,644,11377,
-1494,-8723,-1988,
4284,203,11318,
1768,-206,19466,
3437,3077,9452,
2316,-311,14910,
1778,-4379,16666,
1411,-6317,19251,
219,-9645,18743,
-191,-11734,19944,
646,-11853,18784,
1736,-9416,19185,
1222,-6366,19113,
586,-8057,19171,
645,-10282,18801,
1628,-8533,16198,
1822,-4627,15845,
1662,-4503,15162,
1538,-3995,13087,
1709,-3247,13469,
1363,-3308,13989,
1823,-3124,15293,
1425,-4283,15158,
1337,-5800,15079,
1152,-5653,16149,
1333,-5248,16956,
1166,-5783,17123,
1153,-5807,16693,
1281,-5527,15124,
1679,-5161,14634,
1545,-4769,14112,
1650,-4048,14296,
876,-4113,14420,
815,-5168,14348,
2958,-6010,7487,
2116,-2807,14519,
867,-4985,18664,
1815,-5128,18004,
3198,-6241,15992,
2377,-16464,26585,
6,-13481,22966,
433,-6026,15990,
2431,-3316,-2970,
2499,710,21101,
3686,-3363,18598,
-187,-6815,12581,
2620,-7318,16554,
1352,-6387,16469,
741,-5625,18114,
1125,-5082,17957,
2050,-4571,15819,
-710,-5665,14568,
1642,-5112,17066,
1345,-4954,16960,
1865,-4681,17108,
910,-5390,15382,
2837,-3864,15534,
2301,-2544,15816,
1635,-4601,13467,
1734,-4013,15526,
1193,-4208,14823,
1372,-4847,18442,
2025,-2971,18962,
1817,-2830,18729,
-228,-4936,16401,
1665,-3220,16298,
1323,-4182,21194,
673,-3003,17382,
1507,-4788,17446,
2351,-4040,12525,
2545,-2520,10637,
-999,-3469,12975,
2031,-348,6753,
474,2498,2709,
-610,-5956,23214,
-270,-7830,22088,
857,-5981,20892,
-1629,-6430,14909,
-77,-4245,18355,
407,-1236,14107,
-3875,389,16482,
879,2443,15114,
2141,-5092,15429,
2723,-11020,12959,
1811,-8840,17113,
746,-4556,17226,
494,-3188,16139,
268,-3571,16499,
-560,-4212,14061,
355,-4441,14403,
803,-3341,15488,
1367,-5052,18546,
731,-2387,16026,
905,-4662,15144,
802,-4060,14282,
806,-3589,14664,
872,-3987,15100,
698,-4483,17096,
847,-3635,16462,
862,-3321,16270,
392,-4661,17778,
491,-4705,17579,
582,-3482,16144,
929,-3560,15590,
886,-3607,16315,
1008,-3966,16212,
849,-3434,17020,
1015,-3012,17259,
1042,-2857,18034,
1403,-2994,19826,
794,-1540,17329,
134,-2094,17115,
-236,-2921,13177,
-352,-1770,15533,
299,-1288,14302,
102,-1205,17515,
627,-160,17109,
547,-1643,17448,
-223,-2514,17496,
155,-1923,15486,
477,-2222,14864,
293,-2123,16129,
-319,-2874,14237,
706,-2608,18353,
508,-4727,19464,
-191,-2419,16697,
-608,-4007,14669,
-622,-4483,16161,
186,-1842,15933,
-306,-1133,15058,
-280,-1016,15697,
-138,-1011,16508,
536,1090,15089,
393,1434,15570,
388,575,17391,
38,139,17395,
-1141,348,16769,
331,1962,15971,
-160,675,14764,
1718,3451,12524,
200,-1065,14954,
119,179,16270,
-873,-2309,19470,
-429,-144,15360,
-55,-109,15625,
-288,-393,17076,
37,-312,14831,
1356,3152,15768,
-786,-879,14072,
-907,-1445,17729,
92,634,19413,
-89,233,16996,
44,475,17443,
603,-1917,18211,
627,-712,18612,
309,465,16440,
446,765,16709,
415,1831,16965,
136,1979,16766,
269,1374,18317,
226,2544,17601,
533,2510,17344,
647,2097,17338,
336,1136,24109,
-905,-4406,20815,
1465,2469,25860,
1171,3789,30924,
-1079,3685,19773,
1667,6076,23885,
1056,1540,21811,
-27,2452,19908,
90,3643,18448,
297,4106,19354,
-65,5546,20502,
-529,3520,18097,
-1034,1931,19013,
123,-113,15821,
-544,3623,15521,
-1030,976,12778,
-597,4712,10594,
-1145,5149,6451,
-1985,4749,3347,
-1126,9187,-1573,
-592,10652,-4821,
-926,10756,-13408,
-3385,7048,-17547,
-1789,2782,-13557,
-1861,798,-9265,
-2434,-1996,-8929,
-1909,-1177,-8085,
-2576,-762,-10152,
-2588,-922,-3271,
-1485,747,-1359,
-3322,-3203,1676,
-701,1629,5330,
153,-347,12276,
-2936,-3833,23188,
-4366,-4712,32407,
-3080,8064,29229,
7002,8626,32764,
2841,-11169,14115,
7564,32764,32764,
1134,19500,13763,
4288,8438,32764,
2541,3275,15986,
-1284,-4466,22686,
1823,-12409,-12281,
-2921,-7920,-8313,
-1621,1290,-3294,
-2049,770,-4330,
-1766,1474,293,
-2202,1981,1022,
-2001,1544,2485,
-2404,51,-1003,
-1675,577,-1491,
-1230,3526,3888,
-2044,3536,5902,
-990,4172,8158,
-1868,2675,10605,
149,7090,12416,
-2817,2692,16423,
255,10350,12297,
1170,12027,15806,
1848,23025,19707,
-478,9911,21940,
1360,13854,23593,
1273,12757,21653,
1425,15445,21050,
1917,15741,20475,
972,15714,20268,
866,14307,20484,
889,13042,20514,
961,13643,21686,
986,12386,17936,
1110,12383,17924,
508,10518,16668,
391,9203,16966,
278,8386,16553,
-29,8170,15258,
48,7858,15030,
-9,7814,15125,
-111,7052,15115,
154,7254,16220,
-207,6669,15746,
-350,6792,16309,
-554,7374,18465,
-762,7093,20466,
-451,8230,21399,
-483,9558,21612,
-120,9855,23104,
-251,10868,24436,
176,11943,24414,
475,12288,22638,
-381,11235,21936,
1130,12768,22471,
1375,13111,20277,
589,11594,21537,
2638,8404,23499,
195,7652,17126,
-1446,5260,15972,
-989,4857,18013,
-1782,4768,15927,
-1224,1055,23125,
-2029,2384,5614,
-354,1530,6457,
-1719,299,2750,
-1002,2388,-889,
-1831,954,-6573,
-3063,-1860,-12093,
-3955,-2707,-14257,
-3904,-4616,-13500,
-3058,-5418,-13256,
-4946,-8773,-15472,
-7608,-7990,-13574,
-4053,-4732,-28262,
-5221,-6299,-19894,
-4918,-6697,-4012,
-1959,4774,3966,
-127,2902,7052,
-1590,3243,14750,
2642,10020,18223,
4685,11079,30097,
2437,12278,32250,
8867,25024,32764,
11782,32764,32764,
5763,20847,29072,
9170,32764,32546,
6197,31575,32764,
3741,22898,32764,
6017,18720,26504,
3555,32587,32764,
6107,24259,24841,
2945,12217,19198,
1619,10334,25026,
-476,-4198,5776,
322,-5876,-4675,
-2400,1553,16358,
-3959,-4847,1525,
-3101,-722,3519,
-4298,-3484,-3126,
-6180,6699,32764,
-3479,-10797,-3349,
-181,5415,20143,
-1964,-9944,-19872,
-1467,3435,1000,
-1920,-2724,7655,
-957,1157,4096,
477,1875,13528,
-1762,4444,9999,
122,8251,15998,
-590,11013,17760,
-762,9463,21438,
500,11481,22686,
773,13050,23431,
869,14195,19078,
1095,15386,21594,
970,16040,23774,
1768,16426,23609,
1216,16570,21904,
1599,16415,21328,
2045,17614,20767,
1324,15382,17476,
1717,15838,18741,
2402,15272,15306,
1053,11538,14265,
1417,10793,15345,
1057,8564,13877,
2808,6752,12798,
514,5384,11106,
119,4502,9016,
-1471,1867,6847,
-3255,2240,3364,
-4094,1671,401,
-3572,3303,-2841,
-3749,3662,-5825,
-1801,5439,-8264,
-922,9888,-15045,
-8,11392,-13905,
589,12220,-20829,
5024,10370,32764,
-1898,4240,32764,
-1062,6433,32764,
679,9460,-6583,
-3433,-1269,32764,
-6927,-459,-7155,
1722,-1537,-899,
-4581,337,6738,
-5659,-1538,14804,
-2704,-1208,-8904,
-2329,-2129,2773,
-3234,-2115,-4505,
-3012,-840,1890,
-2508,2333,1256,
-1636,5740,14583,
-158,9393,20276,
-290,11157,18896,
-896,12899,21424,
-129,12324,24057,
-107,13132,22557,
-590,12193,21023,
552,12828,22069,
124,13074,19346,
541,12234,16730,
261,10929,16556,
440,12407,16078,
413,10170,14381,
241,10261,13061,
209,9722,14288,
103,9568,13620,
-35,8036,11317,
295,6996,9972,
553,6646,11827,
-67,5824,15739,
303,6355,16701,
72,5896,14944,
50,5405,19981,
-58,4590,21579,
18,4690,18370,
-221,5332,20668,
319,6746,20022,
624,7703,23022,
792,9535,20587,
499,10310,21932,
797,10410,20549,
1188,9060,21555,
-140,8942,19344,
233,10074,15125,
931,9413,16050,
-699,6256,481,
-2781,5376,-1242,
-3614,1257,-2836,
-4545,457,-7587,
-4183,-979,-9275,
-4385,-3534,-16798,
-4325,479,-26682,
3543,-18554,32289,
10850,10577,32764,
11557,4288,32764,
8920,-5536,32764,
13898,8164,32764,
8798,830,32764,
3635,32764,-32764,
14368,-1493,26070,
1212,-16407,-11478,
-356,545,-9784,
-3332,-9024,-10571,
-3325,-6445,-19304,
-4733,-10435,-12517,
-6764,-9687,-14348,
-5862,-15034,-8761,
-4776,-9532,-23803,
-5211,-10387,-14727,
-6373,-9838,-5141,
-6500,-11337,-13284,
-5196,-8920,-11011,
-3564,-7477,-4078,
-3874,-9681,-8340,
1534,-3231,-2380,
-6991,931,-22604,
1810,3635,-3078,
-4164,-883,7867,
-2195,-1986,7817,
-1883,720,8585,
-1795,6410,21857,
-3842,5549,17145,
-2360,8407,17811,
-5729,6906,29783,
-290,14932,21811,
1585,13008,31220,
806,13669,29597,
1047,14012,22677,
-592,14236,27315,
1091,16181,23688,
-83,13105,23857,
446,13513,19954,
618,14485,20290,
41,12129,19565,
188,10864,17734,
-110,9108,15243,
-729,8294,17122,
-744,7836,16555,
-811,8684,13183,
-1772,8456,9631,
-1607,6879,10401,
-1505,4145,11912,
-1595,4257,11185,
-1270,3943,11329,
-1805,3586,13480,
-877,2404,16608,
-1013,3217,17694,
-1478,2730,19363,
-1602,4413,20504,
-1993,5365,19359,
-2129,5378,20944,
-2126,4353,19839,
-2620,5762,18763,
-2547,6678,20546,
-2123,6310,19654,
-2995,4648,16610,
-1685,8079,14210,
-1945,4480,13871,
-1652,8049,16614,
-2280,5615,18698,
-1779,8323,19052,
3395,20646,-856,
-2609,-2665,17861,
-11928,-8741,11617,
-2473,6778,14872,
-1329,6215,23040,
-3173,1790,15745,
-3729,2792,10552,
-2479,1704,12978,
-2742,3664,15892,
-3213,5049,13548,
-3136,4070,15598,
-3111,4987,16425,
-2475,5387,14983,
-2788,5677,15055,
-3307,4699,14712,
-3714,2434,15224,
-4182,1780,14294,
-4533,3473,16336,
-3440,5086,16561,
-3114,5444,16923,
-3467,3476,16329,
-3845,2638,15321,
-2694,2611,14935,
-2455,2499,11698,
-3803,627,12483,
-3476,2851,9744,
-3467,5422,6557,
-4767,3686,4906,
-4953,3631,6054,
-4875,5005,5814,
-4325,2916,9511,
-3996,2342,11359,
-4500,1885,12503,
-4595,2032,12434,
-4308,2226,14672,
-3513,3061,13114,
-3151,4083,14073,
-2473,1756,19544,
-2923,3397,-3145,
-2960,8512,7307,
-2684,5025,16471,
-3037,5853,16228,
-3604,3784,14239,
-4551,4204,16563,
-3911,5815,18697,
-2859,6241,16888,
-2382,7083,16287,
-1610,8437,17423,
833,10667,16711,
-3067,6438,17410,
-3453,6254,19539,
-2563,6830,18966,
-3174,6800,18183,
-2797,6678,18108,
-2201,6881,17617,
-2802,6327,17310,
-2379,5950,14461,
-2411,5808,15555,
-2216,6689,16976,
-3652,5347,15202,
-3802,3071,16561,
-3199,3631,16392,
-2961,3367,13938,
-2405,3810,14407,
-2727,3538,13577,
-2673,3675,13752,
-2803,4211,13443,
-2565,4672,13691,
-2586,4874,13933,
-2845,5359,14232,
-2926,5871,14674,
-2928,6240,15256,
-3010,5718,16167,
-3396,6877,15598,
-3726,6951,16774,
-3774,6261,18573,
-4035,4304,18637,
-4079,3716,16859,
-3748,4156,15495,
-3413,4519,14792,
-3371,4555,15375,
-3204,4707,16770,
-3138,4880,17265,
-2865,5031,16841,
-2895,5030,16197,
-2975,5045,15996,
-2991,5264,16179,
-3157,4928,15932,
-3645,4469,15369,
-3717,4181,14833,
-3788,4599,13767,
-4064,4354,13414,
-4030,4631,13047,
-3597,4911,13382,
-3793,4301,13796,
-3838,3980,14311,
-3543,4347,14373,
-3273,3949,13777,
-3146,4578,13353,
-4113,147,14514,
-4574,2047,-5773,
-3083,8902,12145,
-3150,4856,17517,
-4036,6104,17100,
-4714,4122,15462,
-2913,8184,17893,
-2731,8577,17307,
-3054,8130,14879,
-806,11643,13905,
-3111,9264,14893,
-3245,8627,13765,
-3349,8596,14214,
-3399,8279,14452,
-3141,7858,14473,
-2449,9018,15426,
-2527,9351,15804,
-2372,9489,15859,
-5078,8273,8590,
-1911,8505,-3148,
-8901,-4532,-5670,
-134,6650,-4006,
32,2215,1845,
1803,2189,16002,
3063,-6416,30206,
5575,-7273,32764,
4411,-9288,32764,
3696,-13340,32764,
8740,-6664,32764,
6573,-6963,32764,
4999,1869,32764,
7638,-11498,32764,
16201,-21417,32764,
-1934,-20378,32764,
3077,627,32764,
-7417,-24321,28880,
5379,2384,32764,
-960,-8038,24023,
97,-5183,27919,
-723,-7066,20526,
54,-9754,25710,
768,-3062,14283,
63,460,20347,
-31,291,15206,
-1077,2803,15493,
-1919,1082,11521,
-803,1756,4517,
-1939,-1338,5299,
-387,-357,5579,
-1047,-3152,6035,
-684,576,6403,
-1825,-537,10744,
-2219,-690,10003,
-1040,-924,7206,
-738,1431,7974,
-434,-1726,7911,
-791,-2472,8846,
-607,-2061,8122,
-447,-1762,10623,
-423,-57,11803,
-10091,3922,17344,
1808,-7469,21894,
282,187,12763,
3763,7118,21990,
-3963,-5345,15761,
-2288,2961,18495,
-1044,-305,11715,
-882,6284,17289,
-1375,3251,13900,
1051,6517,19143,
2023,14371,8458,
-4411,-4173,26324,
-572,8607,5296,
501,9575,17379,
-1820,5026,22781,
-2369,738,18839,
246,5026,16725,
-1093,2253,17691,
-1093,5370,19973,
-797,5285,19277,
-1922,2662,19201,
-2577,778,16434,
-2071,1666,15238,
-1857,974,16148,
-1163,944,14179,
-1731,1550,15171,
-1549,2792,12963,
-1621,1880,15339,
-2213,2472,14855,
-2721,3799,14135,
-3046,3995,16999,
-3566,2172,13446,
-4346,973,11293,
-4941,2332,9865,
-4494,1558,9780,
-3520,2091,8805,
-5133,3,8776,
-4965,552,11511,
-4854,953,12210,
-1966,-15289,30580,
-4857,348,-3124,
-5659,1954,-2669,
-2931,6958,15725,
-4523,1239,12797,
-3878,118,13002,
-3694,-170,11006,
-3412,2833,8415,
-4624,-4029,1901,
-4864,519,8055,
-5110,-1104,7308,
-3569,1297,15709,
-2737,79,12265,
-2879,3546,26049,
-2757,2535,27234,
-5074,1169,20109,
-8931,-1853,19338,
26990,-32764,20415,
16850,-25907,32764,
4483,-10150,19054,
-5508,-17410,11878,
571,-1214,32764,
-5526,-14010,3579,
-4118,-7361,14095,
-2182,904,29365,
-329,-14428,31859,
-4160,-9905,21119,
-3773,-2321,8623,
-2625,-3542,25623,
-2804,-5104,20944,
-600,-1003,20326,
-1637,-3870,21863,
-2449,-4932,22054,
-367,45,19358,
-843,-575,18221,
-1206,-3384,18525,
-1355,-3170,18069,
-1503,-3749,17249,
-699,-2335,15683,
-1153,-2648,14958,
-502,-1945,13395,
-1141,-1739,14988,
-1607,-2478,17161,
-2260,-3298,17061,
-2034,-3007,15573,
-1643,-1300,14896,
-2370,-2208,14912,
-1988,-3088,15595,
-2311,-2513,15796,
-2065,-887,16759,
-1145,-4170,16923,
-1581,-1775,15017,
-1802,-1848,15773,
-1993,-769,18407,
-1732,-49,19442,
-2590,-833,17995,
-2180,-754,16417,
-3107,-1676,14430,
-3071,-2452,14601,
-3889,-2706,14304,
-3794,-2236,15175,
-4855,-2908,13889,
-3647,-406,13694,
-2229,-1271,16426,
-1073,-4061,18431,
-2676,-3857,16468,
-1860,-3680,16045,
-2433,-1040,15884,
-3472,-2186,14829,
-3136,-2250,15685,
-2373,-176,18296,
-2791,-2027,18106,
-1930,-699,16040,
-2412,-1626,14377,
-3222,-2400,15234,
-3080,-1938,15931,
-3069,-3716,13519,
-3238,-3840,12407,
-2465,-1039,14766,
-2392,-1335,15198,
-1011,-12809,26905,
-4396,-2374,-2718,
-4421,-4201,7884,
-1268,2975,12932,
-2192,433,16110,
-1689,793,16062,
-2038,65,14958,
-1869,190,14211,
-1711,-14,14200,
-1433,341,13682,
475,5272,16725,
-2257,-2111,15066,
-1313,1816,16645,
-957,1088,17238,
-611,1320,16418,
523,2358,18890,
-120,3067,20361,
346,3150,20080,
141,2721,20117,
459,3307,20911,
-143,2018,21551,
103,2061,21644,
246,1120,19895,
297,1373,20064,
-117,1642,20327,
-36,1525,20077,
441,1373,19966,
363,1117,20518,
113,873,21510,
262,2565,22728,
-488,2059,22555,
609,4563,22998,
699,4482,23586,
860,3835,22035,
839,4730,19909,
946,5037,19825,
3512,9937,20022,
-1528,1433,20513,
-1510,1405,16056,
-1731,254,15498,
-1214,1638,13970,
-1079,2017,12446,
-2128,2646,14016,
-3381,-1221,10233,
-4887,569,10559,
-3845,-1521,10074,
-3577,-581,10349,
-3054,3626,3565,
-3163,3844,6392,
-4247,3571,3512,
-6343,3794,869,
-7074,3227,-312,
-6884,2912,-4439,
-8155,-499,-8096,
-8135,908,-9361,
-8105,-2634,-15685,
-6287,-1539,-17608,
-5157,-3274,-19099,
-3729,-3920,-17457,
-1733,-4518,-12552,
-696,-3306,-9616,
3412,-4664,-59,
5854,-11059,14598,
12478,3727,27467,
8209,1586,32764,
7751,-301,32764,
9085,17689,32764,
16173,18649,32764,
6941,27355,32764,
13061,25017,32764,
8250,21082,32764,
4746,22711,32764,
4318,19108,32764,
1868,5931,32764,
1300,6387,32370,
1411,4975,25975,
-1085,-1077,17516,
432,15,11197,
-3851,-6399,7733,
-2291,-3458,2186,
-2933,-6878,-1078,
-2548,-6765,-3329,
-3183,-6857,-2787,
-1771,-3960,-2956,
-1551,-4764,-1999,
-1421,-3796,-1291,
-1923,-2704,-1951,
-268,-298,-601,
-746,-653,-1566,
-509,-789,-901,
166,439,979,
-80,92,1862,
-801,214,3417,
476,2339,5540,
476,2033,8835,
554,3289,7434,
926,3972,14542,
828,5012,15315,
-204,4269,16675,
745,4529,21266,
567,6293,21775,
-752,4381,26487,
1409,7557,28359,
1208,7636,32764,
1165,9299,32038,
1146,10823,31000,
3455,12828,30896,
2726,11723,30227,
2243,11277,29873,
1587,9698,29101,
2367,9739,26959,
2786,8615,24074,
2419,9976,25884,
2055,6733,18133,
1586,3353,18654,
664,3246,16509,
897,2485,13601,
-19,1048,13618,
200,1149,11615,
413,1610,12560,
-62,397,13551,
-628,-327,13452,
-525,-344,13617,
-1033,1316,13771,
244,-664,15594,
-1245,-355,14770,
-1525,-163,16396,
-1465,-1268,19133,
-1921,629,18749,
-1739,443,19212,
-1511,181,20272,
-1877,1409,18535,
-1736,1747,20292,
-1357,1672,19855,
-1010,2696,21031,
-860,2772,21068,
-626,3118,20666,
590,5034,19680,
1129,5837,19989,
-1860,1154,18855,
-511,3279,17319,
-1307,1664,15918,
-1244,1471,13574,
-1655,-106,11393,
-2515,-1122,8587,
-3213,-497,6823,
-3370,-97,5994,
-4394,419,5649,
-4271,31,5379,
-5065,338,3788,
-5991,440,342,
-8364,6283,646,
-4536,2066,-5007,
-2100,2191,1628,
-2299,-1165,-198,
-4367,2544,-8,
-4579,4970,-8143,
-2945,6875,-3283,
-1104,7578,-9164,
-738,7822,-9769,
986,7556,-7298,
1823,7198,-6480,
-29,1535,-142,
6397,1236,10211,
4272,-4611,14114,
766,-8814,29553,
3597,-3559,32764,
6000,-1162,32764,
5020,-3860,32764,
4179,3623,32764,
3571,2472,32764,
9242,11059,32764,
7041,9065,32764,
5485,8480,32764,
3319,6062,32764,
3355,1918,32764,
2924,120,32764,
5434,-2059,32764,
8410,4462,32764,
4610,-1459,18676,
4725,-4502,25398,
6954,3705,9419,
-3064,694,-16167,
-4597,-2822,-14141,
-5079,-3409,-16304,
-5767,-3863,-14684,
-6936,-6478,-9303,
-4067,-4412,-16812,
-3894,-1667,-6855,
-4614,-3316,-2416,
-3602,-2859,-5464,
-3616,-1738,-1149,
-4088,-906,5710,
-4168,506,8557,
-3999,2588,13928,
-3801,3789,20716,
-5287,3080,20638,
-4904,4050,20840,
-3175,9243,23195,
-2868,11338,25762,
-1159,14457,27724,
-786,15009,26800,
-439,16741,27492,
739,17110,26296,
1868,19064,24097,
420,18438,26919,
2157,20636,26265,
-99,15350,20147,
1895,16972,26231,
-1366,12676,19395,
-72,12906,18860,
56,12167,19599,
-1213,9578,17172,
-903,9236,16336,
-1178,7480,14165,
-719,6579,13075,
-2213,4204,14078,
-2584,3589,12393,
-2862,2700,10289,
-3234,1979,10588,
-3832,351,9550,
-4310,-208,9988,
-4268,-1053,10156,
-4418,-1194,10229,
-5551,-2932,10003,
-5581,-3097,10792,
-5362,-2206,10445,
-5507,-1669,10727,
-6003,-1682,12318,
-5341,-1576,12795,
-5779,-1012,11228,
-5929,-1083,10702,
-6407,-1119,10483,
-6494,-958,9925,
-6951,-319,8746,
-7529,952,7851,
-8745,-18,7035,
-10176,268,4033,
-10690,110,1030,
-10421,-414,-326,
-10690,-724,-3500,
-13064,-11,-5815,
-11683,7674,-14720,
-4392,-3495,-30924,
1105,-6913,-16810,
4172,-17475,-28652,
4570,-4437,-25012,
5162,-6278,-21131,
10834,-5873,-10127,
15384,-10001,6224,
18621,-6242,21520,
21959,205,32764,
12422,-17108,32764,
13630,27864,32764,
12203,14327,32764,
19351,29673,32764,
6867,13635,32764,
15221,3621,32764,
10905,-8889,27184,
7588,68,32764,
1753,-10629,32764,
2128,-17656,32764,
-505,-17529,32764,
-100,-22916,32764,
6603,-9375,32764,
2932,-8254,32764,
2133,-11132,32430,
1474,-1817,29221,
1539,2892,9037,
539,-6867,15953,
-1307,-6133,7004,
183,-6952,4228,
99,-442,-1596,
507,-51,-6471,
383,-444,-7507,
-1550,222,-8958,
964,2132,-11293,
653,1912,-10156,
2767,2019,-9668,
1265,5375,-14946,
1173,-3651,-4998,
-1424,-3225,2671,
-2025,374,6208,
-1603,-2921,1435,
-620,779,5977,
-711,1274,9439,
-2364,309,8615,
-746,266,11023,
-2492,3232,18639,
-1959,-968,20276,
-2824,106,14206,
-2205,4482,18290,
-3159,6996,28824,
-2871,7672,24597,
-2213,8854,27983,
-2062,9344,31587,
-3196,10095,29986,
-393,10970,30997,
1097,9824,28807,
1557,10948,28263,
1577,12835,32755,
1917,14531,32275,
1459,10521,23304,
2407,9583,20458,
1156,3267,16313,
2275,8801,25644,
428,5077,12900,
866,8709,8298,
-405,8880,11841,
149,5124,17241,
-115,1709,11459,
-470,448,8499,
1479,6764,10971,
-3272,-6840,2069,
-2769,-467,10526,
-2213,1875,16334,
-3366,1392,15264,
-3815,-2427,6740,
-3635,-1375,9275,
-4080,-2015,11908,
-3527,-1563,11384,
-3955,-1874,9542,
-4600,-2015,8765,
-5392,-2360,9156,
-5546,-1804,9206,
-5230,-1258,7079,
-5068,-1657,3939,
-4518,-1288,3325,
504,1701,5092,
-4190,-3968,2608,
-5490,-5638,-1264,
-5728,-5191,-1291,
-4002,924,-7457,
-1388,3142,-1993,
-4615,-3136,-6375,
779,1953,-15428,
2547,235,-10075,
-2820,-2264,-374,
4204,2310,6095,
7524,5517,9948,
13750,8758,24029,
5681,2717,32764,
8077,8324,32764,
3141,-2660,32764,
6853,9764,32764,
5260,13660,32764,
-2159,-7876,32764,
7353,12333,32764,
13399,23869,32764,
9400,7738,32764,
13618,12732,32764,
10972,15600,32764,
12290,12253,32764,
10486,7745,32764,
7952,2805,27606,
5689,1959,21071,
3469,-2171,13100,
104,-5857,2426,
-6410,-10764,-14773,
-5146,-6018,-18329,
-5806,-5154,-22226,
-2225,-1938,-13089,
-5038,-4466,-6196,
-6106,398,-7324,
-4624,-14882,-31721,
6731,4372,18233,
2865,-17434,-15564,
1485,766,10659,
-2643,837,13984,
-4629,-3634,14973,
-3551,-564,16936,
-3130,5193,14686,
-4218,5645,18172,
-6086,7925,28415,
-7507,4293,28749,
-5437,9465,32764,
-5600,12735,32764,
-4060,15862,32764,
-1303,10777,32764,
-468,13472,32764,
-1242,15810,32764,
-664,14304,32764,
-36,13996,28672,
1452,21031,32764,
-3275,5278,24305,
297,9867,19422,
-197,9729,17672,
-242,8252,13105,
-791,4473,21519,
-1539,2472,12608,
-2538,6625,3656,
-327,8589,19501,
-4247,-2808,10414,
-3427,-1174,14434,
-3917,-5929,7157,
-1519,1265,4188,
-3931,1419,14020,
-4640,-3178,11057,
-3296,-2059,13207,
-4835,-2837,18007,
-5205,2304,32764,
-4352,-3582,10309,
-3656,1847,16872,
-4143,-414,13733,
-5133,220,16914,
-5007,341,16025,
-4162,404,9654,
-2286,556,4998,
-4983,387,13284,
-5138,2936,11468,
-5406,2627,11249,
-5325,2451,9419,
-5407,3330,8776,
-5502,4000,7168,
-6119,3710,2871,
-5918,3677,665,
-4284,4963,-1810,
-5804,3019,-6274,
-5781,2791,-6912,
-3912,4486,-9914,
-485,7074,-7660,
3165,4270,-15121,
4105,5815,-32764,
3959,2744,-10980,
4607,1100,4147,
3982,-1234,-562,
6186,-5464,22611,
145,-3549,32764,
6600,-1951,32764,
7747,4678,32764,
-1796,-4156,32764,
11540,23934,32764,
921,3187,32764,
-2924,-16675,32764,
-6244,12821,32764,
5045,2294,32764,
4481,16377,32764,
4452,14686,32764,
4689,11437,32764,
4080,7713,27337,
2208,5734,31276,
913,3406,15425,
-857,1270,19261,
479,3320,4102,
415,-1233,-6413,
941,7505,-4932,
2740,-162,-25443,
-4671,-6054,-21156,
2586,444,-16030,
276,216,-16884,
-2230,-9337,-10732,
-2066,9275,-19496,
-2680,2250,-15753,
-272,-551,-28274,
-3359,-1697,736,
-2134,-8418,-5197,
1936,242,3597,
-921,-2722,8514,
-1803,-6981,11294,
-2928,-7573,13089,
-4277,-1581,21726,
-3220,-3405,6874,
-2649,3519,24471,
-4443,1395,32764,
-5288,4432,25065,
-3597,-582,32764,
-3136,5917,32764,
-2831,7159,32764,
-808,20310,32764,
-2496,7917,32506,
-1180,15332,32764,
-591,17206,30585,
-256,14936,24485,
623,14780,21655,
-1644,12844,22262,
-3171,7538,27901,
470,13501,22191,
-594,8424,10671,
1260,8271,8189,
3,5307,10315,
2364,8293,-1546,
-3440,1795,15443,
442,-4505,5321,
1422,10953,11291,
-5167,255,23089,
-4046,-5011,-4243,
-1255,4334,7320,
-4647,5136,14914,
-5139,-1568,10339,
-4705,-1764,22704,
-6333,-2125,18451,
-4492,9394,32764,
-4953,-2205,15457,
-3045,707,9250,
-4150,-224,16311,
-4692,-300,12343,
-5066,-594,12027,
-4853,-46,6663,
-4326,2917,5579,
-1721,4549,2864,
-2751,3989,-1513,
-7779,1233,-1318,
-6391,-2187,-477,
-4153,2467,-3432,
-3213,847,-4734,
-2090,2934,-4847,
-508,3383,-7708,
-146,4822,-12216,
-867,2767,-7457,
4940,2996,-8885,
2294,2213,-8943,
4286,4432,5655,
2324,-1432,10161,
7467,-231,21917,
5022,48,29454,
2827,-1263,32764,
1173,11510,32764,
1054,-1770,32764,
5783,-32764,-1738,
-32764,-32764,5768,
2821,-23208,32764,
16112,32764,32764,
17574,32764,32764,
2982,5620,32764,
6206,-231,27217,
12037,18836,30460,
8780,8633,24833,
6556,8923,22503,
4455,29441,27894,
1035,-2144,18400,
897,3585,6935,
-1575,3957,-13970,
-2674,-1406,-11006,
-2418,-4523,-10498,
-7908,-9064,-10722,
-589,643,-1410,
-1032,-1085,1417,
-2104,-370,4200,
-3299,-3501,7058,
-3848,-3339,17084,
-5470,12295,28136,
-4394,8852,15262,
-4997,5856,27828,
-5659,7577,27018,
-5466,8793,24400,
-5343,9068,27341,
-4257,10299,27552,
-3830,8837,28205,
-3432,9062,23283,
-2266,13844,20505,
-3652,9411,25741,
-3633,7686,18185,
-3091,9331,15873,
-1759,8649,14651,
-4023,7067,16157,
-3186,8200,12607,
-3350,6976,13502,
-2498,6963,12587,
-2535,7289,13487,
-3078,6981,12684,
-2641,6405,12055,
-3229,6759,15612,
-3739,1929,5675,
-2457,8906,14153,
-5348,2921,15893,
-3972,4291,12790,
-3771,4740,17010,
-4328,5910,16916,
-4729,2301,14549,
-3568,8608,19350,
-4422,4017,15052,
-3400,5815,16017,
-3182,5341,15900,
-3211,5469,14724,
-3224,5156,13759,
-3413,4415,12030,
-3316,4498,11923,
-3178,5300,10610,
-3338,4893,8032,
-4047,5176,5634,
-4092,4491,4934,
-4440,3901,6316,
-4673,3776,2141,
-5091,3286,274,
-5090,2911,965,
-4413,4153,-754,
-4799,4524,-2989,
-7325,12041,-1571,
-1120,2598,-14666,
1021,1214,-4759,
-2707,2269,-5024,
-1797,2258,-12213,
-1314,2107,-10813,
842,2823,-10068,
-5483,-3303,528,
2753,-4815,7554,
4409,-4480,13519,
7113,-3618,11986,
12870,-2195,29431,
-1272,-11790,32764,
2560,9627,32764,
-11476,-4185,32764,
404,14120,32764,
9076,23724,32764,
11066,6092,32764,
14905,32764,32764,
12733,24279,32764,
10592,22516,32764,
7791,16776,29873,
2264,14598,32764,
1922,7063,17796,
2625,4650,14289,
1157,-108,10256,
-422,18030,12219,
-539,-11591,-17212,
-340,-1858,-32764,
-4104,-6819,-22238,
-7234,-5506,-15350,
-3238,-5091,-29196,
-2711,-1719,-23200,
-4873,-5770,-13232,
-1347,-8187,-26083,
-1357,-1446,-19502,
-1540,-4411,-11623,
-522,1196,-12247,
768,-5493,-9571,
1539,-1430,2554,
-228,493,12244,
-1915,-917,12479,
-1212,1681,15301,
-6335,1170,19674,
-4605,16158,22955,
-7021,8365,30982,
-5226,11323,32764,
-5500,12230,32764,
-1935,16531,32764,
-228,16122,32764,
-2419,16298,32764,
-3180,17144,32764,
-2857,15817,32022,
-2893,14806,25195,
-2572,13500,22137,
-3207,7932,18310,
-2585,7635,13711,
-2123,7526,11736,
-2161,8184,13905,
-2947,1950,9053,
-1631,6215,9096,
-2167,-225,5235,
-2670,4119,5409,
-3093,-1991,5052,
-2484,3343,2759,
-6949,-2079,31371,
-1907,956,5329,
-4905,6458,17828,
-6603,3993,32764,
-6146,-776,25052,
-5046,-173,19513,
-5539,7169,23446,
-4652,-1207,11393,
-3865,5091,26011,
-5239,3844,27293,
-4584,2400,25409,
-4038,3248,23196,
-3142,3363,19508,
-3093,3501,17610,
-3920,3459,16210,
-3566,4243,12343,
-3954,3205,10441,
-4291,3408,9833,
-4267,3348,8176,
-4719,2615,6630,
-4957,1501,5999,
-4878,2057,4356,
-4458,2042,2435,
-4493,2003,848,
-5034,1381,36,
-5155,1579,-1341,
-5166,1633,-2448,
-4321,1824,-3602,
-3733,-1544,5751,
-1257,3753,-9991,
-675,2998,-10341,
-768,-330,-9466,
-1262,-479,-12585,
-1971,1300,-8311,
545,355,-7157,
-4004,-5163,-3003,
354,6155,6514,
8951,5825,7796,
10085,4568,24037,
2702,-2098,28943,
5133,8256,32764,
2897,2113,32764,
11044,21701,32764,
15542,29245,32764,
5108,-4195,32764,
18858,32764,32764,
13786,25466,32764,
16632,23642,32764,
12603,20019,32764,
11090,16317,32764,
13410,21473,23613,
4083,6032,15615,
180,4828,12401,
-2419,7335,4192,
-1736,7965,-9771,
-5290,3310,-6198,
-6958,1619,-10680,
-5962,-3357,-12229,
-3951,-4148,-18483,
-6486,-3630,-19936,
-6317,-10752,-5027,
-6445,-14423,-8640,
-5853,-3104,-14556,
-7636,-8851,-2694,
-7254,-2218,-18299,
892,4899,-19933,
-1636,849,4577,
-573,-2958,-3999,
1803,-3021,3392,
2230,5375,10824,
261,6383,23510,
-5113,1370,32764,
-1139,4945,16483,
1770,17076,24929,
-1724,15613,32764,
-5781,11560,32764,
-20,14086,32764,
2074,14582,32764,
417,13895,32764,
-2700,15932,32764,
-1217,10797,24705,
-1857,12502,21497,
-1889,13144,22569,
-1495,10210,16323,
-2759,8875,16434,
-1553,9425,12212,
-1996,5962,8461,
-3107,3447,8759,
-1982,3192,6588,
-2822,-44,3495,
-2833,-4143,12705,
-1045,-4000,1990,
-6454,-1074,32506,
-8451,-15,30724,
-3415,2998,19517,
-3862,1283,23173,
-3869,1917,18500,
-3918,2544,21359,
-3828,2936,18154,
-3177,3401,14414,
-3063,2688,14022,
-3631,3019,10929,
-3352,3504,8387,
-4082,1928,9617,
-4276,1962,6804,
-4215,2908,5146,
-4611,2361,3834,
-5122,1906,1557,
-5633,1994,288,
-5990,2895,-997,
-6417,2973,-2948,
-6970,3083,-3587,
-7305,3059,-3863,
-7339,2338,-7751,
-5379,2308,-10353,
-2700,3500,-8554,
-792,2845,-11706,
-518,819,-9582,
-1563,-2801,-6661,
4330,1353,2568,
3714,-4559,10237,
1817,-4765,18531,
5132,-91,32764,
7097,6187,32764,
-2516,1395,25779,
-1760,7611,32764,
1258,12246,32764,
4744,17818,32764,
10091,28579,32764,
11070,17046,32764,
7097,16110,32764,
6830,20566,32764,
4537,13265,8484,
4175,9884,32764,
3360,7592,19147,
5322,5992,21026,
7034,4619,13466,
-1840,-1671,-2352,
154,-862,-10289,
-1149,-2865,-19987,
-3283,-4902,-20450,
-3917,-4620,-17841,
-1935,-3145,-13136,
-6824,-9399,-20754,
-3038,703,-20286,
-4403,-781,-21085,
-5533,-3275,-20725,
-3615,-211,-21288,
-2287,-672,-15613,
-1939,-2967,-12077,
-697,-5886,-2627,
1258,-4454,6966,
-1126,-1404,13865,
-1466,-2269,15371,
-2646,-2415,20741,
-6797,322,28882,
1034,10389,19557,
-2959,6590,31392,
-7483,5995,32764,
-3444,12679,32764,
1528,7787,32764,
2594,10895,32764,
-1141,10403,32764,
-1582,9643,32764,
-1212,11948,32764,
-338,9033,27002,
-2266,10293,26833,
-787,7200,16570,
-316,8591,13443,
10078,32764,32764,
-2649,-5897,25249,
-2588,3601,15229,
-5206,-2269,3300,
-2057,3126,-1873,
-1653,-8579,3730,
-1341,2896,7126,
2614,7108,-4755,
-4257,1766,-2574,
6388,18030,-2031,
-7073,-9925,-31951,
-4058,17173,20460,
-1893,1237,918,
-4828,578,18367,
-9074,-6526,30405,
-3088,262,11172,
-521,10098,8680,
-9568,29882,28554,
-7164,89,19580,
-2411,1116,13593,
1791,10395,19960,
-5501,1666,9601,
-6347,2734,13093,
-4569,4084,15109,
-5227,5288,3849,
-5629,7029,4315,
-5996,6538,-808,
-6893,3440,-4913,
-5924,5453,-849,
-4304,3608,-6909,
-4886,1220,-9589,
-1992,2347,-9402,
-1591,-280,-11211,
725,1573,-11774,
-452,-2339,-24174,
4296,3044,-3167,
3254,59,4168,
3701,-4459,21814,
5463,-4454,23637,
6077,-4183,31015,
6269,4065,32764,
-1783,-5102,32764,
6622,18311,32764,
-2435,11420,32764,
-9315,326,32764,
-428,23829,32764,
6374,19418,32764,
9809,28933,32764,
4707,27326,32764,
3388,14812,32764,
3700,11231,31160,
2755,14204,32764,
3175,24185,11939,
3102,-3217,-5326,
3750,-1314,-8019,
1029,1616,-22892,
-444,-3641,-7554,
-142,-8742,-21608,
-3221,1718,-22939,
-1450,-3529,-15153,
-3552,-3429,-17338,
-2565,-1187,-27138,
-4452,-3968,-24106,
-2001,1419,-20283,
-4820,-4211,-13016,
-1533,-3148,-12750,
-2452,-8222,1637,
-3119,-7335,8869,
-3166,193,10245,
1282,1713,-1558,
-7242,-1725,27223,
-4437,1642,7502,
-5365,2477,20941,
-7684,3786,25616,
-8506,-577,32764,
-5356,4337,32410,
-3606,10308,32764,
-1234,18484,32764,
-5461,14846,32764,
-2303,20592,32764,
-3836,19706,32764,
-2352,14945,32127,
-3509,15104,27655,
-2120,17934,17084,
-374,30777,12770,
-4826,3762,13355,
-839,12560,6281,
-2499,7075,578,
-2781,4192,11337,
-1,13282,9693,
-3452,1051,5249,
-1606,4504,2744,
-4765,-2041,32764,
-3992,4450,11003,
2079,-78,-17561,
-5799,-3955,3945,
-2314,13435,11290,
-4879,1491,3487,
-2172,11031,16560,
-7354,1524,15585,
-4121,-6613,12367,
-4076,13451,4759,
-2981,8312,2235,
-11281,-5589,32764,
-4418,352,3047,
-3026,11649,17314,
-4905,5468,6304,
-4787,3915,5847,
-4105,7425,5507,
-4631,5702,4084,
-2805,3783,-34,
-1776,7123,-3403,
-494,6447,-9385,
1428,3133,-11327,
248,-1153,-6319,
1263,3290,-4250,
1996,1882,3867,
-1942,4130,14172,
1429,4265,23850,
-2028,8151,28911,
2492,16206,30772,
4542,16828,32764,
3630,10972,32764,
209,19259,32764,
-889,23016,32764,
-1407,31503,32764,
-923,17639,32764,
2919,24920,32764,
-872,25714,32764,
80,22980,32764,
-171,18129,26133,
-1039,14499,22254,
-3207,9672,16685,
-2980,7254,12883,
-6672,-1034,6873,
-2763,3974,4208,
-1200,2291,-1214,
-582,-2566,1396,
-868,227,-3501,
-1880,-387,-146,
-2109,-893,-768,
-2807,2396,-4566,
-1746,-2604,-1327,
-1580,-285,272,
-2020,685,-915,
-2519,2598,154,
-2249,2722,-188,
-2192,3773,5366,
-2608,4212,8572,
-4219,5675,13156,
-2579,8092,16453,
-2308,10676,16464,
-4064,10295,23782,
-1386,15760,19159,
-1209,12958,25385,
-1433,9989,25910,
-3752,5038,19876,
-2763,14831,16028,
-278,20327,21390,
350,18133,23529,
-328,16508,22848,
-1432,11980,22419,
-3305,11176,15761,
203,12038,17769,
-193,10691,17445,
-733,9446,14494,
-1158,8085,11244,
-927,7459,11845,
155,6195,9616,
-725,6978,9714,
-564,6225,9256,
-1492,2825,7482,
-1349,6861,7700,
-1874,2380,11590,
-2045,2761,8133,
-1334,3000,8962,
-1328,3188,11230,
-1191,4756,11879,
-1239,4799,12915,
-1355,5160,13764,
-760,4659,15424,
-624,4266,16311,
470,7082,22949,
-1490,5839,18825,
-1266,4050,13811,
-360,4655,17413,
43,10044,27940,
576,8245,19257,
-328,7424,21670,
-273,7468,19557,
151,7159,18833,
243,6777,17153,
-643,6022,16669,
227,6742,16776,
-589,5010,15898,
-73,4931,18118,
-1516,4124,13938,
-1096,4221,16370,
-839,3726,16219,
-707,3327,14279,
-1053,2374,12932,
-972,4667,13697,
-849,4771,15752,
-344,5104,15752,
-878,5132,15743,
-427,5208,15819,
-811,5284,16345,
-1107,4420,17369,
-2107,3316,17111,
-1592,4499,16132,
-3721,190,19377,
-3508,1896,18224,
-3283,852,14964,
1198,8302,17245,
-303,5597,17403,
-3316,3038,15174,
1153,9091,17565,
1985,11792,23688,
-323,5419,6971,
1231,9297,9798,
1685,9747,16064,
162,7136,18952,
2137,9793,14704,
875,5196,16301,
987,6921,21195,
-942,2319,7627,
-1127,3633,15511,
647,3790,19703,
59,4892,22419,
-2061,1031,3422,
-159,5403,16963,
1226,6372,16167,
968,8996,17797,
-382,4621,15833,
-24,5433,14715,
-330,4949,14945,
-127,4795,16514,
-602,4046,19029,
-465,4106,17748,
-790,4385,16193,
-993,4505,16815,
-1218,3907,17893,
-2620,1376,17653,
-2199,-24,10109,
-743,5337,21718,
-7603,-6355,-5847,
4562,1212,32764,
1535,2299,32764,
1424,4503,32764,
355,-4630,15608,
1864,503,9821,
2390,597,15732,
2163,378,14812,
2333,318,14951,
1565,1228,18825,
2765,1305,19129,
2880,450,24308,
1444,-1055,20260,
1154,-1791,14880,
285,-1424,13491,
1287,-1162,16500,
1812,-675,16480,
1260,-1018,17036,
1382,-641,18034,
1552,-1438,17303,
1975,-909,15876,
1916,-1309,13496,
1002,-1607,15704,
1367,-1733,17255,
1009,-3506,17551,
2191,-1066,15439,
1031,-2666,16260,
732,-3173,14938,
700,-3487,15801,
1037,-2750,17578,
802,-3825,17761,
1030,-4206,14776,
-1881,-7273,-455,
-3489,-9268,17035,
-306,-7291,24110,
122,-5464,17425,
434,-4635,16592,
1040,-3827,14640,
2551,-4127,10856,
1842,-1479,12090,
2458,-3306,18197,
-166,-3376,17313,
2379,-3158,18015,
290,-3342,18422,
2849,-2565,18203,
1134,-1498,15251,
4689,-1216,19572,
-1387,-6702,17258,
3102,-2250,16115,
229,-5269,13027,
17,-5620,15402,
1065,-4651,15982,
194,-5413,14149,
1920,-3010,13019,
1264,-3590,13141,
879,-4537,15434,
1194,-3777,15797,
1594,-3192,13940,
483,-4651,16134,
296,-4626,16302,
1910,-3953,17177,
3009,-3199,13917,
2823,-3627,13807,
2402,-3366,13248,
582,-5333,19409,
1512,-4520,19455,
2538,-3109,17627,
890,-4749,16004,
742,-6204,14253,
938,-6624,14958,
2789,-3528,17717,
1907,-4232,16607,
1491,-4676,15890,
824,-4773,15109,
1288,-4534,14880,
1219,-5871,15409,
952,-6431,18137,
573,-7393,13601,
-781,-7365,6322,
902,-2633,5344,
499,-7747,10385,
-58,-5764,11921,
1704,-7338,12155,
1990,-5293,14857,
142,-11928,19695,
-282,-26315,31334,
457,-13512,25327,
1511,-7854,19741,
3297,-9591,23303,
1777,-7758,22190,
2112,-6920,12549,
115,-9995,7262,
132,-13791,13200,
1576,-10217,12134,
1379,-5799,12852,
1055,-6056,16541,
1745,-8972,14675,
566,-9738,14777,
188,-10894,15439,
552,-9115,12831,
214,-9925,10012,
1939,-10056,10334,
-1,-9849,8978,
160,-10046,16240,
955,-8970,16479,
-10,-8190,11858,
901,-10332,11219,
47,-9529,12158,
-1009,-10975,12948,
-11,-10091,10981,
504,-8558,13808,
915,-10024,16117,
-641,-8945,9869,
-1043,-10584,13367,
1451,-9181,12351,
3355,-11201,13865,
3091,-12092,16068,
-1446,-17183,15243,
557,-16964,13494,
1722,-17200,12604,
-1727,-16107,12547,
-680,-7998,13367,
3302,-9132,13568,
497,-13273,12663,
1060,-14108,16787,
414,-9032,13784,
124,-8069,15232,
588,-7043,11436,
-543,-7769,8646,
-365,-9435,7973,
2868,-9477,9620,
-2324,-11902,11584,
-254,-9855,15448,
587,-7911,18343,
515,-9602,14809,
351,-8419,12829,
191,-8657,8631,
-109,-10015,9540,
318,-9815,12745,
488,-9712,13741,
193,-10269,14418,
326,-10116,13811,
606,-9812,12665,
191,-10384,12098,
121,-11192,12906,
46,-11308,13384,
-325,-11494,13253,
-401,-11644,12449,
-501,-11321,12011,
-223,-11199,14460,
448,-9884,14993,
751,-9456,14586,
1003,-9975,14534,
1212,-9135,14491,
731,-9240,14878,
649,-9557,15093,
-128,-9243,11242,
-958,-732,10873,
-1366,-817,8367,
-1621,-10524,8834,
415,-11227,10167,
1397,-8781,12456,
1834,-11314,13774,
1141,-6487,16368,
3444,-3814,13950,
4927,3429,2671,
644,9621,-20125,
3447,-25460,-24166,
4739,-13969,12247,
3056,-28648,16139,
4121,-24474,15315,
5141,-13836,-7567,
4982,13106,-4633,
-14700,32764,-32764,
-2566,7295,31497,
515,-14169,32764,
3611,-14491,16091,
5495,-12612,6112,
-5241,-6641,17961,
-2134,-4847,20563,
41,-9845,13783,
1185,-15184,11212,
3255,-18472,9484,
3370,-1190,16586,
3237,-11649,13032,
2647,-9397,14442,
1669,-13158,11915,
1450,-9096,13288,
2048,-8637,13811,
1618,-8709,14576,
506,-7541,14768,
1270,-7368,15612,
2139,-7553,14401,
1600,-5479,15209,
293,-9336,14371,
2902,-10374,13567,
1285,-4815,14518,
2067,-9719,16370,
1649,-7620,14633,
352,-9506,11892,
1618,-9612,15152,
1811,-12160,12352,
2160,-6503,15827,
1121,-6074,16034,
3593,-1026,15765,
4413,1570,18445,
-185,-9574,15759,
760,-10850,13119,
306,-11517,13125,
3084,-1406,17206,
535,-8014,15214,
2495,-9314,10617,
-642,-5053,12317,
4027,-8887,16499,
2644,-9450,13210,
2994,-9775,13733,
1554,-14985,11879,
3165,-5094,14680,
2314,-8251,11368,
1900,-7743,13726,
-642,-5587,15393,
-48,-11317,13462,
1661,-11025,12320,
2256,-8673,13480,
1233,-8881,13827,
2395,-8633,14033,
2713,-5132,11134,
2050,-7725,15071,
1394,-9047,14523,
544,-7224,12771,
1667,-9771,14212,
2716,-9051,13747,
2624,-9226,13913,
2882,-8042,13878,
2750,-7803,12820,
3232,-8950,13859,
352,-3701,16787,
6341,-8762,13853,
-925,-10198,13828,
-802,-4959,16615,
825,-6654,14552,
1994,-7888,14455,
2200,-7423,17367,
3116,-6381,13120,
1456,-14679,11190,
3254,-9427,11968,
1945,-8804,14613,
1655,-3125,15009,
1383,-5302,14786,
2175,-7972,15274,
2983,-9366,14237,
3429,-10092,12973,
3422,-9835,17829,
3570,-5969,10247,
1171,-4678,14988,
1150,-9432,13498,
2095,-6505,24474,
2477,-7460,21723,
2024,-10860,18256,
2008,-9701,17614,
2393,-15842,17117,
1786,-16041,25105,
5599,-12656,18013,
4365,-11217,9379,
1164,1517,30289,
-1509,1917,20775,
-745,-9697,7650,
-58,-8069,12259,
0,-6311,18217,
1374,980,18009,
2384,-2083,13946,
1314,-6827,16152,
2775,-3156,17510,
1474,-3132,17309,
1722,-1613,21206,
8148,-5300,-7,
6031,-14368,6779,
1040,8198,14775,
4424,-5665,18521,
2320,-10814,16850,
3265,-7653,15942,
2358,-6027,21516,
3011,-6580,19919,
2954,-3018,19505,
2539,-6144,19439,
2642,-4158,17972,
1564,-5524,16928,
3556,-3662,16607,
1539,-3321,12103,
2618,-4022,13643,
1452,-6557,18216,
1969,-3785,12735,
1151,-525,13801,
1189,-4420,16966,
893,-610,14367,
3880,-8272,8409,
-217,3129,11481,
3781,-4877,8149,
88,8083,12289,
-813,-19267,13289,
6566,-1036,10982,
4184,-374,18778,
962,-2864,18822,
216,-1850,17134,
2242,74,15851,
2616,-1453,17287,
2524,-796,17132,
1437,2371,16524,
2104,3883,14818,
1896,954,16815,
1743,-1319,13813,
132,-1163,15360,
272,-2320,13570,
1707,-3120,14195,
-1201,-6439,17857,
1413,-3450,17402,
4222,-426,17096,
2744,1547,14930,
-1151,129,17668,
1133,2079,15450,
-2005,2385,20617,
72,3520,18723,
6660,2180,8832,
1543,4461,12213,
-490,5051,18110,
1954,5101,17062,
299,4089,12191,
619,4246,12271,
3072,5853,12010,
1899,6164,13528,
3810,6878,11734,
4926,6522,9989,
1007,5920,15880,
2987,5482,13592,
1861,5911,15874,
2606,6305,15952,
2389,5661,16723,
410,4912,16223,
4349,3798,14746,
8568,7170,17348,
4284,3984,14456,
1175,939,16055,
-2317,-430,15599,
-678,3020,14159,
812,4993,16754,
1370,6594,12546,
2448,4796,12644,
492,5181,13293,
-1209,3981,11244,
-751,4858,13694,
-1328,4919,13556,
-757,6387,13757,
2587,8052,13945,
656,7374,15676,
2849,8422,14445,
758,7371,14955,
954,7005,14298,
-59,7763,14391,
-345,7249,15259,
456,7065,15742,
-506,6661,15248,
272,4612,18982,
476,6120,17465,
138,7992,19676,
-1818,10289,12886,
284,7233,19342,
-378,7946,14434,
-2942,8355,4951,
-660,8835,15978,
-493,9157,15477,
-466,9290,11617,
-258,10489,15549,
-252,9051,14435,
-541,8433,14271,
-866,9112,13224,
36,9167,13832,
-1026,9127,13891,
-698,8943,14269,
0,9430,14800,
-37,9877,15048,
1629,12277,15611,
-1189,7898,14470,
442,10363,14345,
2551,10723,14533,
-1123,7248,14887,
-1007,7984,12932,
-375,8274,14213,
140,8781,15078,
-577,7892,13629,
-799,7695,12425,
128,8108,13334,
-100,7506,13749,
-256,8764,15005,
207,9016,13671,
-276,8530,14032,
-453,8872,13748,
-332,8614,13201,
-93,8637,14696,
230,9038,14682,
97,9002,14605,
-10,8498,14164,
671,8654,14525,
-1,8446,14195,
589,8473,14075,
628,8836,13901,
-59,8202,13566,
214,8276,13709,
881,8372,13015,
622,8436,13721,
-239,8431,13249,
86,8044,13595,
786,8651,14175,
503,8297,14517,
48,8185,13946,
-361,7789,13738,
249,8330,15989,
130,8150,14177,
637,8757,16324,
-126,7642,13757,
38,7957,13507,
-357,7823,12027,
-114,7708,14054,
72,8161,13820,
-75,8055,13603,
-186,8319,13432,
65,8207,13423,
350,8276,13349,
-203,9090,13652,
265,9539,13846,
259,9756,13547,
255,9806,13718,
2,9490,13445,
35,9374,13466,
120,9303,13482,
-120,9167,13511,
210,9333,13494,
237,9479,13575,
256,9245,13742,
5,8925,13726,
59,8890,13660,
126,8893,13578,
138,9020,13602,
194,9320,13604,
218,9322,13739,
371,9465,13973,
366,9567,14061,
178,9406,14042,
280,9466,13988,
417,9591,13724,
303,9480,13515,
232,9211,12739,
435,9669,14181,
-13,8935,12662,
73,9211,12757,
1916,12622,17809,
49,9079,12802,
-843,8701,12150,
635,9157,13557,
-2248,9083,9305,
-508,9324,12211,
43,9557,13035,
529,8899,13787,
-658,9141,13084,
58,9325,12835,
264,9276,12911,
15,9276,13130,
207,9283,13584,
205,9158,13667,
77,9159,13529,
192,8657,14236,
1,8513,13847,
-3,8344,14151,
-54,8276,14035,
143,8195,14041,
78,8264,14093,
80,8212,14122,
527,8123,14003,
125,8376,14145,
-116,8286,14374,
1835,8876,14337,
271,7923,14259,
163,7813,14484,
