1722,-10680,10064,
1455,-10803,10289,
1701,-10762,10381,
1501,-10817,10438,
1741,-10950,10537,
1657,-11075,10218,
1839,-11292,9841,
1986,-11305,9593,
2227,-11258,9440,
2304,-11634,9068,
2532,-11602,8701,
2296,-11675,8519,
2359,-11600,8708,
2415,-11926,8859,
2271,-12061,8852,
2444,-12167,9036,
2391,-12085,8820,
2388,-11821,9040,
2463,-11876,8805,
2468,-11882,8627,
2339,-12156,8691,
2877,-12077,8802,
2405,-12281,8680,
2619,-12608,8267,
2415,-12988,7961,
2579,-13211,7896,
2454,-13603,7953,
440,-15588,3148,
309,-17541,3644,
130,-17780,3394,
-159,-18313,3632,
-304,-18992,4007,
-212,-19345,4243,
-271,-19590,4220,
-336,-19701,4764,
75,-19762,4545,
-439,-19603,4242,
-704,-19981,5000,
-539,-19277,4188,
50,-18598,4568,
-843,-18468,3854,
-231,-17349,2192,
-1129,-16137,1827,
-71,-15313,985,
-550,-15680,1275,
-968,-16252,1734,
-1215,-16448,1893,
-781,-17083,2148,
-994,-17155,2501,
-1881,-17140,3398,
-1393,-17155,3240,
-1667,-16812,3425,
-2323,-16917,4346,
-1993,-16223,6036,
-2601,-16367,5597,
-745,-14907,5123,
-2021,-15407,5297,
-1646,-16028,11694,
-988,-16205,5879,
-362,-16071,4238,
1539,-16584,14095,
-1504,-24209,13972,
-124,-22366,5119,
-1072,-20026,1452,
-1246,-21813,7614,
-676,-20165,-105,
-487,-18142,452,
126,-17124,88,
-316,-17115,170,
-22,-17458,-704,
206,-17091,910,
536,-17370,404,
470,-17709,-997,
513,-16964,-1804,
761,-16338,-922,
1179,-16809,-1187,
905,-19618,2392,
1537,-19226,-1210,
1037,-17803,-1665,
2137,-16945,-1415,
545,-17875,-233,
1019,-16819,-601,
1386,-15558,-403,
793,-16120,-833,
923,-15892,-996,
1053,-15677,-489,
1264,-14803,-1190,
1525,-15243,-1411,
1384,-15315,-1222,
2873,-21071,-689,
2503,-19981,-690,
503,-15414,-3086,
100,-13488,-1177,
371,-14266,540,
298,-15570,2853,
40,-16970,1470,
-62,-17456,1864,
-47,-17088,918,
804,-15515,691,
726,-15993,232,
606,-16290,476,
485,-16291,-375,
883,-16158,-281,
59,-16830,-521,
593,-16887,-1188,
1285,-16116,-3507,
1133,-16517,-1337,
1697,-16310,-2757,
1762,-14988,111,
483,-15339,1107,
1181,-16812,1050,
660,-17089,-231,
261,-16452,-19,
96,-16261,-898,
-440,-17127,260,
-134,-17120,-1077,
-510,-17343,-521,
-196,-18249,-146,
-629,-17207,-483,
95,-17226,1092,
-391,-16198,3599,
-112,-17182,376,
9,-18784,2281,
-593,-15996,1140,
-602,-17361,2965,
-836,-16445,2983,
-37,-16960,2027,
-189,-16786,3369,
-242,-16486,2287,
-428,-17331,614,
-570,-16583,1714,
-582,-16234,632,
-1224,-16432,680,
-425,-15592,953,
-790,-16012,1585,
-757,-15923,1442,
-512,-15622,1376,
-527,-16107,1895,
-629,-16177,1549,
-828,-16162,1514,
-611,-16142,1802,
-1100,-16313,2439,
-492,-15857,2507,
-1158,-15780,2275,
-688,-16193,2252,
-539,-16054,1921,
-275,-16221,1785,
-146,-16085,2393,
-315,-16060,1649,
-289,-16464,1841,
-367,-16340,1822,
184,-15421,1138,
-485,-16581,3135,
-131,-15737,3294,
-709,-15642,2701,
-38,-15577,2496,
-318,-15853,2883,
181,-15923,2750,
-33,-15704,2441,
54,-16593,2722,
433,-16561,3132,
-177,-16530,3386,
-60,-16341,3519,
-530,-16468,2497,
-197,-16474,1976,
-513,-16693,1893,
242,-16379,2573,
-676,-17018,2113,
483,-16612,1327,
-331,-16361,2159,
-274,-16719,2250,
-410,-16374,2359,
-665,-16369,2563,
-489,-16237,2541,
-606,-16288,2691,
-897,-16267,3059,
-526,-16323,2814,
-738,-16223,3035,
-703,-16555,2982,
-618,-16052,3216,
-478,-15886,2798,
-332,-16031,2971,
-310,-15677,2996,
-539,-15744,3258,
-444,-15857,3420,
-183,-16121,3186,
-192,-16150,2963,
-396,-15971,2761,
-61,-16354,2318,
-881,-17330,-1253,
1891,-19978,3857,
-913,-18817,1842,
106,-16057,1416,
180,-16440,1798,
-788,-17189,625,
-560,-17456,1804,
-22,-16679,2741,
-236,-16341,2309,
-31,-15949,2629,
-15,-16392,2531,
-63,-16438,2461,
-242,-16022,2507,
-5,-16134,3391,
-133,-15882,3534,
-339,-15546,3159,
-700,-15375,3196,
-347,-15400,3443,
-72,-16043,3301,
-27,-16534,2652,
366,-16536,2388,
348,-16531,2174,
375,-16065,2286,
352,-16071,2459,
612,-16145,2726,
479,-16259,2330,
489,-16468,2460,
502,-16310,2109,
521,-16465,2320,
198,-16400,2187,
302,-16173,2234,
211,-15961,2571,
271,-16175,2686,
216,-16531,2556,
111,-16190,2101,
346,-18247,1305,
1120,-17432,1775,
187,-15488,1114,
-121,-14129,2004,
-76,-14517,3358,
-34,-16019,3729,
-40,-17087,3150,
-47,-16964,2637,
-208,-16330,2300,
25,-15894,2325,
-13,-15721,2076,
73,-16111,2263,
172,-16428,2464,
104,-16527,2552,
301,-16411,2707,
266,-16340,2347,
321,-16292,2455,
826,-16631,3167,
28,-16555,1891,
201,-16370,2183,
133,-16596,2084,
364,-16241,2318,
405,-16170,1571,
467,-16410,1692,
170,-16491,1485,
267,-16210,1524,
534,-16151,1623,
574,-16248,1616,
419,-16238,1503,
504,-16521,1951,
681,-16427,1883,
662,-15994,2620,
-3163,-20150,5497,
977,-17060,2768,
478,-16416,2181,
587,-16783,2387,
308,-16270,2545,
280,-16636,2147,
783,-16483,2228,
687,-16271,2014,
659,-16510,2042,
895,-16464,2345,
750,-16199,2158,
843,-16114,2253,
762,-16120,1812,
980,-16138,1943,
900,-16180,1843,
744,-16625,1717,
730,-16558,1740,
1004,-16072,2471,
824,-16496,2141,
1051,-16566,2001,
876,-16883,1556,
862,-16529,1801,
827,-16482,1975,
364,-16633,1904,
771,-16539,2504,
681,-16461,1864,
742,-16362,2203,
657,-16263,2594,
375,-16275,2574,
765,-16216,2497,
380,-16157,2203,
275,-16141,2599,
629,-16011,2440,
805,-15988,2399,
422,-16044,2157,
526,-15767,2174,
611,-15796,2491,
417,-15785,2078,
273,-16048,1950,
525,-16122,2477,
111,-16804,2428,
4301,-14307,1920,
-108,-15375,2412,
626,-15716,2481,
311,-15947,2645,
259,-15971,2111,
715,-15901,2294,
604,-15917,2629,
-120,-16074,-980,
550,-15998,2782,
479,-16052,3070,
661,-16010,3137,
542,-15823,2985,
511,-16236,2814,
-381,-16068,3108,
431,-16455,3157,
-12,-16131,2750,
182,-15731,2963,
204,-15967,2315,
344,-15808,2859,
654,-15682,3066,
469,-15504,3059,
772,-15784,2803,
686,-16253,2245,
938,-15808,2361,
833,-15803,2292,
711,-15742,2062,
745,-15793,2578,
564,-16269,2331,
596,-16212,2101,
792,-16641,2136,
791,-16548,2797,
659,-16398,2552,
857,-16171,2806,
1165,-16283,2904,
2347,-15553,3675,
817,-17413,1120,
993,-16868,2420,
1027,-16994,1773,
1313,-16999,1453,
1211,-16849,1475,
1400,-16682,1490,
1230,-16133,1327,
1435,-16460,1205,
1020,-16310,987,
1414,-16068,1284,
1312,-16167,1201,
1167,-15955,1181,
1097,-15926,924,
1448,-16015,846,
1133,-16122,732,
1489,-16264,422,
1570,-16424,376,
1587,-16464,340,
1393,-16416,236,
1378,-16246,-24,
1565,-16413,-154,
1265,-16597,-307,
1359,-16952,-450,
1339,-16742,-369,
1325,-16555,-386,
1670,-16770,-422,
1338,-16418,-447,
1916,-17408,-913,
1246,-16707,-927,
1335,-16632,-286,
1165,-16780,-404,
318,-17446,-1174,
1069,-16684,-599,
909,-16682,-84,
524,-16810,414,
1210,-16423,574,
519,-16440,615,
-3073,-16360,-507,
914,-16738,420,
1247,-15096,-569,
901,-16289,719,
717,-16348,45,
1635,-14238,-2275,
361,-16540,-71,
504,-15093,382,
49,-15365,464,
-4,-15584,252,
522,-18306,2521,
-592,-16965,-160,
-507,-16909,-292,
-489,-16899,-275,
-499,-16787,-353,
-508,-16777,-251,
-492,-16761,-166,
-523,-16677,-234,
-565,-16665,-324,
-593,-16675,-408,
-566,-16860,-573,
-676,-16712,-800,
-407,-16835,-319,
-735,-16070,-611,
-854,-16567,-110,
-703,-16973,-938,
-757,-17033,-496,
-1024,-16878,-473,
-1024,-16955,-641,
-1017,-17097,-514,
-906,-17106,-488,
-1105,-16884,235,
-1224,-17241,-198,
-831,-16937,-152,
-1337,-16905,-102,
-1091,-17004,438,
-1013,-16772,147,
-1267,-16462,-1210,
-550,-16367,-224,
-818,-15845,-416,
-918,-15677,-248,
-697,-15757,-268,
-487,-15595,-507,
-424,-15866,-1103,
-1386,-14671,2897,
-638,-16731,-623,
-266,-16719,-1141,
-350,-16940,-833,
-507,-17078,-584,
-455,-17009,-803,
-257,-17115,-797,
-441,-17146,-813,
-498,-17011,-409,
-358,-16660,-789,
-437,-16498,-911,
-518,-16387,-756,
-542,-16369,-871,
-236,-16294,-744,
-310,-16129,-1066,
-415,-16101,-857,
-352,-16144,-667,
-358,-16322,-890,
-470,-16203,-772,
-464,-16114,-792,
-879,-15975,-704,
-860,-15786,-395,
-1537,-15635,-542,
-620,-16021,-63,
1551,-16172,-1238,
-202,-15403,-2213,
-991,-16190,-721,
-688,-15817,-765,
-672,-15492,-957,
-513,-15679,-797,
-543,-15907,-1049,
-520,-16254,-1018,
-440,-16295,-889,
-356,-16197,-851,
-491,-16282,-805,
-504,-16419,-698,
-382,-16228,-527,
-321,-16317,-1044,
-502,-15926,-699,
-565,-15996,-566,
-467,-16145,-651,
-493,-16193,-519,
-451,-16219,-575,
-408,-16220,-442,
-440,-16216,-779,
-539,-16277,-590,
-473,-16433,-449,
-638,-16415,-548,
-666,-16455,-467,
-786,-16719,-473,
-772,-16731,-413,
-801,-16693,-323,
-885,-16579,-486,
-764,-16643,-735,
-509,-16582,-937,
-288,-16876,-1112,
-39,-16956,-1471,
115,-17041,-1380,
190,-16964,-1561,
529,-16744,-1025,
288,-16717,-1363,
148,-16689,-1353,
245,-16408,-935,
50,-16803,-981,
-190,-16798,-1181,
-284,-17089,-378,
-268,-17313,-439,
-358,-17661,-245,
-332,-17165,-196,
-360,-17251,110,
-223,-17269,187,
-183,-17234,-64,
-50,-17203,-292,
100,-17108,-654,
193,-17021,-863,
222,-17002,-915,
121,-16856,-1196,
547,-17189,-1180,
614,-17814,-908,
678,-18427,-987,
603,-18731,-881,
802,-19029,-736,
944,-18720,-526,
1026,-18217,-456,
825,-17720,-588,
775,-17160,-460,
821,-16717,-335,
1088,-16239,-638,
745,-16198,-817,
610,-16346,-635,
826,-16420,-761,
2248,-16350,283,
791,-16844,-334,
1344,-17189,-581,
1918,-17274,434,
1682,-17472,142,
1636,-17894,-504,
1759,-18197,-165,
1378,-17773,111,
1186,-17524,66,
1096,-17196,86,
1052,-16788,326,
853,-16409,708,
753,-16362,755,
734,-16255,776,
657,-16269,828,
632,-16267,909,
704,-16396,1299,
1012,-16583,1501,
1013,-16541,1343,
881,-16905,1553,
1232,-17128,1602,
1244,-17040,1727,
950,-17131,1824,
722,-17214,1778,
489,-17319,1888,
470,-17486,1690,
633,-17664,2076,
697,-17754,2295,
794,-17912,2346,
831,-17768,2375,
952,-17346,2190,
1093,-17092,2212,
1185,-16778,2148,
1366,-16721,2317,
1450,-16611,2147,
1666,-16494,1867,
1839,-16150,1711,
1906,-16318,1841,
2026,-16009,1746,
2004,-15847,1768,
2123,-15637,1677,
2120,-15565,1630,
2152,-15338,1506,
2374,-14952,1574,
2386,-14843,1506,
2524,-14785,1953,
2449,-15543,1883,
2564,-15537,2028,
2615,-15732,2086,
2750,-15904,2245,
3025,-16166,2193,
3197,-16150,2180,
3355,-16139,2147,
3440,-15996,2156,
3374,-15727,2011,
3301,-15138,2061,
3282,-14835,2151,
3266,-14457,2124,
3216,-14225,2154,
3145,-14002,2188,
3141,-13833,2469,
2960,-13738,2484,
3028,-13700,2541,
3052,-13607,2482,
3037,-13486,2476,
3026,-13487,2523,
2975,-13581,2632,
3004,-13741,2643,
3079,-13852,2636,
3144,-14101,2702,
3221,-14451,2614,
3351,-14973,2646,
3556,-15109,2596,
3634,-15136,2390,
3725,-15204,2161,
3728,-15271,1892,
3753,-15214,1834,
3760,-15265,1971,
3476,-14696,1937,
3460,-14403,2173,
3422,-14460,2087,
3291,-14397,2017,
3146,-14334,1844,
3116,-14376,1967,
2978,-14731,2199,
2862,-14774,2393,
2774,-15097,2519,
2596,-15260,2692,
2382,-15557,2676,
2491,-15656,3555,
2108,-15617,3196,
2057,-15584,3067,
1878,-16464,3095,
1867,-16322,2920,
1717,-16148,2961,
1674,-16074,2967,
1663,-15881,2940,
1772,-15800,3039,
1653,-15592,2786,
1841,-15779,2881,
1913,-16121,2861,
1900,-16229,2765,
1917,-16416,2670,
2031,-16633,2519,
2018,-16633,2261,
1981,-16621,2269,
1941,-16550,2256,
1968,-16586,2473,
1923,-16527,2616,
1991,-16452,2773,
1943,-16406,2824,
1761,-16230,3081,
1814,-16255,2943,
1957,-15801,2722,
1963,-15774,2817,
1971,-15575,2802,
1941,-15549,2686,
2012,-15657,2729,
2070,-15696,2687,
2038,-15645,2634,
2110,-15688,2748,
2073,-15828,2851,
1942,-16026,3008,
1826,-16109,3212,
1654,-16184,3282,
1554,-16233,3231,
1485,-16359,3122,
1483,-16397,2989,
1474,-16702,2888,
1523,-16873,2779,
1601,-16966,2657,
1665,-16960,2762,
1702,-16898,2980,
1618,-16656,3126,
1429,-16259,3232,
1316,-16197,3273,
1260,-16160,3309,
1048,-15835,3429,
822,-15630,3548,
688,-15517,3638,
415,-15541,4689,
395,-15772,3481,
582,-15798,3365,
911,-16381,2974,
1141,-16559,3117,
1354,-17081,2280,
1573,-17204,2305,
1768,-17275,1731,
1981,-17100,1745,
2003,-17266,2078,
2460,-16809,1090,
2223,-16464,1422,
1911,-16088,1464,
1757,-15471,1683,
1257,-14989,2648,
1244,-14527,2255,
1146,-14418,2564,
731,-14646,2683,
576,-14779,2471,
277,-14825,2933,
777,-15055,3066,
621,-15560,2801,
982,-16400,3522,
714,-16246,2749,
948,-16650,2835,
722,-16719,2665,
842,-16853,2227,
837,-16920,2457,
956,-16959,2806,
816,-16989,3020,
871,-16676,2830,
790,-16628,2823,
546,-16156,2480,
552,-15872,2709,
335,-15448,3265,
255,-15270,3268,
287,-15180,3344,
355,-15047,3517,
263,-15300,3418,
313,-15007,3472,
355,-15064,3268,
368,-15166,3508,
433,-15187,3640,
388,-15371,3574,
397,-15406,3552,
479,-15700,3482,
363,-15501,3438,
326,-15452,3583,
336,-15482,3755,
331,-15561,3868,
184,-15679,3948,
194,-15770,4137,
282,-15910,4078,
247,-16104,4020,
318,-16255,4002,
435,-16404,3945,
444,-16575,3909,
605,-16747,4090,
914,-16915,3846,
728,-16927,3734,
699,-16655,3216,
960,-16662,3240,
690,-16827,3463,
1093,-16815,3304,
1233,-16574,3098,
998,-16500,3196,
762,-16295,3349,
754,-16082,3460,
737,-16080,3752,
688,-16104,3822,
637,-16300,3894,
695,-16486,3683,
810,-16688,3374,
850,-16933,3289,
1079,-17163,3147,
1238,-17324,2999,
1343,-17847,2635,
1789,-18604,2795,
1702,-17727,2312,
1466,-18127,2607,
1614,-18189,1929,
1492,-18047,1782,
1497,-17455,1642,
1545,-16073,1641,
997,-15366,2107,
672,-15407,2614,
106,-16489,2114,
402,-16689,1795,
245,-17326,2271,
183,-17152,2213,
-23,-17141,2104,
-298,-17037,2098,
-369,-16685,2283,
-519,-16349,2471,
-687,-16290,2384,
-848,-16343,2096,
-988,-16369,2024,
-1177,-16704,2079,
-1465,-16980,2224,
-1680,-16928,2058,
-1969,-16951,1921,
-2178,-16558,1908,
-2630,-16272,1998,
-2737,-15887,2323,
-3072,-15852,2747,
-3184,-16088,2984,
-3268,-16218,3029,
-3326,-16095,2996,
-3409,-16437,2733,
-3344,-16518,2851,
-3368,-16623,2687,
-3401,-16603,2733,
-3392,-16672,2797,
-3433,-16658,2627,
-3429,-16573,2607,
-3568,-16436,2606,
-3469,-16409,2475,
-3507,-16304,2509,
-3580,-16114,2725,
-3580,-15946,2857,
-3774,-15805,2792,
-3952,-15756,2935,
-4027,-15906,2915,
-3939,-15865,3096,
-3940,-15937,2966,
-3849,-15571,2825,
-4016,-15510,2690,
-3753,-15407,2827,
-3931,-15468,2560,
-3798,-15449,2489,
-3828,-15243,2313,
-3811,-15344,2441,
-3966,-15378,2490,
-3612,-15215,2516,
-3703,-15288,2419,
-3449,-15187,2586,
-3420,-15187,2387,
-3406,-15154,2488,
-3284,-14970,2643,
-3182,-15002,2594,
-3127,-15042,2616,
-3016,-15114,2719,
-2887,-15073,2832,
-2797,-15271,2788,
-2779,-15435,2868,
-2611,-15487,2864,
-2686,-15927,2715,
-2306,-16247,2733,
-2280,-16700,2763,
-1994,-16977,2638,
-1841,-17726,2569,
-1526,-18359,2628,
-1271,-18587,2577,
-1069,-18571,2675,
-927,-18281,2553,
-719,-17630,2595,
-613,-16926,2561,
-753,-16444,2815,
-738,-16007,2959,
-1112,-15934,3459,
-950,-16189,3553,
-1016,-16367,3680,
-860,-16961,3801,
-648,-17164,3956,
-514,-17239,4092,
-324,-17234,4107,
-246,-17145,4181,
-320,-17117,3923,
14,-16722,4144,
-144,-14700,4969,
-363,-14700,5166,
-353,-14456,5221,
-300,-14470,5382,
-282,-14727,5923,
-69,-15217,5973,
-23,-15318,6013,
233,-15333,6110,
275,-15125,6195,
415,-15181,6239,
577,-15210,6313,
632,-15047,6162,
697,-15107,6152,
682,-15036,6116,
584,-14987,6087,
558,-15080,6308,
560,-15270,6608,
543,-15393,6936,
527,-15407,6982,
482,-15431,6967,
432,-15540,6974,
426,-15670,6996,
524,-15564,7071,
572,-15300,7098,
549,-15037,6936,
543,-14944,6867,
658,-14971,6802,
809,-14982,6767,
978,-14950,6740,
975,-14743,6825,
849,-14862,6901,
888,-15027,6788,
797,-15228,6673,
691,-15394,6741,
640,-15622,6927,
576,-16039,7203,
405,-16078,7640,
220,-15645,7732,
172,-15698,7717,
218,-15783,7520,
322,-15816,7358,
376,-16336,7322,
341,-15757,7372,
418,-15691,7180,
486,-15493,7192,
538,-15429,6685,
594,-15501,6665,
769,-15396,6633,
805,-15295,6550,
852,-15272,6563,
799,-15329,6514,
1030,-15344,6185,
1228,-15441,6361,
932,-15159,6158,
1253,-14914,5753,
1369,-14917,6274,
1540,-14984,6210,
1519,-14795,6251,
1572,-14892,6218,
1617,-14753,6389,
1574,-14698,6347,
1627,-14569,6109,
1744,-14313,6062,
1643,-13992,5986,
1702,-13882,6013,
1871,-14192,5966,
2108,-14488,5445,
2176,-14236,5720,
2129,-14478,5937,
2268,-14439,5820,
2214,-14532,6042,
2131,-14365,6137,
2043,-14324,6153,
2024,-13935,6646,
1450,-14128,6871,
1294,-14181,7438,
957,-13792,7568,
571,-13596,7703,
465,-13199,8091,
434,-13017,8219,
274,-13126,8451,
-61,-12959,8938,
378,-12685,8528,
621,-12601,8412,
457,-12420,8807,
522,-12885,8230,
581,-12586,8452,
646,-12623,8591,
787,-13000,8545,
796,-13365,8288,
952,-13492,8587,
1269,-14228,8424,
1634,-14717,8513,
1784,-15829,8310,
1776,-15938,8378,
1596,-15555,8675,
1702,-15683,8223,
1800,-15569,8061,
1637,-15196,7744,
1596,-14870,7767,
1537,-14696,7570,
1551,-14654,7546,
1402,-14702,7365,
1256,-14511,7011,
1208,-14374,6909,
1075,-14179,6567,
791,-14231,6312,
517,-14340,6129,
850,-14461,5451,
126,-13998,5473,
-254,-13871,5796,
-743,-13568,5535,
-1314,-13284,5784,
-1620,-13458,5950,
-1935,-13458,5951,
-2262,-13220,5971,
-2992,-12797,6360,
-2952,-12886,5314,
-3037,-12273,5958,
-3239,-11563,6061,
-3618,-11710,6115,
-3775,-11780,5696,
-3754,-11357,5722,
-4414,-11252,6538,
-4857,-11330,6465,
-4769,-10525,721,
-4513,-9434,9594,
-5475,-11059,9153,
-5063,-11106,8165,
-5459,-11775,7402,
-5818,-11960,8050,
-5732,-11869,8145,
-6055,-11990,8944,
-6013,-12375,9661,
-5641,-12710,10223,
-5310,-12853,9528,
-5556,-13840,10792,
-5758,-15028,12175,
-5705,-14986,12477,
-5456,-15502,11620,
-5431,-16723,12911,
-5560,-15911,9707,
-4574,-16144,10901,
-5248,-17265,12860,
-4787,-15614,12522,
-5319,-15303,10792,
-4986,-15757,10225,
-5189,-16401,11583,
-2941,-15429,9566,
-3775,-15833,16374,
-5346,-14513,13964,
-7280,-14091,14123,
-5043,-14064,12969,
-5023,-14082,14521,
-5062,-13225,13948,
-5003,-13129,13138,
-2679,-13670,8221,
-3075,-14635,7202,
-2020,-15431,7024,
-2002,-16189,6442,
-1829,-16947,5868,
-1521,-17042,6091,
-1546,-16761,5382,
-1548,-16419,5761,
-1662,-16819,5749,
-1775,-16573,5620,
-1839,-16322,5477,
-1664,-16054,5790,
-2125,-16196,6129,
-2660,-16052,5757,
-2310,-16105,6237,
-2243,-16280,6313,
-2455,-16160,6192,
-2789,-15811,5530,
-3163,-16202,5638,
-3203,-16140,5399,
-2977,-16426,5717,
-3167,-16477,5586,
-3770,-15790,5244,
-3593,-15346,5643,
-3288,-15408,5126,
-4163,-16249,5929,
-3954,-16865,5716,
-3851,-17476,5499,
-3680,-17840,6173,
-3875,-17976,6321,
-3721,-17058,5948,
-3937,-16862,5941,
-3666,-16030,5173,
-4210,-16556,4490,
-3814,-15342,4750,
-3697,-15189,3751,
-3546,-16770,3125,
-4433,-16117,3024,
-3571,-15587,2498,
-3991,-16005,2630,
-4329,-16799,4553,
-3958,-16433,4930,
-4532,-15683,4292,
-4642,-15915,4626,
-4554,-15051,4488,
-5295,-15015,5781,
-4893,-15202,4708,
-4397,-14214,5411,
-4314,-14011,3312,
-4737,-12536,4378,
-4974,-12289,5835,
-4958,-13341,4485,
-4954,-12477,4718,
-5091,-12507,5929,
-5192,-12876,5940,
-5136,-11696,6304,
-5684,-11485,6264,
-4592,-10970,4027,
-6208,-11672,8076,
-5547,-10393,6837,
-5347,-11808,4015,
-5484,-12088,4121,
-6383,-14378,3578,
-5527,-11811,6359,
-5789,-11381,6631,
-5472,-13076,5643,
-4682,-14563,6638,
-4022,-15080,6168,
-4781,-15830,7289,
-4643,-17034,8229,
-5126,-16667,6109,
-3722,-17957,6067,
-2919,-17489,7328,
-3844,-17532,5484,
-2713,-17245,6376,
-2458,-17252,7151,
-2356,-16766,6137,
-2201,-16499,7151,
-2210,-16709,8014,
-1740,-16617,7267,
-2505,-17013,7383,
-1414,-17228,6329,
-1833,-16220,6567,
-1693,-15718,6906,
-1071,-16318,6380,
-1766,-16184,6917,
-1767,-16457,6975,
-1889,-15745,6612,
-2045,-15861,7918,
-2139,-15761,8698,
-2949,-15334,9744,
-2311,-14878,7392,
-2936,-14359,6773,
-141,-15221,9400,
-1326,-14689,5445,
-2244,-13989,8412,
-4666,-10763,14482,
-4851,-12882,13499,
-1977,-11292,6678,
845,-11828,20539,
-3422,-11888,10582,
-2822,-11445,9515,
-3340,-11217,11262,
-2812,-11716,9472,
-3272,-11698,10913,
-3230,-11199,10043,
-3348,-11070,10114,
-3186,-11278,10505,
-3284,-11408,10497,
-3165,-11552,10914,
-3434,-11833,11097,
-3434,-12037,11045,
-3777,-11945,12139,
-2990,-12515,9882,
-3844,-12721,11637,
-3591,-12769,11412,
-4199,-12948,14290,
-4548,-12660,25513,
-6445,-14599,13579,
-935,-6066,-32764,
-4936,-15019,9740,
-3402,-13379,9186,
-3653,-12792,10504,
-3011,-12104,9850,
-3501,-11846,10113,
-3316,-11909,10722,
-3603,-12608,10498,
-3431,-13015,10721,
-3376,-12824,10268,
-3378,-12375,9880,
-3313,-12710,10032,
-3098,-12060,10868,
-2845,-12295,10655,
-2655,-12843,10128,
-2598,-13300,9599,
-2417,-13802,9191,
-2435,-13929,9840,
-2918,-13420,10415,
-2675,-13266,10332,
-2857,-12946,9207,
-2615,-13247,8883,
-3164,-13467,8366,
-2582,-13688,9077,
-2770,-14033,10670,
-3073,-14657,8946,
-2949,-14793,9449,
-2838,-14938,10076,
-2506,-14966,9713,
-2758,-13641,10056,
-2272,-13285,11685,
-2104,-12976,10965,
-2369,-12056,11426,
-2410,-11471,10434,
-2772,-11249,10735,
-2271,-11975,11586,
-2193,-12759,11345,
-2093,-12748,11378,
-2175,-12848,11252,
-2068,-12562,11325,
-2359,-12125,10933,
-2677,-12566,10622,
-2407,-13120,10555,
-2322,-12684,10513,
-2327,-12270,10144,
-2419,-12386,9818,
-2240,-12689,9508,
-2274,-12432,10011,
-2501,-13112,9561,
-2600,-12978,9115,
-2787,-13257,9013,
-2709,-13618,8986,
-2714,-13709,9077,
-3100,-13870,9264,
-3187,-13592,9254,
-3047,-13984,9574,
-2831,-13561,10073,
-2769,-13130,9527,
-2756,-13105,9507,
-2715,-12807,9467,
-2644,-12642,9007,
-2713,-12897,9187,
-3552,-13246,8985,
-2208,-12802,8374,
-2900,-12466,8157,
-2376,-12029,8108,
-2112,-12140,8706,
-2662,-12692,8573,
-2504,-12938,9006,
-2736,-13095,8416,
-2913,-13420,8832,
-2336,-14389,8179,
-3443,-15726,7197,
-2292,-14756,8537,
-1607,-14034,9360,
-1463,-13763,8893,
-1902,-13386,8652,
-1705,-12765,8771,
-1993,-13034,8448,
-3533,-13064,9104,
-1809,-13121,8270,
-1789,-13055,8371,
-1941,-13395,8129,
-2275,-13552,8208,
-2333,-13885,8077,
-2628,-14129,7588,
-2470,-14006,7856,
-2282,-13787,7910,
-1793,-13224,8637,
-1663,-13125,8746,
-1778,-12840,8986,
-1525,-13066,8662,
-1604,-13059,8817,
-1410,-12864,8792,
-1495,-12776,9282,
-1617,-12555,8913,
-1197,-12372,8944,
-1603,-12497,9228,
-1705,-12441,8812,
-1638,-12794,9308,
-2150,-13171,9099,
-2021,-13464,9096,
-2165,-13402,9807,
-2374,-13524,9525,
-2256,-13289,9484,
-2227,-13651,9527,
-2345,-13340,10279,
-2442,-12817,10211,
-2382,-12722,10234,
-2278,-12841,10063,
-2217,-12936,10144,
-1929,-13080,10091,
-2050,-12952,10197,
-1933,-12798,9890,
-1876,-12851,10075,
-2045,-13431,10480,
-1781,-13345,10380,
-2255,-13102,10794,
-2530,-12840,11531,
-2284,-12894,11518,
-2307,-13517,11403,
-2192,-13835,10942,
-2179,-13945,11107,
-2034,-14274,11355,
-2162,-14194,11262,
-2146,-13887,11078,
-1849,-13729,10977,
-1734,-13348,10880,
-1547,-13176,10789,
-2275,-12437,10857,
-1230,-13093,10618,
-1357,-12862,10458,
-1620,-12847,10361,
-1733,-12997,10515,
-1832,-12919,10600,
-1952,-12744,10460,
-2124,-12610,10193,
-2248,-12589,10097,
-2031,-12556,9989,
-1850,-12441,9968,
-1691,-12452,10079,
-1667,-12403,10110,
-1595,-12441,10181,
-1549,-12440,10335,
-1434,-12329,10287,
-1441,-12329,10273,
-1509,-12448,10089,
-1620,-12714,9988,
-1793,-12811,9927,
-1784,-12683,10091,
-1755,-12409,9875,
-1898,-12102,9837,
-2074,-11980,9734,
-2196,-12267,9546,
-2051,-12557,9492,
-2006,-13182,9658,
-1841,-13246,9783,
-1300,-13915,9153,
-1492,-13165,9252,
-1636,-13039,8470,
-1484,-13582,9648,
-882,-13362,10443,
-647,-13209,10507,
-564,-13330,10516,
-325,-13210,10499,
-247,-13219,10496,
-355,-12777,10401,
-619,-12324,10668,
-1004,-12676,10441,
-487,-13058,10292,
-286,-12790,10141,
-383,-12817,10406,
-246,-13156,10605,
-247,-13254,10805,
-291,-13137,10784,
-357,-13198,10724,
-280,-13362,10750,
-267,-13372,10643,
-248,-13384,10477,
-372,-13432,10379,
-414,-13311,10255,
-483,-13253,10183,
-442,-13139,10187,
-640,-12893,10056,
-725,-12951,9940,
-870,-13078,10000,
-911,-13149,9997,
-838,-13135,10096,
-816,-13178,10072,
-807,-13029,9833,
-818,-12881,9738,
-777,-12884,9875,
-748,-12761,10044,
-843,-12544,10253,
-907,-12378,10268,
-917,-12219,10315,
-878,-12188,10127,
-1053,-12115,9973,
-1128,-12230,9897,
-1176,-12295,9907,
-1081,-12234,10033,
-992,-12052,10115,
-936,-12052,10221,
-946,-12116,10304,
-1024,-12306,10334,
-1012,-12432,10476,
-930,-12477,10574,
-909,-12484,10678,
-876,-12494,10733,
-850,-12647,10767,
-859,-12771,10791,
-900,-12924,10768,
-890,-12901,10735,
-827,-12835,10772,
-879,-12719,10726,
-933,-12777,10679,
-971,-12834,10594,
-804,-12838,10613,
-993,-12777,10497,
-818,-12806,10203,
-1052,-12798,10435,
-1142,-12867,10317,
-1292,-12723,10322,
-1188,-12874,10113,
-1199,-12862,10215,
-1166,-12777,10291,
-1209,-12848,10254,
-1145,-12185,8209,
-1267,-12603,10295,
-1466,-12574,9872,
-1408,-12735,10159,
-1431,-12492,9989,
-1451,-12276,9823,
-1448,-12325,9816,
-1586,-12528,9839,
-1653,-12475,9742,
-1656,-12447,9801,
-1665,-12445,9749,
-1666,-12527,9805,
-1692,-12483,9915,
-1690,-12511,9818,
-1565,-12885,9660,
-1531,-12799,9811,
-1464,-12880,9712,
-1508,-12904,9583,
-1485,-12875,9475,
-1450,-12904,9295,
-1368,-12727,9499,
-1367,-12803,9613,
-1246,-13019,9616,
-1300,-13168,9694,
-1207,-13057,9941,
-1183,-13033,9906,
-1046,-13003,10275,
-1157,-13049,10174,
-1070,-13116,10049,
-1072,-13188,10216,
-1034,-13116,10190,
-1015,-13044,10223,
-1056,-13133,10210,
-991,-13153,10167,
-1023,-13175,10062,
-1265,-13015,9960,
-715,-13496,10389,
-1026,-13201,10043,
-1665,-13111,10023,
-1006,-13155,9972,
-1276,-13003,10071,
-1168,-13190,10051,
-1237,-13115,10322,
-1267,-12654,10192,
-1135,-12600,10315,
-1230,-12314,10312,
-1403,-12025,10325,
-1476,-11828,10265,
-1244,-11775,10548,
-1259,-11690,10688,
-1231,-11632,10683,
-1297,-11535,10714,
-1326,-11591,10539,
-1235,-11678,10768,
-1294,-11774,10942,
-1202,-11775,11074,
-1208,-11796,11175,
-1279,-11958,11145,
-1251,-12035,11094,
-1192,-11928,11240,
-1282,-11952,11194,
-1316,-11996,11301,
-1413,-12075,11271,
-1381,-12114,11179,
-1447,-12228,11179,
-1520,-12276,11159,
-1497,-12268,11116,
-1609,-12282,11042,
-1595,-12273,11137,
-1621,-12255,11157,
-1678,-12226,11034,
-1654,-12540,11648,
-1755,-12171,10860,
-1744,-12188,10810,
-1803,-12357,10883,
-1895,-12403,10708,
-1993,-12340,10531,
-1966,-12304,10540,
-2020,-12446,10391,
-2111,-12440,10405,
-2120,-12493,10445,
-2132,-12372,10564,
-2035,-12372,10669,
-2106,-12325,10668,
-2082,-12233,10674,
-2048,-12053,10679,
-2058,-11936,10766,
-2076,-11935,10834,
-2034,-12015,10877,
-2041,-11947,10857,
-2024,-11877,10756,
-1739,-11973,10491,
-2001,-11838,10690,
-2107,-11928,10755,
-1900,-12068,10742,
-1853,-12187,10816,
-1954,-12252,10772,
-1861,-12326,11063,
-1585,-12566,11145,
-1813,-12559,10973,
-1630,-12749,11181,
-1636,-12716,11088,
-1501,-12648,10957,
-1433,-12544,10818,
-1705,-12279,11110,
-1595,-12258,10883,
-1692,-13741,11587,
-1522,-12073,9972,
-1323,-11795,10276,
-1407,-12421,10070,
-1566,-12467,9836,
-1522,-12568,10121,
-1697,-12485,10300,
-1459,-12675,10608,
-1704,-12805,11052,
-1705,-12810,11674,
-1692,-12809,11552,
-1679,-12731,11790,
-1900,-12527,12090,
-1836,-12937,11407,
-1858,-12909,11756,
-2049,-12816,10935,
-1989,-12913,10949,
-2133,-13016,10727,
-2056,-12940,10660,
-2065,-12932,10314,
-2247,-12675,10098,
-2334,-13105,9909,
-2675,-13101,10114,
-2586,-13061,9934,
-2263,-12842,10123,
-2540,-12580,10281,
-2649,-12684,10232,
-1979,-13030,10573,
-2239,-12875,10294,
-2267,-12577,9936,
-2475,-12496,10224,
-2478,-12589,10184,
-2627,-12788,9814,
-2731,-12605,9421,
-2461,-12984,9601,
-2507,-13143,9398,
-2695,-13515,9588,
-2699,-13743,9533,
-2775,-15154,8635,
-2627,-14594,10017,
-2778,-14010,10363,
-2515,-14460,9971,
-2778,-14899,9625,
-2757,-15054,9670,
-2809,-15169,9821,
-3047,-14774,9315,
-3079,-14541,8872,
-3111,-14536,8484,
-3372,-14426,8376,
-3354,-14156,8309,
-3452,-13621,8236,
-3621,-13288,8216,
-3725,-13185,8361,
-3735,-12960,8416,
-3767,-12731,8569,
-3748,-12530,8749,
-3688,-12328,8651,
-3766,-12260,8867,
-3889,-12179,8749,
-3848,-12136,8691,
-3923,-12226,8639,
-3941,-12160,8411,
-3990,-12201,8448,
-3854,-12352,8581,
-3890,-12332,8378,
-3938,-12432,8224,
-3854,-12579,8454,
-3880,-12667,8463,
-3770,-12873,8759,
-3725,-12980,8680,
-3795,-13009,8701,
-3774,-13035,8555,
-3788,-13102,8435,
-3801,-13156,8318,
-3747,-13129,8324,
-3756,-13133,8279,
-3830,-13274,8224,
-3782,-13289,8321,
-3807,-13271,8266,
-3836,-13221,8226,
-3897,-13336,8204,
-3999,-13482,8153,
-4243,-13891,7835,
-4303,-14284,7834,
-4348,-14506,7939,
-4431,-14445,8100,
-4556,-14281,7985,
-4594,-13838,8640,
-4735,-13605,8252,
-5004,-13658,8624,
-4632,-13879,8141,
-4712,-14004,8429,
-4841,-13744,8699,
-4859,-13644,8607,
-5040,-13464,7750,
-4908,-14279,8422,
-5055,-14707,8052,
-5233,-14764,7896,
-5053,-14873,7649,
-4944,-14502,7722,
-4994,-14199,7661,
-5298,-14074,7494,
-5163,-13731,7566,
-5290,-13681,7525,
-5382,-13651,7151,
-5752,-14211,7039,
-5702,-14669,7265,
-5708,-15254,6913,
-5617,-15037,7132,
-5478,-14696,7011,
-5477,-13972,7212,
-5500,-13374,7332,
-5733,-13523,7274,
-6239,-13052,7148,
-6773,-12412,7375,
-6613,-12033,7172,
-6229,-11935,7391,
-6240,-12187,7982,
-6141,-12874,8451,
-6331,-13075,8009,
-6313,-13212,7795,
-6365,-13803,8473,
-5936,-13701,8527,
-6183,-14704,9022,
-6375,-15072,8252,
-5986,-14267,8473,
-6026,-15210,8761,
-6167,-13445,6061,
-6353,-13826,9493,
-6550,-13640,8104,
-6739,-14184,7023,
-8312,-8561,1120,
-6865,-14266,14626,
-6171,-15377,6826,
-6772,-14672,5095,
-9629,-13651,4130,
-7515,-13333,12212,
-8273,-11979,12431,
-8602,-11997,9621,
-7228,-8983,12430,
-7222,-11250,9548,
-6884,-11596,9240,
-7377,-10935,8015,
-7600,-11448,8124,
-7088,-12278,8509,
-7807,-12954,8376,
-8156,-13415,7888,
-8110,-13771,8163,
-7485,-14334,9006,
-8341,-13866,8517,
-9226,-12872,7866,
-8453,-13595,8257,
-8612,-12360,8137,
-8657,-11597,7817,
-8498,-11617,7026,
-8298,-12448,7687,
-7959,-12317,7182,
-7568,-11273,7445,
-7932,-10078,7579,
-8108,-10089,7352,
-8016,-11801,7832,
-8258,-12227,7469,
-7976,-12531,8176,
-8181,-12625,8649,
-8470,-13249,8454,
-8757,-13758,7987,
-8987,-14408,7778,
-8790,-10791,9354,
-7937,-9557,6242,
-5339,-7507,5565,
-7382,-13500,4540,
-9272,-14793,5064,
-10729,-14099,6992,
-10175,-10796,-12825,
-9508,-11710,4577,
-9716,-11729,6734,
-9588,-11686,5352,
-10374,-12361,6036,
-9285,-14704,7436,
-9324,-9276,6256,
-7853,-10986,8817,
-8742,-10987,8796,
-9835,-12787,9476,
-9297,-14663,8889,
-9392,-12643,7313,
-7062,-13218,8146,
-8500,-11086,7093,
-7751,-11306,10626,
-8553,-10121,10996,
-7305,-10484,9853,
-7750,-13283,11028,
-8056,-10877,6836,
-6202,-9112,6953,
-11261,-2828,14964,
-10494,918,14237,
-11757,-17056,14612,
-6192,-26527,3354,
-29836,-31644,-24724,
-4696,-18641,14770,
-9377,-9161,15681,
-11119,-9618,10811,
1512,1168,6543,
-7969,-18434,5167,
-4292,-17096,9308,
-6540,-11398,8257,
-6791,-9202,11597,
-8180,-12438,9663,
-5372,-9230,11397,
-3906,-8471,8695,
-18156,-16462,14752,
-1789,-10444,7517,
-79,-8581,12890,
-5137,-9689,10858,
-6637,-7838,9492,
-6965,-10373,10063,
-7258,-11239,12662,
-7472,-10778,12441,
-7464,-11052,11565,
-7789,-11584,10774,
-7975,-10892,10918,
-7378,-10463,10646,
-7277,-10078,11701,
-7874,-10104,11017,
-8187,-10769,11254,
-7772,-11218,11757,
-7522,-10327,11269,
-7067,-9564,11455,
-7241,-10301,11023,
-7130,-9814,11435,
-7472,-10404,11026,
-7520,-10363,11540,
-7565,-10230,11218,
-7876,-9934,9832,
-7191,-9711,10751,
-6927,-9833,11091,
-8059,-10643,11138,
-8442,-10387,10882,
-6612,-10280,13095,
-8116,-10280,15310,
-6477,-8664,6522,
-5622,-6288,14545,
-4564,-4656,11570,
-6394,-1672,15960,
-4817,-8368,6759,
-6856,-10813,15097,
-4964,-8483,14198,
-4951,-7595,12659,
-6104,-7642,12763,
-6356,-7730,12811,
-6131,-7981,13161,
-5875,-8344,13775,
-6058,-8168,13348,
-6582,-8418,13094,
-6871,-8474,12639,
-6972,-8432,12725,
-6804,-8311,12601,
-9898,-11992,12472,
-6216,-8980,15655,
-8341,-11223,11461,
-6481,-9277,13493,
-6419,-9385,13186,
-6971,-10206,13833,
-7132,-10063,13432,
-7059,-10193,13465,
-7147,-9270,12200,
-6596,-9724,13465,
-7259,-8901,13434,
-6604,-8640,12091,
-6373,-8792,14041,
-5467,-8894,13156,
-5649,-8401,12105,
-5825,-8842,12283,
-5927,-8053,12757,
-5528,-7953,13285,
-5394,-7717,13066,
-5093,-7194,12602,
-4426,-6579,13595,
-4761,-7463,12512,
-4910,-8177,13086,
-4613,-8102,13349,
-4587,-8157,13450,
-4481,-7892,13498,
-4752,-8366,13521,
-5046,-8492,13465,
-5628,-8455,15920,
-5378,-8445,14128,
-5588,-8049,14762,
-5796,-7417,13664,
-5858,-6892,13825,
-5232,-6197,12118,
-7404,-2799,14006,
-5770,-8378,12913,
-6007,-7458,12496,
-5732,-7509,13838,
-5488,-7988,13705,
-5442,-8492,13553,
-5351,-8034,13052,
-5496,-7594,14393,
-5393,-7622,13832,
-5320,-6266,13278,
-6345,-7336,14127,
-5850,-7162,14078,
-356,-4411,15839,
1738,-3393,20107,
-11958,-10613,11222,
-2170,-5519,16579,
-5176,-8466,15224,
-6326,-7669,12602,
-2238,-4860,14091,
-7287,-9002,12890,
-4913,-7041,14406,
-4431,-5982,13340,
-4633,-6159,14008,
-4223,-5628,14060,
-4809,-5968,13211,
-4962,-6338,13598,
-4654,-4983,13629,
-4781,-5502,13791,
-4698,-5861,13838,
-5032,-6011,14093,
-4803,-6120,14489,
-4491,-6083,14974,
-4666,-6163,14606,
-4125,-5981,14102,
-4295,-6224,14516,
-3832,-5854,15112,
-3178,-6074,14744,
-3243,-5757,14814,
-3365,-5678,14250,
-2690,-5203,14768,
-2624,-5536,14760,
-3024,-5953,14672,
-2977,-6107,13792,
-3123,-5174,15114,
-2671,-5521,13891,
-2889,-5744,14744,
-2930,-5355,15692,
-3517,-5744,14039,
-3592,-6174,13859,
-3812,-6731,13723,
-3466,-6360,14221,
-3320,-6559,15389,
-2653,-6923,14326,
-2627,-7377,14958,
-2238,-6494,14768,
-2478,-7093,15957,
-3676,-7835,14389,
-3323,-7141,14843,
-3423,-7525,14748,
-3885,-8093,11322,
-3693,-7276,13302,
-3954,-10703,13074,
-2831,-4534,13219,
-3642,-6244,15620,
-2599,-6609,14089,
-2898,-7999,16248,
-2661,-8431,16058,
-2668,-8312,15317,
-2858,-8052,14829,
-2743,-7824,14860,
-3284,-5833,13890,
-3117,-6474,14454,
-2827,-6669,14516,
-2243,-6401,14286,
-2787,-7696,15221,
-2579,-6800,12645,
-2500,-7447,16646,
-2240,-7777,17073,
-2061,-7893,16234,
-2070,-6780,15714,
-2053,-6278,15342,
-2367,-5794,15426,
-2313,-5083,15018,
-2266,-4932,15359,
-2375,-4577,15266,
-2391,-4808,15028,
-1906,-4493,15271,
-2414,-5123,14741,
-2193,-4853,16119,
-2298,-5255,15435,
-2166,-5558,15977,
-1767,-5495,15794,
-1816,-5246,15613,
-1658,-4085,15769,
-2154,-4467,15555,
-2027,-4443,15293,
-1264,-3021,15320,
-1852,-3911,15424,
-1846,-3613,15784,
-1449,-3305,15431,
-2977,-2511,15800,
16993,-4359,3995,
-3158,-5262,15051,
-2277,-4481,16476,
-1712,-4429,16648,
-2109,-4630,16299,
-1387,-3258,15849,
-1426,-3265,15495,
-1637,-3438,15571,
-1822,-3256,15063,
-2191,-3432,14661,
-2860,-3317,14582,
-2372,-2799,14703,
-3011,-3299,14659,
-3622,-4330,15288,
-3750,-3858,14764,
985,-7301,15899,
-3862,-5204,15639,
-2938,-5135,17052,
-2382,-4179,16699,
-2880,-4655,16037,
-2531,-3971,16425,
-1169,-3052,16663,
-1400,-3223,16054,
-1506,-2918,15783,
-1427,-1732,15487,
-2518,-2281,15234,
-4078,-3674,14984,
-3010,-2852,15178,
-2368,-2585,15165,
-1914,-2278,15803,
-1980,-2328,15570,
-2111,-2153,15979,
-2176,-2723,15761,
-1436,-2364,15517,
-1215,-2072,16603,
-1333,-2575,16473,
-1302,-2769,16737,
-1202,-2778,16373,
-1257,-2526,16425,
-1662,-2205,16255,
-3418,-3195,15681,
-5308,-4089,16101,
-4684,-3288,15425,
-2680,-3799,15205,
-2678,-4514,16041,
-1230,-2630,15814,
-3983,-6425,14371,
-3145,-5425,16128,
-3174,-5940,16359,
-3020,-5308,15705,
-2973,-4761,15500,
-2593,-4930,15753,
-2691,-5234,15560,
-2749,-4687,15487,
-2439,-4999,15216,
-2671,-5709,15363,
-2858,-5690,15260,
-2761,-6193,14567,
-2888,-5928,14104,
-2914,-8221,11186,
-3547,-16152,1700,
-2505,11291,32764,
-3144,-4756,10877,
-2575,-4066,14745,
-2291,-7565,14258,
-4784,-13334,8756,
-4384,-2096,21865,
-4475,-3436,15543,
-3352,-3752,16263,
-2911,-4170,16472,
-2361,-6005,15242,
-2747,-7150,15590,
-2376,-7735,14747,
-3189,-8395,13537,
-2684,-7000,15083,
-3052,-6945,14312,
-3200,-7637,13536,
-3430,-7513,14340,
-3532,-7171,14986,
-3315,-7032,13445,
-3075,-5956,14362,
-3676,-6669,15199,
-3405,-6641,18772,
-2857,-7279,15214,
-3169,-7344,16135,
-3118,-7134,14338,
-3431,-8184,13882,
-3718,-8135,15409,
-3295,-8943,14254,
-3518,-8921,14346,
-3338,-8364,14142,
-3207,-7853,14499,
-3058,-7670,14608,
-3180,-7588,14823,
-3288,-7689,15096,
-3354,-7583,15391,
-3182,-7312,15246,
-2987,-7315,14813,
-3838,-7528,14585,
-3598,-7330,14419,
-3999,-7687,14738,
-4644,-7396,14417,
-4336,-7360,14032,
-3826,-7916,13868,
-3491,-7711,14100,
-3692,-8126,14029,
-3460,-8309,13806,
-3493,-7861,13809,
-3672,-7502,13643,
-3576,-7367,13605,
-3506,-7089,13867,
-3708,-7186,13942,
-3628,-7234,14148,
-3581,-7459,14027,
-3855,-9028,13289,
-3771,-7067,15194,
-3920,-7359,14223,
-4202,-7824,13077,
-3999,-6731,14915,
-3933,-7214,14408,
-2744,-7494,16494,
-4580,-8180,13498,
-4290,-8231,14041,
-4172,-6983,16773,
-4255,-8214,13745,
-3858,-9496,12869,
-4133,-6764,16128,
-3501,-7808,14442,
-2439,-8930,15832,
1999,-8979,20240,
-2113,-4235,23757,
-6132,-5627,11710,
-5237,-7437,11411,
-4909,-7704,13228,
-5963,-6790,-7174,
-4469,-6237,10193,
-4515,-2857,12236,
-4475,-4685,13891,
-5465,-4841,12838,
-6075,-6636,12299,
-6097,-7044,11984,
-6416,-6599,13164,
-5672,-6181,13307,
-5311,-6302,13655,
-4789,-6717,13177,
-4700,-6115,13232,
-4298,-5685,13262,
-4231,-6317,13526,
-4277,-6102,14060,
-4202,-6838,14608,
-4065,-7481,14526,
-4047,-6770,14415,
-4171,-6472,14122,
-4076,-6484,14093,
-4182,-6386,14668,
-4179,-6741,14964,
-5710,-14055,17610,
-4837,-7557,14323,
-4757,-7937,14909,
-4924,-8234,13799,
-4749,-6452,14594,
-4889,-7391,14336,
-4319,-6120,13972,
-4146,-4649,15234,
-4612,-5618,14524,
-5308,-6246,13104,
-5146,-5891,13967,
-4790,-6030,14605,
-4824,-6474,14618,
-4866,-6943,14321,
-5132,-7435,14269,
-5320,-7266,14346,
-5221,-7568,13847,
-5271,-7675,13777,
-5162,-7375,13682,
-5054,-7363,13603,
-4732,-7316,13577,
-4976,-7516,13659,
-5254,-7442,13771,
-5946,-8892,12902,
-1207,-1489,17133,
-6598,-9420,12280,
-5886,-7173,13213,
-5747,-7395,13593,
-5160,-7501,12982,
-5199,-7208,13043,
-5216,-6843,13392,
-5426,-6855,13298,
-5322,-6975,13351,
-5382,-7099,13745,
-5382,-7546,13526,
-5586,-7674,13692,
-5794,-7557,13323,
-5908,-7686,13423,
-6046,-7589,13510,
-6089,-7773,13601,
-6182,-7895,13541,
-5884,-7680,13230,
-5801,-7555,13632,
-5837,-7755,14082,
-5752,-7601,13638,
-6100,-6745,12557,
-5882,-7360,13500,
-5640,-7595,13355,
-5621,-7762,13733,
-5698,-7921,13382,
-5636,-7770,13528,
-5535,-7802,13240,
-5611,-7481,13312,
-5618,-7323,13067,
-5743,-7110,13064,
-5727,-7431,12742,
-5780,-7703,12943,
-5925,-7897,12926,
-6122,-7960,13003,
-6189,-7992,13052,
-6316,-8047,12850,
-6330,-8068,13154,
-6392,-8145,13176,
-6366,-8319,13183,
-6131,-8174,13589,
-5634,-7651,13341,
-5251,-7500,13187,
-5448,-7756,12749,
-5679,-8057,12899,
-5709,-8198,12448,
-5740,-8279,12552,
-5763,-8307,12163,
-6072,-8097,12352,
-6094,-8275,12589,
-5978,-8334,12719,
-5910,-8332,12957,
-5996,-8408,13201,
-6033,-8718,13325,
-6028,-9030,13336,
-5999,-9195,13176,
-6007,-9300,12989,
-5904,-9363,12708,
-5983,-9408,12499,
-5717,-9118,12479,
-5801,-9085,12261,
-5731,-8896,12071,
-4828,-7276,11395,
-5597,-9612,12799,
-6095,-9112,12960,
-6105,-9047,12471,
-6119,-8691,12244,
-5773,-8633,12862,
-79,-20708,32764,
-7157,-7374,14523,
-6725,-6289,6568,
-5604,-6538,11843,
-5773,-7242,12766,
-6121,-6975,14574,
-6455,-7337,13588,
-6583,-7799,12773,
-6372,-8001,13124,
-6171,-8103,13922,
-6156,-8331,13946,
-6281,-8645,13702,
-6338,-8861,13384,
-6397,-8777,13182,
-6057,-8352,13619,
-5656,-8110,13916,
-5712,-8017,13836,
-5734,-8108,13889,
-5768,-7933,14203,
-5696,-7579,14127,
-5688,-7476,13987,
-5469,-7354,13858,
-5425,-7388,13871,
-5520,-7637,13690,
-5683,-7758,13479,
-5922,-8150,12931,
-4907,-7706,12730,
-5987,-8046,12259,
-6224,-8416,12487,
-6529,-8344,12678,
-6629,-8355,12835,
-6441,-8280,12870,
-6153,-7833,13050,
-6114,-7581,13187,
-5992,-7534,13473,
-5686,-7163,13674,
-5345,-6841,13685,
-5019,-6649,14101,
-4914,-6377,14269,
-4878,-6736,13995,
-1618,-6237,18355,
-7193,-5308,11640,
-4751,-8931,15697,
-5954,-7195,13050,
-5890,-8416,14141,
-5998,-8080,13957,
-6207,-8129,13182,
-6410,-8454,13222,
-6230,-8206,13730,
-6150,-8329,13501,
-5808,-7873,13436,
-5718,-7598,13676,
-5472,-7532,14120,
-5076,-7054,13929,
-4842,-6856,14222,
-4531,-6440,14008,
-4369,-6128,14012,
-4667,-6591,14220,
-5108,-6887,14146,
-5795,-7293,13998,
-6078,-7525,13614,
-6601,-8773,13869,
-6277,-7579,13091,
-6142,-8359,12797,
-5688,-8264,13528,
-6193,-8741,13073,
-5700,-8529,13302,
-5083,-8183,13247,
-5031,-8164,13627,
-5115,-8396,13695,
-4999,-8006,14503,
-4419,-7020,14909,
-2759,-5833,20155,
-4920,-6247,14568,
-3969,-7873,15868,
-11211,-14241,16302,
9311,9872,22637,
-3531,-12582,18183,
-6082,-10637,15970,
-5565,-5084,11543,
-2294,-9014,17025,
-3949,-7802,15361,
-4517,-7523,14348,
-4686,-8129,14015,
-5266,-7754,13155,
-5184,-7662,12471,
-4721,-7249,13172,
-4506,-6874,13365,
-4661,-7427,13219,
-4761,-8031,13061,
-4831,-8193,13058,
-5089,-8407,12886,
-5023,-8142,12811,
-4963,-8687,13874,
-5065,-9045,13659,
-5023,-9136,13342,
-5034,-9082,13183,
-4974,-8783,13234,
-4945,-8881,13161,
-4838,-8722,13183,
-4703,-8278,13160,
-4481,-8087,12970,
-4421,-8172,12827,
-4483,-8197,12903,
-4702,-8528,12530,
-4892,-8481,11963,
-4786,-8235,12260,
-5331,-10466,12787,
-5147,-8873,12344,
-5252,-9026,12644,
-5086,-9185,12799,
-5100,-9224,13025,
-5157,-9411,12991,
-5123,-9593,12905,
-5289,-9776,12689,
-5243,-9653,12677,
-5029,-9634,12811,
-5005,-10019,12547,
-5062,-9581,12620,
-4882,-9654,12314,
-4855,-9695,12350,
-4679,-9959,12487,
-4748,-10719,12075,
-4292,-10342,13338,
-4916,-10088,11657,
-4753,-10108,11379,
-4815,-10144,11617,
-4824,-9960,11889,
-4839,-10400,11893,
-4849,-10173,12290,
-4775,-10260,12385,
-4747,-10315,12411,
-4828,-10313,12453,
-4730,-10518,12506,
-4622,-10646,12404,
-4528,-10520,12229,
-4633,-10533,11996,
-4429,-10370,11554,
-4214,-10057,11240,
-4496,-10028,10660,
-6739,-14812,5777,
-7571,-12236,6532,
-4872,-10342,12475,
-4847,-10142,10573,
-4843,-10875,8976,
-3974,-11400,-1186,
-7133,-10552,8719,
-4175,-12763,12016,
-4794,-11466,11237,
-4790,-11656,11789,
-4986,-12124,10721,
-4683,-11825,10052,
-4111,-11028,10254,
-4201,-10749,9826,
-4268,-10796,8944,
-5009,-11617,8771,
-5363,-12600,8634,
-5503,-13195,9280,
-5987,-13532,9633,
-5187,-14098,10639,
-5353,-14081,10416,
-5108,-14251,11021,
-5037,-14253,10736,
-4838,-12774,9280,
-4910,-12821,8883,
-4518,-12616,9283,
-4522,-12655,9628,
-5522,-12819,7386,
-4792,-13678,9413,
-4955,-12848,10020,
-4808,-13208,11267,
-5113,-13024,9677,
-4879,-12367,6595,
-3506,-12617,9989,
-4074,-12253,11031,
-4566,-12627,10114,
-8883,-12528,6312,
-5713,-14678,7314,
-3348,-12880,10426,
-5969,-11538,8701,
-2781,-11399,9341,
-4131,-11063,8950,
-4580,-11426,9469,
-4236,-11699,9334,
-4598,-11122,9105,
-4275,-10912,9639,
-4462,-10950,9531,
-5046,-11175,9032,
-5428,-11708,8797,
-5983,-12286,7014,
-5336,-12503,9460,
-4990,-12675,9703,
-4649,-12800,9799,
-4345,-12772,10186,
-4291,-12780,10303,
-3946,-12622,10295,
-3988,-12573,10130,
-4112,-12608,10143,
-4024,-12366,10164,
-3871,-12056,9997,
-3808,-11981,9970,
-3836,-12009,9829,
-4000,-12046,9906,
-4239,-12541,10361,
-5072,-12152,10397,
-5251,-12265,10390,
-5128,-12096,10320,
-5338,-12240,10156,
-5711,-12062,10253,
-5696,-12181,10435,
-5398,-12511,10666,
-5340,-12448,10828,
-5253,-12076,10922,
-5270,-11773,11299,
-5227,-11680,11430,
-5168,-11774,11508,
-4995,-11666,11527,
-4977,-11753,11407,
-4722,-11678,11358,
-4536,-11462,11077,
-4543,-11231,10796,
-4694,-11193,10571,
-4444,-11037,10412,
-4587,-11255,10361,
-4698,-11345,10118,
-4721,-11450,10029,
-4610,-11475,9868,
-4481,-11587,10241,
-4475,-11685,10159,
-4198,-11413,10281,
-4046,-11554,10388,
-3923,-11621,10507,
-3996,-11592,10691,
-2517,-12074,11591,
-3767,-12105,10746,
-4108,-12128,10901,
-4275,-12034,10549,
-3647,-11344,10579,
-4049,-11715,10389,
-3842,-11795,10373,
-3827,-11883,10348,
-3923,-11934,10145,
-4068,-12177,9938,
-4237,-12417,9685,
-4313,-12514,9613,
-4228,-12555,9520,
-4093,-12455,9636,
-3994,-12673,9820,
-4003,-12818,9940,
-3732,-12795,10066,
-3689,-12861,10373,
-3827,-13046,10485,
-3740,-12864,10905,
-3657,-12658,11088,
-3639,-12379,11253,
-3725,-12120,11294,
-3864,-12032,11412,
-3964,-11767,11173,
-4321,-11823,10545,
-4478,-11894,10436,
-4690,-11166,8580,
-4594,-12136,10869,
-4727,-11862,11766,
-4675,-11488,10931,
-4486,-11388,10363,
-4599,-11383,10688,
-4421,-11449,10888,
-4522,-11397,11082,
-4478,-11058,11270,
-3816,-10915,11246,
-3969,-10960,11247,
-4093,-11023,11245,
-4092,-11130,11404,
-3963,-11012,11355,
-3753,-10902,11271,
-4106,-11140,11231,
-4244,-11111,10746,
-4349,-12417,10051,
-4452,-11671,12553,
-4858,-11746,11743,
-4509,-11312,10389,
-4398,-11146,10105,
-4427,-11356,9925,
-4383,-11654,10225,
-4410,-11733,10546,
-4250,-11869,10959,
-4019,-11731,10498,
-3729,-11809,10739,
-3758,-11736,10851,
-2639,-10949,16009,
-3715,-10949,10969,
-3605,-11723,10373,
-3639,-11874,11142,
-3905,-11994,11176,
-3573,-11748,11347,
-3466,-11808,11222,
-6873,-13792,3670,
-3061,-8083,11481,
-1231,-10923,-8817,
-8082,-18413,25189,
601,-11569,8183,
2930,-2995,8582,
-4586,-12055,15892,
-3346,-8923,16878,
-3825,-6054,27230,
-1983,-4712,1758,
-2263,-11826,9160,
-4489,-11275,13365,
-4762,-10102,10760,
-4261,-10412,11702,
-3878,-11255,12376,
-4142,-11103,12307,
-4151,-11239,12058,
-3948,-11399,12286,
-4723,-11965,12817,
-3977,-11327,12456,
-2968,-10273,11631,
-4025,-11815,12000,
-3890,-10779,11530,
-4215,-10484,10708,
-4413,-10513,10579,
-4396,-11221,11041,
-4263,-11548,10988,
-4373,-11649,10938,
-4371,-11772,11160,
-4420,-11938,11220,
-4438,-12044,10991,
-4394,-11934,10958,
-4641,-11972,10989,
-4654,-11735,10736,
-4715,-11640,10550,
-5058,-11843,10521,
-3914,-11178,10335,
-3652,-10862,10084,
-4757,-11766,10581,
-4551,-11668,10932,
-4624,-11873,10898,
-4538,-11999,10865,
-4519,-11868,10683,
-4485,-11578,10693,
-4360,-11403,10642,
-4287,-11245,10626,
-4042,-11083,10640,
-4147,-11049,10762,
-4197,-10996,10809,
-4031,-11091,10960,
-4093,-11152,11012,
-4327,-11360,11142,
-4464,-11418,10995,
-4513,-11560,11006,
-4088,-11649,12604,
-4729,-11622,9671,
-4462,-12207,10372,
-4420,-12031,10991,
-4282,-12171,11220,
-4081,-12018,11499,
-4073,-11706,11444,
-4069,-11632,11193,
-4024,-11618,11349,
-3939,-11686,11446,
-3907,-11613,11341,
-3936,-11499,11335,
-3846,-11334,11347,
-3848,-11101,11308,
-3736,-11120,11339,
-3733,-11095,11228,
-3761,-11178,11213,
-3816,-12073,10930,
-3656,-12402,10822,
-3488,-12002,10779,
-3727,-12120,10669,
-3783,-12224,10453,
-3521,-11688,10443,
-3370,-11217,10343,
-3291,-10611,10389,
-3512,-10714,10409,
-3802,-10633,10358,
-3686,-10507,10450,
-3477,-10853,10681,
-3776,-11556,10833,
-3594,-12088,10777,
-3637,-12030,10914,
-3558,-12283,11103,
-3688,-12581,11204,
-3639,-12384,11115,
-2240,-12037,11400,
-2803,-12207,11295,
-3031,-12748,11462,
-3018,-12861,11731,
-3145,-12773,11634,
-3200,-12627,11610,
-3104,-12115,11486,
-1990,-11353,11808,
-3196,-12176,10105,
-2822,-12507,11218,
-2314,-11467,11644,
-2559,-11634,11404,
-2170,-10794,11514,
-2763,-11750,11335,
-3788,-13690,9385,
-3892,-14155,9648,
-3569,-13173,11004,
-3778,-13255,11160,
-5479,-13576,10493,
-4081,-13796,11833,
-5256,-13089,11445,
-2816,-10752,12121,
-3756,-10730,11345,
-3795,-11085,10130,
-3278,-11252,10538,
-2864,-10665,10473,
-2675,-10630,10908,
-2630,-11016,11108,
-2838,-11667,11117,
-2668,-12037,11338,
-2732,-12216,11506,
-2716,-12100,11296,
-2685,-11777,10833,
-2661,-11817,10610,
-2645,-11795,10275,
-2446,-11921,10085,
-2207,-11784,9834,
-2150,-11852,9770,
-2050,-11812,9877,
-1927,-11779,10060,
-1722,-11723,10163,
-1443,-11207,10677,
-1838,-11421,10063,
-1698,-11118,10343,
-1568,-11057,10917,
-1748,-11629,10641,
-1791,-11701,10059,
-1530,-12182,10333,
-1250,-12553,10734,
-1407,-12867,10316,
-1558,-13048,9944,
-1693,-13129,9724,
-1740,-13203,9430,
-1751,-13432,9439,
-1651,-13706,9669,
-1692,-13885,9842,
-1595,-14054,10664,
-1457,-14072,10582,
-1459,-14125,10784,
-1403,-14095,10809,
-1416,-14031,10635,
-1528,-14161,10681,
-1530,-14021,10613,
-1634,-14111,10106,
-2112,-14509,9211,
-2286,-14391,9226,
-2146,-13653,9526,
-2082,-12274,9220,
-2149,-12509,10671,
-2115,-12210,10919,
-2291,-11867,11164,
-2386,-11922,11529,
-2679,-11981,11180,
-2741,-11748,11534,
-2940,-11221,11504,
-2919,-11396,11396,
-2994,-11836,11260,
-3222,-12146,10149,
-3111,-12356,9539,
-2909,-12042,9811,
-3187,-12234,10124,
-3269,-12531,9561,
-3222,-12590,9514,
-3260,-12587,9110,
-3227,-12198,9024,
-3058,-12788,9018,
-3100,-12966,9638,
-3254,-13377,9383,
-3145,-13487,9689,
-2937,-13739,9519,
-2696,-13725,9685,
-2551,-13387,8179,
-2408,-13484,9327,
-2153,-13682,9607,
-2169,-13807,9619,
-1874,-13373,11024,
-1819,-13222,9415,
-1941,-13642,9401,
-1942,-13717,9219,
-1684,-13675,9078,
-1514,-13726,9521,
-1484,-13888,9489,
-1518,-13983,9576,
-1480,-14124,9654,
-1284,-14081,9650,
-1203,-13973,9608,
-1299,-13713,9593,
-1290,-13754,9619,
-1332,-13784,9638,
-1293,-13887,9604,
-1306,-13884,9615,
-1522,-13687,9594,
-1438,-13202,9722,
-1451,-13369,9650,
-1635,-13552,9634,
-1723,-13389,9669,
-1555,-12860,10064,
-1822,-12648,9965,
-1786,-12257,9968,
-2062,-12168,9997,
-2126,-12193,10239,
-2160,-12414,10409,
-2379,-12592,10433,
-2484,-12608,10536,
-2341,-12448,10636,
-2435,-12699,10594,
-2256,-12604,10570,
-2352,-12812,10294,
-2270,-12936,10121,
-2246,-12814,10183,
-2071,-12811,10199,
-2103,-12863,10024,
-1999,-12787,9823,
-2028,-13000,9722,
-2052,-12992,9891,
-2201,-13179,9836,
-2304,-13319,9873,
-2633,-13336,9544,
-2723,-13080,9486,
-1154,-12699,10719,
-3383,-13313,8830,
-2995,-13309,9789,
-2996,-13779,9557,
-2738,-13699,9732,
-3030,-14921,9042,
-2588,-12744,9545,
-2623,-13006,9775,
-2495,-12598,9705,
-2110,-12566,9848,
-1993,-12890,9637,
-1918,-13090,9530,
-1926,-13149,9625,
-1834,-13148,9609,
-1659,-12766,9583,
-1551,-13298,9561,
-1709,-13589,9388,
-1742,-13762,9382,
-1801,-13444,9335,
-1771,-13393,9363,
-1801,-13256,9413,
-1852,-13462,9396,
-1976,-13595,9373,
-2023,-13619,9351,
-2086,-13419,9363,
-1918,-13504,9126,
-1805,-13670,9358,
-1799,-13536,9474,
-1739,-13361,10279,
-2060,-13465,9249,
-1825,-13232,10094,
-1963,-13341,10041,
-1971,-13317,10034,
-2236,-13298,9830,
-2176,-13211,9813,
-2100,-13039,9944,
-2080,-12814,10025,
-2029,-12828,10020,
-2025,-12845,9963,
-1949,-12958,9936,
-1876,-13220,9888,
-1902,-13518,9632,
-2051,-13434,9585,
-2015,-13451,9565,
-2038,-13293,9498,
-2079,-13363,9528,
-2134,-13471,9277,
-2127,-13512,9313,
-2227,-13508,9372,
-2257,-13234,9376,
-2296,-13028,9422,
-2260,-12827,9422,
-2044,-12384,9080,
-2219,-12662,9507,
-2077,-12475,9664,
-1847,-12533,9607,
-1889,-12566,9582,
-1904,-12644,9309,
-1920,-13002,9535,
-2033,-13283,9585,
-1856,-12898,9714,
-1969,-13144,9674,
-1617,-12923,9845,
-1575,-12916,9853,
-1815,-13105,9729,
-1597,-12966,9804,
-1909,-12994,9579,
